unix_ns 1788873166094222108
/proc/loadavg
2.36 2.11 1.61 1/2107 164

/proc/stat
cpu  115986020 83897 3612899 11542954433 184938587 870234 1376883 0 0 0
cpu0 41121985 44 84104 448352284 3974055 71865 139282 0 0 0
cpu1 6997208 37155 719170 460883217 24655901 113580 154693 0 0 0
cpu2 5031130 303 157445 475285695 13210759 38583 27113 0 0 0
cpu3 4625664 97 86001 480312452 8702099 25266 14943 0 0 0
cpu4 5023885 1299 228290 471936957 16402629 49679 42953 0 0 0
cpu5 4966977 55 84598 480419073 8247700 27604 14742 0 0 0
cpu6 4819523 70 61133 484286604 4565113 22329 22776 0 0 0
cpu7 10193968 22039 631021 460859892 21779950 101871 70686 0 0 0
cpu8 4964187 125 110737 478723001 9881761 37321 36186 0 0 0
cpu9 4864306 55 66304 483893119 4909612 23404 16966 0 0 0
cpu10 4854712 38 62963 485461777 3306344 23768 70666 0 0 0
cpu11 4600486 519 193533 477081552 11672144 54765 95195 0 0 0
cpu12 1604669 15 45489 487753889 4340932 13622 19382 0 0 0
cpu13 2027423 10613 343216 484197735 7078606 32332 21951 0 0 0
cpu14 692953 221 51849 487976551 5012672 13206 12678 0 0 0
cpu15 926005 56 43125 488831136 3971984 9316 7121 0 0 0
cpu16 945628 283 51150 489508690 3264685 9574 5923 0 0 0
cpu17 569219 93 52580 489715817 3238046 42191 147020 0 0 0
cpu18 692395 30 57268 489466967 3440577 22292 99509 0 0 0
cpu19 3315998 10053 247665 482487385 7560042 46362 38378 0 0 0
cpu20 600044 202 52780 488262339 4708933 32863 55651 0 0 0
cpu21 646365 131 73948 488740738 4003784 39353 249370 0 0 0
cpu22 636861 69 56776 489769972 3305013 8945 7931 0 0 0
cpu23 1264416 320 51744 488747579 3705235 10132 5756 0 0 0
intr 3709331614 22 0 0 0 0 0 0 0 0 0 0 0 0 0 0 0 8 0 0 0 0 0 0 0 0 0 0 0 1 0 1 1 1 1 0 0 0 0 37 0 0 0 0 0 0 0 0 0 0 0 0 0 0 0 0 0 0 0 0 0 0 0 0 0 2865 1 165566347 157983480 162437176 382054694 61824 649630 103571 70272 166001 144699 50322 462453 79643 48243 33143 115753 39279 214698 54536 42616 52656 36793 39573 508283 130774 64797 38077 37844 29654 0 0 0 0 0 0 2 0 2 2 2 2 2 2 35 2 207 2 0 0 0 0 0 0 0 0 0 0 0 0 0 0 0 0 0 0 0 0 0 0 0 0 0 0 0 0 0 0 0 0 0 0 0 0 0 0 0 0 0 0 0 0 0 0 0 0 0 0 0 0 0 0 0 0 0 0 0 0 0 0 0 0 0 0 0 0 0 0 0 0 0 0 0 0 0 0 0 0 0 0 0 0 0 0 0 0 0 0 0 0 0 0 0 0 0 0 0 0 0 0 0 0 0 0 0 0 0 0 0 0 0 0 0 0 0 0 0 0 0 0 0 0 0 0 0 0 0 0 0 0 0 0 0 0 0 0 0 0 0 0 0 0 0 0 0 0 0 0 0 0 0 0 0 0 0 0 0 0 0 0 0 0 0 0 0 0 0 0 0 0 0 0 0 0 0 0 0 0 0 0 0 0 0 0 0 0 0 0 0 0 0 0 0 0 0 0 0 0 0 0 0 0 0 0 0 0 0 0 0 0 0 0 0 0 0 0 0 0 0 0 0 0 0 0 0 0 0 0 0 0 0 0 0 0 0 0 0 0 0 0 0 0 0 0 0 0 0 0 0 0 0 0 0 0 0 0 0 0 0 0 0 0 0 0 0 0 0 0 0 0 0 0 0 0 0 0 0 0 0 0 0 0 0 0 0 0 0 0 0 0 0 0 0 0 0 0 0 0 0 0 0 0 0 0 0 0 0 0 0 0 0 0 0 0 0 0 0 0 0 0 0 0 0 0 0 0 0 0 0 0 0 0 0 0 0 0 0 0 0 0 0 0 0 0 0 0 0 0 0 0 0 0 0 0 0 0 0 0 0 0 0 0 0 0 0 0 0 0 0 0 0 0 0 0 0 0 0 0 0 0 0 0 0 0 0 0 0 0 0 0 0 0 0 0 0 0 0 0 0 0 0 0 0 0 0 0 0 0 0 0 0 0 0 0 0 0 0 0 0 0 0 0 0 0 0 0 0 0 0 0 0 0 0 0 0 0 0 0 0 0 0 0 0 0 0 0 0 0 0 0 0 0 0 0 0 0 0 0 0 0 0 0 0 0 0 0 0 0 0 0 0 0 0 0 0 0 0 0 0 0 0 0 0 0 0 0 0 0 0 0 0 0 0 0 0 0 0 0 0 0 0 0 0 0 0 0 0 0 0 0 0 0 0 0 0 0 0 0 0 0 0 0 0 0 0 0 0 0 0 0 0 0 0 0 0 0 0 0 0 0 0 0 0 0 0 0 0 0 0 0 0 0 0 0 0 0 0 0 0 0 0 0 0 0 0 0 0 0 0 0 0 0 0 0 0 0 0 0 0 0 0 0 0 0 0 0 0 0 0 0 0 0 0 0 0 0 0 0 0 0 0 0 0 0 0 0 0 0 0 0 0 0 0 0 0 0 0 0 0 0 0 0 0 0 0 0 0 0 0 0 0 0 0 0 0 0 0 0 0 0 0 0 0 0 0 0 0 0 0 0 0 0 0 0 0 0 0 0 0 0 0 0 0 0 0 0 0 0 0 0 0 0 0 0 0 0 0 0 0 0 0 0 0 0 0 0 0 0 0 0 0 0 0 0 0 0 0 0 0 0 0 0 0 0 0 0 0 0 0 0 0 0 0 0 0 0 0 0 0 0 0 0 0 0 0 0 0 0 0 0 0 0 0 0 0 0 0 0 0 0 0 0 0 0 0 0 0 0 0 0 0 0 0 0 0 0 0 0 0 0 0 0 0 0 0 0 0 0 0 0 0 0 0 0 0 0 0 0 0 0 0 0 0 0 0 0 0 0 0 0 0 0 0 0 0 0 0 0 0 0 0 0 0 0 0 0 0 0 0 0 0 0 0 0 0 0 0 0 0 0 0 0 0 0 0 0 0 0 0 0 0 0 0 0 0 0 0 0 0 0 0 0 0 0 0 0 0 0 0 0 0 0 0 0 0 0 0 0 0 0 0 0 0 0 0 0 0 0 0 0 0 0 0 0 0 0 0 0 0 0 0 0 0 0 0 0 0 0 0 0 0 0 0 0 0 0 0 0 0 0 0 0 0 0 0 0 0 0 0 0 0 0 0 0 0 0 0 0 0 0 0 0 0 0 0 0 0 0 0 0 0 0 0 0 0 0 0 0 0 0 0 0 0 0 0 0 0 0 0 0 0 0 0 0 0 0 0 0 0 0 0 0 0 0 0 0 0 0 0 0 0 0 0 0 0 0 0 0 0 0 0 0 0 0 0 0 0 0 0 0 0 0 0 0 0 0 0 0 0 0 0 0 0 0 0 0 0 0 0 0 0 0 0 0 0 0 0 0 0 0 0 0 0 0 0 0 0 0 0 0 0 0 0 0 0 0 0 0 0 0 0 0 0 0 0
ctxt 3729789400
btime 1783935075
processes 5333877
procs_running 2
procs_blocked 0
softirq 2823985878 204 316124712 1630042 893006075 32768 0 7326212 906459200 256532 699150133

/proc/meminfo
MemTotal:       32273192 kB
MemFree:         4264868 kB
MemAvailable:   28015488 kB
Buffers:               0 kB
Cached:         21381468 kB
SwapCached:        21664 kB
Active:         22900280 kB
Inactive:         393200 kB
Active(anon):    2112532 kB
Inactive(anon):   134240 kB
Active(file):   20787748 kB
Inactive(file):   258960 kB
Unevictable:           0 kB
Mlocked:               0 kB
SwapTotal:      67108860 kB
SwapFree:       63595004 kB
Zswap:                 0 kB
Zswapped:              0 kB
Dirty:              1000 kB
Writeback:             4 kB
AnonPages:       1864500 kB
Mapped:           401244 kB
Shmem:            335964 kB
KReclaimable:    3181324 kB
Slab:            3808328 kB
SReclaimable:    3181324 kB
SUnreclaim:       627004 kB
KernelStack:       34096 kB
PageTables:        34080 kB
SecPageTables:      4112 kB
NFS_Unstable:          0 kB
Bounce:                0 kB
WritebackTmp:          0 kB
CommitLimit:    83245456 kB
Committed_AS:   12204164 kB
VmallocTotal:   34359738367 kB
VmallocUsed:      229788 kB
VmallocChunk:          0 kB
Percpu:            21216 kB
HardwareCorrupted:     0 kB
AnonHugePages:   1081344 kB
ShmemHugePages:        0 kB
ShmemPmdMapped:        0 kB
FileHugePages:         0 kB
FilePmdMapped:         0 kB
CmaTotal:              0 kB
CmaFree:               0 kB
Unaccepted:            0 kB
HugePages_Total:       0
HugePages_Free:        0
HugePages_Rsvd:        0
HugePages_Surp:        0
Hugepagesize:       2048 kB
Hugetlb:               0 kB
DirectMap4k:      389980 kB
DirectMap2M:     5574656 kB
DirectMap1G:    27262976 kB

/sys/devices/system/cpu/cpu2/cpufreq/scaling_cur_freq 1199606

/sys/devices/system/cpu/cpu3/cpufreq/scaling_cur_freq 1200000

/sys/devices/system/cpu/cpu4/cpufreq/scaling_cur_freq 1200000

/sys/devices/system/cpu/cpu5/cpufreq/scaling_cur_freq 1202609

/sys/devices/system/cpu/cpu6/cpufreq/scaling_cur_freq 1200000

/sys/devices/system/cpu/cpu7/cpufreq/scaling_cur_freq 1200000

/sys/devices/system/cpu/cpu8/cpufreq/scaling_cur_freq 1200000

/sys/devices/system/cpu/cpu9/cpufreq/scaling_cur_freq 1200000

