unix_ns 1788873155961897397
/proc/loadavg
2.43 2.11 1.61 1/2108 163

/proc/stat
cpu  115984991 83897 3612891 11542931181 184938569 870231 1376876 0 0 0
cpu0 41121984 44 84104 448351279 3974053 71864 139278 0 0 0
cpu1 6997201 37155 719169 460882215 24655898 113580 154693 0 0 0
cpu2 5030121 303 157445 475285694 13210759 38581 27113 0 0 0
cpu3 4625664 97 86001 480311439 8702099 25266 14943 0 0 0
cpu4 5023885 1299 228290 471935944 16402629 49679 42953 0 0 0
cpu5 4966977 55 84597 480418060 8247700 27604 14742 0 0 0
cpu6 4819523 70 61133 484285591 4565113 22329 22776 0 0 0
cpu7 10193967 22039 631021 460858883 21779947 101871 70686 0 0 0
cpu8 4964186 125 110737 478721994 9881755 37321 36186 0 0 0
cpu9 4864306 55 66304 483892106 4909612 23404 16966 0 0 0
cpu10 4854711 38 62963 485460769 3306340 23768 70666 0 0 0
cpu11 4600485 519 193533 477080540 11672144 54765 95195 0 0 0
cpu12 1604667 15 45488 487752877 4340932 13622 19382 0 0 0
cpu13 2027423 10613 343216 484196722 7078606 32332 21951 0 0 0
cpu14 692953 221 51849 487975539 5012672 13206 12678 0 0 0
cpu15 926004 56 43125 488830125 3971983 9316 7121 0 0 0
cpu16 945624 283 51147 489507683 3264685 9574 5923 0 0 0
cpu17 569219 93 52580 489714804 3238046 42191 147020 0 0 0
cpu18 692395 30 57268 489465954 3440577 22292 99509 0 0 0
cpu19 3315998 10053 247664 482486372 7560042 46361 38378 0 0 0
cpu20 600044 202 52779 488261328 4708933 32863 55651 0 0 0
cpu21 646365 131 73948 488739726 4003784 39353 249369 0 0 0
cpu22 636861 69 56776 489768959 3305013 8945 7931 0 0 0
cpu23 1264416 320 51744 488746566 3705235 10132 5756 0 0 0
intr 3709313054 22 0 0 0 0 0 0 0 0 0 0 0 0 0 0 0 8 0 0 0 0 0 0 0 0 0 0 0 1 0 1 1 1 1 0 0 0 0 37 0 0 0 0 0 0 0 0 0 0 0 0 0 0 0 0 0 0 0 0 0 0 0 0 0 2865 1 165566288 157983067 162437129 382052885 61824 649630 103571 70272 166001 144699 50322 462453 79643 48243 33143 115753 39279 214698 54536 42616 52656 36793 39573 508283 130774 64797 38077 37844 29654 0 0 0 0 0 0 2 0 2 2 2 2 2 2 35 2 207 2 0 0 0 0 0 0 0 0 0 0 0 0 0 0 0 0 0 0 0 0 0 0 0 0 0 0 0 0 0 0 0 0 0 0 0 0 0 0 0 0 0 0 0 0 0 0 0 0 0 0 0 0 0 0 0 0 0 0 0 0 0 0 0 0 0 0 0 0 0 0 0 0 0 0 0 0 0 0 0 0 0 0 0 0 0 0 0 0 0 0 0 0 0 0 0 0 0 0 0 0 0 0 0 0 0 0 0 0 0 0 0 0 0 0 0 0 0 0 0 0 0 0 0 0 0 0 0 0 0 0 0 0 0 0 0 0 0 0 0 0 0 0 0 0 0 0 0 0 0 0 0 0 0 0 0 0 0 0 0 0 0 0 0 0 0 0 0 0 0 0 0 0 0 0 0 0 0 0 0 0 0 0 0 0 0 0 0 0 0 0 0 0 0 0 0 0 0 0 0 0 0 0 0 0 0 0 0 0 0 0 0 0 0 0 0 0 0 0 0 0 0 0 0 0 0 0 0 0 0 0 0 0 0 0 0 0 0 0 0 0 0 0 0 0 0 0 0 0 0 0 0 0 0 0 0 0 0 0 0 0 0 0 0 0 0 0 0 0 0 0 0 0 0 0 0 0 0 0 0 0 0 0 0 0 0 0 0 0 0 0 0 0 0 0 0 0 0 0 0 0 0 0 0 0 0 0 0 0 0 0 0 0 0 0 0 0 0 0 0 0 0 0 0 0 0 0 0 0 0 0 0 0 0 0 0 0 0 0 0 0 0 0 0 0 0 0 0 0 0 0 0 0 0 0 0 0 0 0 0 0 0 0 0 0 0 0 0 0 0 0 0 0 0 0 0 0 0 0 0 0 0 0 0 0 0 0 0 0 0 0 0 0 0 0 0 0 0 0 0 0 0 0 0 0 0 0 0 0 0 0 0 0 0 0 0 0 0 0 0 0 0 0 0 0 0 0 0 0 0 0 0 0 0 0 0 0 0 0 0 0 0 0 0 0 0 0 0 0 0 0 0 0 0 0 0 0 0 0 0 0 0 0 0 0 0 0 0 0 0 0 0 0 0 0 0 0 0 0 0 0 0 0 0 0 0 0 0 0 0 0 0 0 0 0 0 0 0 0 0 0 0 0 0 0 0 0 0 0 0 0 0 0 0 0 0 0 0 0 0 0 0 0 0 0 0 0 0 0 0 0 0 0 0 0 0 0 0 0 0 0 0 0 0 0 0 0 0 0 0 0 0 0 0 0 0 0 0 0 0 0 0 0 0 0 0 0 0 0 0 0 0 0 0 0 0 0 0 0 0 0 0 0 0 0 0 0 0 0 0 0 0 0 0 0 0 0 0 0 0 0 0 0 0 0 0 0 0 0 0 0 0 0 0 0 0 0 0 0 0 0 0 0 0 0 0 0 0 0 0 0 0 0 0 0 0 0 0 0 0 0 0 0 0 0 0 0 0 0 0 0 0 0 0 0 0 0 0 0 0 0 0 0 0 0 0 0 0 0 0 0 0 0 0 0 0 0 0 0 0 0 0 0 0 0 0 0 0 0 0 0 0 0 0 0 0 0 0 0 0 0 0 0 0 0 0 0 0 0 0 0 0 0 0 0 0 0 0 0 0 0 0 0 0 0 0 0 0 0 0 0 0 0 0 0 0 0 0 0 0 0 0 0 0 0 0 0 0 0 0 0 0 0 0 0 0 0 0 0 0 0 0 0 0 0 0 0 0 0 0 0 0 0 0 0 0 0 0 0 0 0 0 0 0 0 0 0 0 0 0 0 0 0 0 0 0 0 0 0 0 0 0 0 0 0 0 0 0 0 0 0 0 0 0 0 0 0 0 0 0 0 0 0 0 0 0 0 0 0 0 0 0 0 0 0 0 0 0 0 0 0 0 0 0 0 0 0 0 0 0 0 0 0 0 0 0 0 0 0 0 0 0 0 0 0 0 0 0 0 0 0 0 0 0 0 0 0 0 0 0 0 0 0 0 0 0 0 0 0 0 0 0 0 0 0 0 0 0 0 0 0 0 0 0 0 0 0 0 0 0 0 0 0 0 0 0 0 0 0 0 0 0 0 0 0 0 0 0 0 0 0 0 0 0 0 0 0 0 0 0 0 0 0 0 0 0 0 0 0 0 0 0 0 0 0 0 0 0 0 0 0 0 0 0 0 0 0 0 0 0 0 0 0 0 0 0 0 0 0 0 0 0 0 0 0 0 0 0 0 0 0 0 0 0 0 0 0 0 0 0 0 0 0 0 0 0 0 0 0 0 0 0 0 0 0 0 0 0 0 0 0 0 0 0 0 0 0 0 0 0 0 0 0 0 0 0 0 0 0 0 0 0 0 0 0 0 0 0
ctxt 3729776858
btime 1783935075
processes 5333875
procs_running 1
procs_blocked 0
softirq 2823972558 204 316123883 1630039 893003637 32768 0 7326176 906450608 256532 699148711

/proc/meminfo
MemTotal:       32273192 kB
MemFree:         4289724 kB
MemAvailable:   28040368 kB
Buffers:               0 kB
Cached:         21381456 kB
SwapCached:        21664 kB
Active:         22866412 kB
Inactive:         393200 kB
Active(anon):    2078640 kB
Inactive(anon):   134240 kB
Active(file):   20787772 kB
Inactive(file):   258960 kB
Unevictable:           0 kB
Mlocked:               0 kB
SwapTotal:      67108860 kB
SwapFree:       63595004 kB
Zswap:                 0 kB
Zswapped:              0 kB
Dirty:               396 kB
Writeback:             0 kB
AnonPages:       1830680 kB
Mapped:           401052 kB
Shmem:            335964 kB
KReclaimable:    3181324 kB
Slab:            3808336 kB
SReclaimable:    3181324 kB
SUnreclaim:       627012 kB
KernelStack:       34096 kB
PageTables:        34000 kB
SecPageTables:      4112 kB
NFS_Unstable:          0 kB
Bounce:                0 kB
WritebackTmp:          0 kB
CommitLimit:    83245456 kB
Committed_AS:   12164468 kB
VmallocTotal:   34359738367 kB
VmallocUsed:      229756 kB
VmallocChunk:          0 kB
Percpu:            21216 kB
HardwareCorrupted:     0 kB
AnonHugePages:   1050624 kB
ShmemHugePages:        0 kB
ShmemPmdMapped:        0 kB
FileHugePages:         0 kB
FilePmdMapped:         0 kB
CmaTotal:              0 kB
CmaFree:               0 kB
Unaccepted:            0 kB
HugePages_Total:       0
HugePages_Free:        0
HugePages_Rsvd:        0
HugePages_Surp:        0
Hugepagesize:       2048 kB
Hugetlb:               0 kB
DirectMap4k:      389980 kB
DirectMap2M:     5574656 kB
DirectMap1G:    27262976 kB

/sys/devices/system/cpu/cpu2/cpufreq/scaling_cur_freq 1200000

/sys/devices/system/cpu/cpu3/cpufreq/scaling_cur_freq 1200000

/sys/devices/system/cpu/cpu4/cpufreq/scaling_cur_freq 1200000

/sys/devices/system/cpu/cpu5/cpufreq/scaling_cur_freq 1200000

/sys/devices/system/cpu/cpu6/cpufreq/scaling_cur_freq 1200000

/sys/devices/system/cpu/cpu7/cpufreq/scaling_cur_freq 1200000

/sys/devices/system/cpu/cpu8/cpufreq/scaling_cur_freq 1200000

/sys/devices/system/cpu/cpu9/cpufreq/scaling_cur_freq 1200000

