unix_ns 1788873175197821936
/proc/loadavg
2.31 2.10 1.62 1/2110 184

/proc/stat
cpu  115988685 83897 3613016 11542973425 184938641 870242 1376891 0 0 0
cpu0 41122405 44 84202 448352627 3974101 71866 139284 0 0 0
cpu1 6997216 37155 719171 460884114 24655902 113580 154695 0 0 0
cpu2 5031408 303 157445 475286327 13210759 38584 27113 0 0 0
cpu3 4625941 97 86001 480313084 8702099 25266 14943 0 0 0
cpu4 5024165 1299 228290 471937585 16402629 49680 42953 0 0 0
cpu5 4967256 55 84599 480419702 8247700 27604 14742 0 0 0
cpu6 4819802 70 61133 484287235 4565113 22330 22776 0 0 0
cpu7 10194246 22039 631022 460860522 21779950 101871 70686 0 0 0
cpu8 4964465 125 110737 478723630 9881763 37322 36186 0 0 0
cpu9 4864583 55 66304 483893751 4909612 23405 16966 0 0 0
cpu10 4854713 38 62963 485462687 3306344 23768 70666 0 0 0
cpu11 4600487 519 193535 477082457 11672144 54766 95196 0 0 0
cpu12 1604671 15 45489 487754797 4340932 13622 19382 0 0 0
cpu13 2027423 10613 343217 484198643 7078606 32332 21951 0 0 0
cpu14 692954 221 51849 487977461 5012672 13206 12678 0 0 0
cpu15 926006 56 43126 488832042 3971987 9316 7121 0 0 0
cpu16 945629 283 51151 489509596 3264687 9574 5923 0 0 0
cpu17 569219 93 52580 489716727 3238046 42191 147020 0 0 0
cpu18 692395 30 57268 489467878 3440577 22292 99509 0 0 0
cpu19 3315998 10053 247665 482488294 7560042 46362 38378 0 0 0
cpu20 600045 202 52780 488263248 4708933 32863 55651 0 0 0
cpu21 646365 131 73948 488741646 4003784 39353 249372 0 0 0
cpu22 636863 69 56777 489770879 3305013 8945 7931 0 0 0
cpu23 1264417 320 51751 488748481 3705235 10132 5756 0 0 0
intr 3709372159 22 0 0 0 0 0 0 0 0 0 0 0 0 0 0 0 8 0 0 0 0 0 0 0 0 0 0 0 1 0 1 1 1 1 0 0 0 0 37 0 0 0 0 0 0 0 0 0 0 0 0 0 0 0 0 0 0 0 0 0 0 0 0 0 2865 1 165566382 157983718 162437181 382057958 61824 649630 103571 70272 166001 144699 50322 462453 79643 48243 33143 115753 39279 214698 54536 42616 52656 36793 39573 508283 130774 64797 38077 37844 29654 0 0 0 0 0 0 2 0 2 2 2 2 2 2 35 2 207 2 0 0 0 0 0 0 0 0 0 0 0 0 0 0 0 0 0 0 0 0 0 0 0 0 0 0 0 0 0 0 0 0 0 0 0 0 0 0 0 0 0 0 0 0 0 0 0 0 0 0 0 0 0 0 0 0 0 0 0 0 0 0 0 0 0 0 0 0 0 0 0 0 0 0 0 0 0 0 0 0 0 0 0 0 0 0 0 0 0 0 0 0 0 0 0 0 0 0 0 0 0 0 0 0 0 0 0 0 0 0 0 0 0 0 0 0 0 0 0 0 0 0 0 0 0 0 0 0 0 0 0 0 0 0 0 0 0 0 0 0 0 0 0 0 0 0 0 0 0 0 0 0 0 0 0 0 0 0 0 0 0 0 0 0 0 0 0 0 0 0 0 0 0 0 0 0 0 0 0 0 0 0 0 0 0 0 0 0 0 0 0 0 0 0 0 0 0 0 0 0 0 0 0 0 0 0 0 0 0 0 0 0 0 0 0 0 0 0 0 0 0 0 0 0 0 0 0 0 0 0 0 0 0 0 0 0 0 0 0 0 0 0 0 0 0 0 0 0 0 0 0 0 0 0 0 0 0 0 0 0 0 0 0 0 0 0 0 0 0 0 0 0 0 0 0 0 0 0 0 0 0 0 0 0 0 0 0 0 0 0 0 0 0 0 0 0 0 0 0 0 0 0 0 0 0 0 0 0 0 0 0 0 0 0 0 0 0 0 0 0 0 0 0 0 0 0 0 0 0 0 0 0 0 0 0 0 0 0 0 0 0 0 0 0 0 0 0 0 0 0 0 0 0 0 0 0 0 0 0 0 0 0 0 0 0 0 0 0 0 0 0 0 0 0 0 0 0 0 0 0 0 0 0 0 0 0 0 0 0 0 0 0 0 0 0 0 0 0 0 0 0 0 0 0 0 0 0 0 0 0 0 0 0 0 0 0 0 0 0 0 0 0 0 0 0 0 0 0 0 0 0 0 0 0 0 0 0 0 0 0 0 0 0 0 0 0 0 0 0 0 0 0 0 0 0 0 0 0 0 0 0 0 0 0 0 0 0 0 0 0 0 0 0 0 0 0 0 0 0 0 0 0 0 0 0 0 0 0 0 0 0 0 0 0 0 0 0 0 0 0 0 0 0 0 0 0 0 0 0 0 0 0 0 0 0 0 0 0 0 0 0 0 0 0 0 0 0 0 0 0 0 0 0 0 0 0 0 0 0 0 0 0 0 0 0 0 0 0 0 0 0 0 0 0 0 0 0 0 0 0 0 0 0 0 0 0 0 0 0 0 0 0 0 0 0 0 0 0 0 0 0 0 0 0 0 0 0 0 0 0 0 0 0 0 0 0 0 0 0 0 0 0 0 0 0 0 0 0 0 0 0 0 0 0 0 0 0 0 0 0 0 0 0 0 0 0 0 0 0 0 0 0 0 0 0 0 0 0 0 0 0 0 0 0 0 0 0 0 0 0 0 0 0 0 0 0 0 0 0 0 0 0 0 0 0 0 0 0 0 0 0 0 0 0 0 0 0 0 0 0 0 0 0 0 0 0 0 0 0 0 0 0 0 0 0 0 0 0 0 0 0 0 0 0 0 0 0 0 0 0 0 0 0 0 0 0 0 0 0 0 0 0 0 0 0 0 0 0 0 0 0 0 0 0 0 0 0 0 0 0 0 0 0 0 0 0 0 0 0 0 0 0 0 0 0 0 0 0 0 0 0 0 0 0 0 0 0 0 0 0 0 0 0 0 0 0 0 0 0 0 0 0 0 0 0 0 0 0 0 0 0 0 0 0 0 0 0 0 0 0 0 0 0 0 0 0 0 0 0 0 0 0 0 0 0 0 0 0 0 0 0 0 0 0 0 0 0 0 0 0 0 0 0 0 0 0 0 0 0 0 0 0 0 0 0 0 0 0 0 0 0 0 0 0 0 0 0 0 0 0 0 0 0 0 0 0 0 0 0 0 0 0 0 0 0 0 0 0 0 0 0 0 0 0 0 0 0 0 0 0 0 0 0 0 0 0 0 0 0 0 0 0 0 0 0 0 0 0 0 0 0 0 0 0 0 0 0 0 0 0 0 0 0 0 0 0 0 0 0 0 0 0 0 0 0 0 0 0 0 0 0 0 0 0 0 0 0 0 0 0 0 0 0 0 0 0 0 0 0 0 0 0 0 0 0 0 0 0 0 0 0 0 0 0 0 0 0 0 0 0 0 0 0 0 0 0 0 0 0 0 0 0 0 0 0 0 0 0 0 0 0 0 0 0 0 0 0 0 0 0 0 0 0 0 0 0 0 0 0 0 0 0 0 0 0 0 0 0 0 0 0 0 0 0 0 0 0 0 0 0 0 0 0 0 0 0 0
ctxt 3729805866
btime 1783935075
processes 5333914
procs_running 1
procs_blocked 0
softirq 2824002170 204 316125729 1630060 893009826 32768 0 7326266 906466610 256532 699154175

/proc/meminfo
MemTotal:       32273192 kB
MemFree:         4260964 kB
MemAvailable:   28024420 kB
Buffers:               0 kB
Cached:         21394240 kB
SwapCached:        21664 kB
Active:         22921928 kB
Inactive:         393200 kB
Active(anon):    2121344 kB
Inactive(anon):   134240 kB
Active(file):   20800584 kB
Inactive(file):   258960 kB
Unevictable:           0 kB
Mlocked:               0 kB
SwapTotal:      67108860 kB
SwapFree:       63595004 kB
Zswap:                 0 kB
Zswapped:              0 kB
Dirty:                 8 kB
Writeback:             0 kB
AnonPages:       1873536 kB
Mapped:           401196 kB
Shmem:            335964 kB
KReclaimable:    3181324 kB
Slab:            3808320 kB
SReclaimable:    3181324 kB
SUnreclaim:       626996 kB
KernelStack:       34208 kB
PageTables:        34140 kB
SecPageTables:      4112 kB
NFS_Unstable:          0 kB
Bounce:                0 kB
WritebackTmp:          0 kB
CommitLimit:    83245456 kB
Committed_AS:   12240748 kB
VmallocTotal:   34359738367 kB
VmallocUsed:      229884 kB
VmallocChunk:          0 kB
Percpu:            21216 kB
HardwareCorrupted:     0 kB
AnonHugePages:   1064960 kB
ShmemHugePages:        0 kB
ShmemPmdMapped:        0 kB
FileHugePages:         0 kB
FilePmdMapped:         0 kB
CmaTotal:              0 kB
CmaFree:               0 kB
Unaccepted:            0 kB
HugePages_Total:       0
HugePages_Free:        0
HugePages_Rsvd:        0
HugePages_Surp:        0
Hugepagesize:       2048 kB
Hugetlb:               0 kB
DirectMap4k:      389980 kB
DirectMap2M:     5574656 kB
DirectMap1G:    27262976 kB

/sys/devices/system/cpu/cpu2/cpufreq/scaling_cur_freq 1200320

/sys/devices/system/cpu/cpu3/cpufreq/scaling_cur_freq 4309251

/sys/devices/system/cpu/cpu4/cpufreq/scaling_cur_freq 1200000

/sys/devices/system/cpu/cpu5/cpufreq/scaling_cur_freq 1198986

/sys/devices/system/cpu/cpu6/cpufreq/scaling_cur_freq 1199699

/sys/devices/system/cpu/cpu7/cpufreq/scaling_cur_freq 1199435

/sys/devices/system/cpu/cpu8/cpufreq/scaling_cur_freq 4297931

/sys/devices/system/cpu/cpu9/cpufreq/scaling_cur_freq 1200539

