unix_ns 1788873152560055726
/proc/loadavg
2.47 2.11 1.60 1/2112 161

/proc/stat
cpu  115984773 83897 3612843 11542923299 184938556 870230 1376874 0 0 0
cpu0 41121771 44 84059 448351210 3974040 71864 139278 0 0 0
cpu1 6997199 37155 719169 460881878 24655898 113580 154692 0 0 0
cpu2 5030121 303 157445 475285354 13210759 38581 27113 0 0 0
cpu3 4625664 97 86001 480311099 8702099 25266 14943 0 0 0
cpu4 5023885 1299 228289 471935606 16402629 49679 42953 0 0 0
cpu5 4966977 55 84597 480417720 8247700 27604 14742 0 0 0
cpu6 4819523 70 61133 484285251 4565113 22329 22776 0 0 0
cpu7 10193967 22039 631021 460858543 21779947 101871 70686 0 0 0
cpu8 4964186 125 110737 478721654 9881755 37321 36186 0 0 0
cpu9 4864306 55 66304 483891766 4909612 23404 16966 0 0 0
cpu10 4854711 38 62963 485460429 3306340 23767 70666 0 0 0
cpu11 4600485 519 193533 477080200 11672144 54765 95195 0 0 0
cpu12 1604667 15 45488 487752538 4340932 13622 19382 0 0 0
cpu13 2027423 10613 343216 484196382 7078606 32332 21951 0 0 0
cpu14 692953 221 51849 487975198 5012672 13206 12678 0 0 0
cpu15 926004 56 43125 488829785 3971983 9316 7121 0 0 0
cpu16 945623 283 51147 489507344 3264685 9574 5923 0 0 0
cpu17 569219 93 52580 489714464 3238046 42191 147020 0 0 0
cpu18 692395 30 57268 489465614 3440577 22292 99509 0 0 0
cpu19 3315998 10053 247664 482486033 7560042 46361 38378 0 0 0
cpu20 600043 202 52779 488260988 4708933 32863 55651 0 0 0
cpu21 646365 131 73948 488739387 4003784 39353 249368 0 0 0
cpu22 636861 69 56776 489768619 3305013 8945 7931 0 0 0
cpu23 1264415 320 51743 488746227 3705235 10132 5756 0 0 0
intr 3709307381 22 0 0 0 0 0 0 0 0 0 0 0 0 0 0 0 8 0 0 0 0 0 0 0 0 0 0 0 1 0 1 1 1 1 0 0 0 0 37 0 0 0 0 0 0 0 0 0 0 0 0 0 0 0 0 0 0 0 0 0 0 0 0 0 2865 1 165566262 157983050 162437119 382051890 61824 649630 103571 70272 166001 144699 50322 462453 79643 48243 33143 115753 39279 214698 54536 42616 52656 36793 39573 508281 130774 64797 38076 37844 29654 0 0 0 0 0 0 2 0 2 2 2 2 2 2 35 2 207 2 0 0 0 0 0 0 0 0 0 0 0 0 0 0 0 0 0 0 0 0 0 0 0 0 0 0 0 0 0 0 0 0 0 0 0 0 0 0 0 0 0 0 0 0 0 0 0 0 0 0 0 0 0 0 0 0 0 0 0 0 0 0 0 0 0 0 0 0 0 0 0 0 0 0 0 0 0 0 0 0 0 0 0 0 0 0 0 0 0 0 0 0 0 0 0 0 0 0 0 0 0 0 0 0 0 0 0 0 0 0 0 0 0 0 0 0 0 0 0 0 0 0 0 0 0 0 0 0 0 0 0 0 0 0 0 0 0 0 0 0 0 0 0 0 0 0 0 0 0 0 0 0 0 0 0 0 0 0 0 0 0 0 0 0 0 0 0 0 0 0 0 0 0 0 0 0 0 0 0 0 0 0 0 0 0 0 0 0 0 0 0 0 0 0 0 0 0 0 0 0 0 0 0 0 0 0 0 0 0 0 0 0 0 0 0 0 0 0 0 0 0 0 0 0 0 0 0 0 0 0 0 0 0 0 0 0 0 0 0 0 0 0 0 0 0 0 0 0 0 0 0 0 0 0 0 0 0 0 0 0 0 0 0 0 0 0 0 0 0 0 0 0 0 0 0 0 0 0 0 0 0 0 0 0 0 0 0 0 0 0 0 0 0 0 0 0 0 0 0 0 0 0 0 0 0 0 0 0 0 0 0 0 0 0 0 0 0 0 0 0 0 0 0 0 0 0 0 0 0 0 0 0 0 0 0 0 0 0 0 0 0 0 0 0 0 0 0 0 0 0 0 0 0 0 0 0 0 0 0 0 0 0 0 0 0 0 0 0 0 0 0 0 0 0 0 0 0 0 0 0 0 0 0 0 0 0 0 0 0 0 0 0 0 0 0 0 0 0 0 0 0 0 0 0 0 0 0 0 0 0 0 0 0 0 0 0 0 0 0 0 0 0 0 0 0 0 0 0 0 0 0 0 0 0 0 0 0 0 0 0 0 0 0 0 0 0 0 0 0 0 0 0 0 0 0 0 0 0 0 0 0 0 0 0 0 0 0 0 0 0 0 0 0 0 0 0 0 0 0 0 0 0 0 0 0 0 0 0 0 0 0 0 0 0 0 0 0 0 0 0 0 0 0 0 0 0 0 0 0 0 0 0 0 0 0 0 0 0 0 0 0 0 0 0 0 0 0 0 0 0 0 0 0 0 0 0 0 0 0 0 0 0 0 0 0 0 0 0 0 0 0 0 0 0 0 0 0 0 0 0 0 0 0 0 0 0 0 0 0 0 0 0 0 0 0 0 0 0 0 0 0 0 0 0 0 0 0 0 0 0 0 0 0 0 0 0 0 0 0 0 0 0 0 0 0 0 0 0 0 0 0 0 0 0 0 0 0 0 0 0 0 0 0 0 0 0 0 0 0 0 0 0 0 0 0 0 0 0 0 0 0 0 0 0 0 0 0 0 0 0 0 0 0 0 0 0 0 0 0 0 0 0 0 0 0 0 0 0 0 0 0 0 0 0 0 0 0 0 0 0 0 0 0 0 0 0 0 0 0 0 0 0 0 0 0 0 0 0 0 0 0 0 0 0 0 0 0 0 0 0 0 0 0 0 0 0 0 0 0 0 0 0 0 0 0 0 0 0 0 0 0 0 0 0 0 0 0 0 0 0 0 0 0 0 0 0 0 0 0 0 0 0 0 0 0 0 0 0 0 0 0 0 0 0 0 0 0 0 0 0 0 0 0 0 0 0 0 0 0 0 0 0 0 0 0 0 0 0 0 0 0 0 0 0 0 0 0 0 0 0 0 0 0 0 0 0 0 0 0 0 0 0 0 0 0 0 0 0 0 0 0 0 0 0 0 0 0 0 0 0 0 0 0 0 0 0 0 0 0 0 0 0 0 0 0 0 0 0 0 0 0 0 0 0 0 0 0 0 0 0 0 0 0 0 0 0 0 0 0 0 0 0 0 0 0 0 0 0 0 0 0 0 0 0 0 0 0 0 0 0 0 0 0 0 0 0 0 0 0 0 0 0 0 0 0 0 0 0 0 0 0 0 0 0 0 0 0 0 0 0 0 0 0 0 0 0 0 0 0 0 0 0 0 0 0 0 0 0 0 0 0 0 0 0 0 0 0 0 0 0 0 0 0 0 0 0 0 0 0 0 0 0 0 0 0 0 0 0 0 0 0 0 0 0 0 0 0 0 0 0 0 0 0 0 0 0 0 0 0 0 0 0 0 0 0 0 0 0 0 0 0 0 0 0 0 0 0 0 0 0 0 0 0 0 0 0 0 0 0 0 0 0 0 0 0 0 0 0 0 0 0 0 0 0 0 0 0 0 0 0 0 0 0 0 0 0 0
ctxt 3729772507
btime 1783935075
processes 5333873
procs_running 1
procs_blocked 0
softirq 2823968158 204 316123514 1630035 893002579 32768 0 7326158 906448447 256532 699147921

/proc/meminfo
MemTotal:       32273192 kB
MemFree:         4264676 kB
MemAvailable:   28008948 kB
Buffers:               0 kB
Cached:         21375084 kB
SwapCached:        21664 kB
Active:         22895944 kB
Inactive:         393200 kB
Active(anon):    2114544 kB
Inactive(anon):   134240 kB
Active(file):   20781400 kB
Inactive(file):   258960 kB
Unevictable:           0 kB
Mlocked:               0 kB
SwapTotal:      67108860 kB
SwapFree:       63595004 kB
Zswap:                 0 kB
Zswapped:              0 kB
Dirty:               400 kB
Writeback:             0 kB
AnonPages:       1866548 kB
Mapped:           401208 kB
Shmem:            335964 kB
KReclaimable:    3181324 kB
Slab:            3808328 kB
SReclaimable:    3181324 kB
SUnreclaim:       627004 kB
KernelStack:       34176 kB
PageTables:        34152 kB
SecPageTables:      4112 kB
NFS_Unstable:          0 kB
Bounce:                0 kB
WritebackTmp:          0 kB
CommitLimit:    83245456 kB
Committed_AS:   12210656 kB
VmallocTotal:   34359738367 kB
VmallocUsed:      229836 kB
VmallocChunk:          0 kB
Percpu:            21216 kB
HardwareCorrupted:     0 kB
AnonHugePages:   1079296 kB
ShmemHugePages:        0 kB
ShmemPmdMapped:        0 kB
FileHugePages:         0 kB
FilePmdMapped:         0 kB
CmaTotal:              0 kB
CmaFree:               0 kB
Unaccepted:            0 kB
HugePages_Total:       0
HugePages_Free:        0
HugePages_Rsvd:        0
HugePages_Surp:        0
Hugepagesize:       2048 kB
Hugetlb:               0 kB
DirectMap4k:      389980 kB
DirectMap2M:     5574656 kB
DirectMap1G:    27262976 kB

/sys/devices/system/cpu/cpu2/cpufreq/scaling_cur_freq 1196783

/sys/devices/system/cpu/cpu3/cpufreq/scaling_cur_freq 1200000

/sys/devices/system/cpu/cpu4/cpufreq/scaling_cur_freq 1200000

/sys/devices/system/cpu/cpu5/cpufreq/scaling_cur_freq 1200000

/sys/devices/system/cpu/cpu6/cpufreq/scaling_cur_freq 1200000

/sys/devices/system/cpu/cpu7/cpufreq/scaling_cur_freq 1200000

/sys/devices/system/cpu/cpu8/cpufreq/scaling_cur_freq 1200000

/sys/devices/system/cpu/cpu9/cpufreq/scaling_cur_freq 1200000

