unix_ns 1788873143117103114
/proc/loadavg
2.55 2.12 1.60 1/2107 160

/proc/stat
cpu  115983804 83897 3612823 11542901658 184938539 870227 1376868 0 0 0
cpu0 41121767 44 84057 448350278 3974038 71864 139274 0 0 0
cpu1 6997197 37155 719168 460880937 24655898 113580 154691 0 0 0
cpu2 5029180 303 157444 475285352 13210759 38580 27113 0 0 0
cpu3 4625663 97 86001 480310154 8702099 25265 14943 0 0 0
cpu4 5023882 1299 228286 471934669 16402629 49679 42953 0 0 0
cpu5 4966975 55 84596 480416781 8247697 27603 14742 0 0 0
cpu6 4819523 70 61133 484284307 4565113 22329 22776 0 0 0
cpu7 10193966 22039 631020 460857604 21779943 101871 70686 0 0 0
cpu8 4964186 125 110737 478720716 9881750 37321 36186 0 0 0
cpu9 4864306 55 66304 483890823 4909612 23404 16966 0 0 0
cpu10 4854711 38 62963 485459485 3306340 23767 70666 0 0 0
cpu11 4600483 519 193532 477079259 11672144 54765 95194 0 0 0
cpu12 1604665 15 45488 487751595 4340932 13622 19382 0 0 0
cpu13 2027422 10613 343215 484195440 7078606 32332 21951 0 0 0
cpu14 692953 221 51848 487974255 5012672 13206 12678 0 0 0
cpu15 926003 56 43124 488828844 3971982 9316 7121 0 0 0
cpu16 945620 283 51146 489506404 3264685 9574 5923 0 0 0
cpu17 569219 93 52578 489713521 3238046 42191 147020 0 0 0
cpu18 692394 30 57266 489464675 3440574 22292 99509 0 0 0
cpu19 3315994 10053 247662 482485096 7560042 46361 38378 0 0 0
cpu20 600043 202 52778 488260044 4708933 32863 55651 0 0 0
cpu21 646365 131 73947 488738444 4003784 39353 249367 0 0 0
cpu22 636860 69 56776 489767675 3305013 8945 7931 0 0 0
cpu23 1264413 320 51742 488745286 3705235 10132 5756 0 0 0
intr 3709286547 22 0 0 0 0 0 0 0 0 0 0 0 0 0 0 0 8 0 0 0 0 0 0 0 0 0 0 0 1 0 1 1 1 1 0 0 0 0 37 0 0 0 0 0 0 0 0 0 0 0 0 0 0 0 0 0 0 0 0 0 0 0 0 0 2865 1 165566049 157982836 162436940 382050239 61824 649621 103571 70272 166001 144697 50322 462453 79643 48243 33143 115753 39279 214698 54536 42616 52656 36793 39573 508280 130774 64784 38076 37844 29654 0 0 0 0 0 0 2 0 2 2 2 2 2 2 35 2 207 2 0 0 0 0 0 0 0 0 0 0 0 0 0 0 0 0 0 0 0 0 0 0 0 0 0 0 0 0 0 0 0 0 0 0 0 0 0 0 0 0 0 0 0 0 0 0 0 0 0 0 0 0 0 0 0 0 0 0 0 0 0 0 0 0 0 0 0 0 0 0 0 0 0 0 0 0 0 0 0 0 0 0 0 0 0 0 0 0 0 0 0 0 0 0 0 0 0 0 0 0 0 0 0 0 0 0 0 0 0 0 0 0 0 0 0 0 0 0 0 0 0 0 0 0 0 0 0 0 0 0 0 0 0 0 0 0 0 0 0 0 0 0 0 0 0 0 0 0 0 0 0 0 0 0 0 0 0 0 0 0 0 0 0 0 0 0 0 0 0 0 0 0 0 0 0 0 0 0 0 0 0 0 0 0 0 0 0 0 0 0 0 0 0 0 0 0 0 0 0 0 0 0 0 0 0 0 0 0 0 0 0 0 0 0 0 0 0 0 0 0 0 0 0 0 0 0 0 0 0 0 0 0 0 0 0 0 0 0 0 0 0 0 0 0 0 0 0 0 0 0 0 0 0 0 0 0 0 0 0 0 0 0 0 0 0 0 0 0 0 0 0 0 0 0 0 0 0 0 0 0 0 0 0 0 0 0 0 0 0 0 0 0 0 0 0 0 0 0 0 0 0 0 0 0 0 0 0 0 0 0 0 0 0 0 0 0 0 0 0 0 0 0 0 0 0 0 0 0 0 0 0 0 0 0 0 0 0 0 0 0 0 0 0 0 0 0 0 0 0 0 0 0 0 0 0 0 0 0 0 0 0 0 0 0 0 0 0 0 0 0 0 0 0 0 0 0 0 0 0 0 0 0 0 0 0 0 0 0 0 0 0 0 0 0 0 0 0 0 0 0 0 0 0 0 0 0 0 0 0 0 0 0 0 0 0 0 0 0 0 0 0 0 0 0 0 0 0 0 0 0 0 0 0 0 0 0 0 0 0 0 0 0 0 0 0 0 0 0 0 0 0 0 0 0 0 0 0 0 0 0 0 0 0 0 0 0 0 0 0 0 0 0 0 0 0 0 0 0 0 0 0 0 0 0 0 0 0 0 0 0 0 0 0 0 0 0 0 0 0 0 0 0 0 0 0 0 0 0 0 0 0 0 0 0 0 0 0 0 0 0 0 0 0 0 0 0 0 0 0 0 0 0 0 0 0 0 0 0 0 0 0 0 0 0 0 0 0 0 0 0 0 0 0 0 0 0 0 0 0 0 0 0 0 0 0 0 0 0 0 0 0 0 0 0 0 0 0 0 0 0 0 0 0 0 0 0 0 0 0 0 0 0 0 0 0 0 0 0 0 0 0 0 0 0 0 0 0 0 0 0 0 0 0 0 0 0 0 0 0 0 0 0 0 0 0 0 0 0 0 0 0 0 0 0 0 0 0 0 0 0 0 0 0 0 0 0 0 0 0 0 0 0 0 0 0 0 0 0 0 0 0 0 0 0 0 0 0 0 0 0 0 0 0 0 0 0 0 0 0 0 0 0 0 0 0 0 0 0 0 0 0 0 0 0 0 0 0 0 0 0 0 0 0 0 0 0 0 0 0 0 0 0 0 0 0 0 0 0 0 0 0 0 0 0 0 0 0 0 0 0 0 0 0 0 0 0 0 0 0 0 0 0 0 0 0 0 0 0 0 0 0 0 0 0 0 0 0 0 0 0 0 0 0 0 0 0 0 0 0 0 0 0 0 0 0 0 0 0 0 0 0 0 0 0 0 0 0 0 0 0 0 0 0 0 0 0 0 0 0 0 0 0 0 0 0 0 0 0 0 0 0 0 0 0 0 0 0 0 0 0 0 0 0 0 0 0 0 0 0 0 0 0 0 0 0 0 0 0 0 0 0 0 0 0 0 0 0 0 0 0 0 0 0 0 0 0 0 0 0 0 0 0 0 0 0 0 0 0 0 0 0 0 0 0 0 0 0 0 0 0 0 0 0 0 0 0 0 0 0 0 0 0 0 0 0 0 0 0 0 0 0 0 0 0 0 0 0 0 0 0 0 0 0 0 0 0 0 0 0 0 0 0 0 0 0 0 0 0 0 0 0 0 0 0 0 0 0 0 0 0 0 0 0 0 0 0 0 0 0 0 0 0 0 0 0 0 0 0 0 0 0 0 0 0 0 0 0 0 0 0 0 0 0 0 0 0 0 0 0 0 0 0 0 0 0 0 0 0 0 0 0 0 0 0 0 0 0 0 0 0 0 0 0 0 0 0 0 0 0 0 0 0 0 0 0 0 0 0 0 0 0 0 0 0 0 0 0 0 0 0 0 0 0 0 0 0 0 0 0 0 0 0 0 0 0 0 0
ctxt 3729752833
btime 1783935075
processes 5333816
procs_running 1
procs_blocked 0
softirq 2823953571 204 316122593 1630022 893000072 32768 0 7326078 906440424 256532 699144878

/proc/meminfo
MemTotal:       32273192 kB
MemFree:         4325512 kB
MemAvailable:   28069648 kB
Buffers:               0 kB
Cached:         21375044 kB
SwapCached:        21664 kB
Active:         22858504 kB
Inactive:         393200 kB
Active(anon):    2077144 kB
Inactive(anon):   134240 kB
Active(file):   20781360 kB
Inactive(file):   258960 kB
Unevictable:           0 kB
Mlocked:               0 kB
SwapTotal:      67108860 kB
SwapFree:       63595004 kB
Zswap:                 0 kB
Zswapped:              0 kB
Dirty:               404 kB
Writeback:             0 kB
AnonPages:       1829108 kB
Mapped:           401008 kB
Shmem:            335964 kB
KReclaimable:    3181228 kB
Slab:            3808260 kB
SReclaimable:    3181228 kB
SUnreclaim:       627032 kB
KernelStack:       34080 kB
PageTables:        33976 kB
SecPageTables:      4112 kB
NFS_Unstable:          0 kB
Bounce:                0 kB
WritebackTmp:          0 kB
CommitLimit:    83245456 kB
Committed_AS:   12160824 kB
VmallocTotal:   34359738367 kB
VmallocUsed:      229836 kB
VmallocChunk:          0 kB
Percpu:            21216 kB
HardwareCorrupted:     0 kB
AnonHugePages:   1048576 kB
ShmemHugePages:        0 kB
ShmemPmdMapped:        0 kB
FileHugePages:         0 kB
FilePmdMapped:         0 kB
CmaTotal:              0 kB
CmaFree:               0 kB
Unaccepted:            0 kB
HugePages_Total:       0
HugePages_Free:        0
HugePages_Rsvd:        0
HugePages_Surp:        0
Hugepagesize:       2048 kB
Hugetlb:               0 kB
DirectMap4k:      389980 kB
DirectMap2M:     5574656 kB
DirectMap1G:    27262976 kB

/sys/devices/system/cpu/cpu2/cpufreq/scaling_cur_freq 1200000

/sys/devices/system/cpu/cpu3/cpufreq/scaling_cur_freq 1200000

/sys/devices/system/cpu/cpu4/cpufreq/scaling_cur_freq 2355899

/sys/devices/system/cpu/cpu5/cpufreq/scaling_cur_freq 1200000

/sys/devices/system/cpu/cpu6/cpufreq/scaling_cur_freq 1200000

/sys/devices/system/cpu/cpu7/cpufreq/scaling_cur_freq 1200000

/sys/devices/system/cpu/cpu8/cpufreq/scaling_cur_freq 1200000

/sys/devices/system/cpu/cpu9/cpufreq/scaling_cur_freq 1200000

