unix_ns 1788873170705968979
/proc/loadavg
2.34 2.11 1.61 1/2111 174

/proc/stat
cpu  115987313 83897 3612962 11542964113 184938608 870238 1376887 0 0 0
cpu0 41122196 44 84153 448352464 3974073 71865 139283 0 0 0
cpu1 6997212 37155 719171 460883671 24655902 113580 154694 0 0 0
cpu2 5031264 303 157445 475286022 13210759 38584 27113 0 0 0
cpu3 4625797 97 86001 480312779 8702099 25266 14943 0 0 0
cpu4 5024020 1299 228290 471937282 16402629 49679 42953 0 0 0
cpu5 4967111 55 84598 480419399 8247700 27604 14742 0 0 0
cpu6 4819657 70 61133 484286931 4565113 22329 22776 0 0 0
cpu7 10194102 22039 631022 460860218 21779950 101871 70686 0 0 0
cpu8 4964321 125 110737 478723328 9881761 37322 36186 0 0 0
cpu9 4864440 55 66304 483893446 4909612 23404 16966 0 0 0
cpu10 4854713 38 62963 485462238 3306344 23768 70666 0 0 0
cpu11 4600486 519 193534 477082010 11672144 54765 95196 0 0 0
cpu12 1604670 15 45489 487754348 4340932 13622 19382 0 0 0
cpu13 2027423 10613 343217 484198195 7078606 32332 21951 0 0 0
cpu14 692953 221 51849 487977012 5012672 13206 12678 0 0 0
cpu15 926005 56 43125 488831594 3971987 9316 7121 0 0 0
cpu16 945629 283 51151 489509149 3264685 9574 5923 0 0 0
cpu17 569219 93 52580 489716278 3238046 42191 147020 0 0 0
cpu18 692395 30 57268 489467428 3440577 22292 99509 0 0 0
cpu19 3315998 10053 247665 482487845 7560042 46362 38378 0 0 0
cpu20 600045 202 52780 488262800 4708933 32863 55651 0 0 0
cpu21 646365 131 73948 488741198 4003784 39353 249371 0 0 0
cpu22 636861 69 56776 489770432 3305013 8945 7931 0 0 0
cpu23 1264417 320 51751 488748032 3705235 10132 5756 0 0 0
intr 3709352878 22 0 0 0 0 0 0 0 0 0 0 0 0 0 0 0 8 0 0 0 0 0 0 0 0 0 0 0 1 0 1 1 1 1 0 0 0 0 37 0 0 0 0 0 0 0 0 0 0 0 0 0 0 0 0 0 0 0 0 0 0 0 0 0 2865 1 165566354 157983626 162437176 382056215 61824 649630 103571 70272 166001 144699 50322 462453 79643 48243 33143 115753 39279 214698 54536 42616 52656 36793 39573 508283 130774 64797 38077 37844 29654 0 0 0 0 0 0 2 0 2 2 2 2 2 2 35 2 207 2 0 0 0 0 0 0 0 0 0 0 0 0 0 0 0 0 0 0 0 0 0 0 0 0 0 0 0 0 0 0 0 0 0 0 0 0 0 0 0 0 0 0 0 0 0 0 0 0 0 0 0 0 0 0 0 0 0 0 0 0 0 0 0 0 0 0 0 0 0 0 0 0 0 0 0 0 0 0 0 0 0 0 0 0 0 0 0 0 0 0 0 0 0 0 0 0 0 0 0 0 0 0 0 0 0 0 0 0 0 0 0 0 0 0 0 0 0 0 0 0 0 0 0 0 0 0 0 0 0 0 0 0 0 0 0 0 0 0 0 0 0 0 0 0 0 0 0 0 0 0 0 0 0 0 0 0 0 0 0 0 0 0 0 0 0 0 0 0 0 0 0 0 0 0 0 0 0 0 0 0 0 0 0 0 0 0 0 0 0 0 0 0 0 0 0 0 0 0 0 0 0 0 0 0 0 0 0 0 0 0 0 0 0 0 0 0 0 0 0 0 0 0 0 0 0 0 0 0 0 0 0 0 0 0 0 0 0 0 0 0 0 0 0 0 0 0 0 0 0 0 0 0 0 0 0 0 0 0 0 0 0 0 0 0 0 0 0 0 0 0 0 0 0 0 0 0 0 0 0 0 0 0 0 0 0 0 0 0 0 0 0 0 0 0 0 0 0 0 0 0 0 0 0 0 0 0 0 0 0 0 0 0 0 0 0 0 0 0 0 0 0 0 0 0 0 0 0 0 0 0 0 0 0 0 0 0 0 0 0 0 0 0 0 0 0 0 0 0 0 0 0 0 0 0 0 0 0 0 0 0 0 0 0 0 0 0 0 0 0 0 0 0 0 0 0 0 0 0 0 0 0 0 0 0 0 0 0 0 0 0 0 0 0 0 0 0 0 0 0 0 0 0 0 0 0 0 0 0 0 0 0 0 0 0 0 0 0 0 0 0 0 0 0 0 0 0 0 0 0 0 0 0 0 0 0 0 0 0 0 0 0 0 0 0 0 0 0 0 0 0 0 0 0 0 0 0 0 0 0 0 0 0 0 0 0 0 0 0 0 0 0 0 0 0 0 0 0 0 0 0 0 0 0 0 0 0 0 0 0 0 0 0 0 0 0 0 0 0 0 0 0 0 0 0 0 0 0 0 0 0 0 0 0 0 0 0 0 0 0 0 0 0 0 0 0 0 0 0 0 0 0 0 0 0 0 0 0 0 0 0 0 0 0 0 0 0 0 0 0 0 0 0 0 0 0 0 0 0 0 0 0 0 0 0 0 0 0 0 0 0 0 0 0 0 0 0 0 0 0 0 0 0 0 0 0 0 0 0 0 0 0 0 0 0 0 0 0 0 0 0 0 0 0 0 0 0 0 0 0 0 0 0 0 0 0 0 0 0 0 0 0 0 0 0 0 0 0 0 0 0 0 0 0 0 0 0 0 0 0 0 0 0 0 0 0 0 0 0 0 0 0 0 0 0 0 0 0 0 0 0 0 0 0 0 0 0 0 0 0 0 0 0 0 0 0 0 0 0 0 0 0 0 0 0 0 0 0 0 0 0 0 0 0 0 0 0 0 0 0 0 0 0 0 0 0 0 0 0 0 0 0 0 0 0 0 0 0 0 0 0 0 0 0 0 0 0 0 0 0 0 0 0 0 0 0 0 0 0 0 0 0 0 0 0 0 0 0 0 0 0 0 0 0 0 0 0 0 0 0 0 0 0 0 0 0 0 0 0 0 0 0 0 0 0 0 0 0 0 0 0 0 0 0 0 0 0 0 0 0 0 0 0 0 0 0 0 0 0 0 0 0 0 0 0 0 0 0 0 0 0 0 0 0 0 0 0 0 0 0 0 0 0 0 0 0 0 0 0 0 0 0 0 0 0 0 0 0 0 0 0 0 0 0 0 0 0 0 0 0 0 0 0 0 0 0 0 0 0 0 0 0 0 0 0 0 0 0 0 0 0 0 0 0 0 0 0 0 0 0 0 0 0 0 0 0 0 0 0 0 0 0 0 0 0 0 0 0 0 0 0 0 0 0 0 0 0 0 0 0 0 0 0 0 0 0 0 0 0 0 0 0 0 0 0 0 0 0 0 0 0 0 0 0 0 0 0 0 0 0 0 0 0 0 0 0 0 0 0 0 0 0 0 0 0 0 0 0 0 0 0 0 0 0 0 0 0 0 0 0 0 0 0 0 0 0 0 0 0 0 0 0 0 0 0 0 0 0 0 0 0 0 0 0 0 0 0 0 0 0 0 0 0 0 0 0 0 0 0 0 0 0 0 0 0 0 0 0 0 0 0 0 0 0 0 0 0 0 0 0 0 0 0 0 0 0 0 0 0 0 0 0 0 0 0 0 0 0
ctxt 3729798768
btime 1783935075
processes 5333902
procs_running 1
procs_blocked 0
softirq 2823994771 204 316125233 1630057 893007852 32768 0 7326236 906463136 256532 699152753

/proc/meminfo
MemTotal:       32273192 kB
MemFree:         4256672 kB
MemAvailable:   28013768 kB
Buffers:               0 kB
Cached:         21387908 kB
SwapCached:        21664 kB
Active:         22916844 kB
Inactive:         393200 kB
Active(anon):    2122620 kB
Inactive(anon):   134240 kB
Active(file):   20794224 kB
Inactive(file):   258960 kB
Unevictable:           0 kB
Mlocked:               0 kB
SwapTotal:      67108860 kB
SwapFree:       63595004 kB
Zswap:                 0 kB
Zswapped:              0 kB
Dirty:                 4 kB
Writeback:             0 kB
AnonPages:       1874616 kB
Mapped:           401192 kB
Shmem:            335964 kB
KReclaimable:    3181324 kB
Slab:            3808316 kB
SReclaimable:    3181324 kB
SUnreclaim:       626992 kB
KernelStack:       34240 kB
PageTables:        34220 kB
SecPageTables:      4112 kB
NFS_Unstable:          0 kB
Bounce:                0 kB
WritebackTmp:          0 kB
CommitLimit:    83245456 kB
Committed_AS:   12244240 kB
VmallocTotal:   34359738367 kB
VmallocUsed:      229884 kB
VmallocChunk:          0 kB
Percpu:            21216 kB
HardwareCorrupted:     0 kB
AnonHugePages:   1064960 kB
ShmemHugePages:        0 kB
ShmemPmdMapped:        0 kB
FileHugePages:         0 kB
FilePmdMapped:         0 kB
CmaTotal:              0 kB
CmaFree:               0 kB
Unaccepted:            0 kB
HugePages_Total:       0
HugePages_Free:        0
HugePages_Rsvd:        0
HugePages_Surp:        0
Hugepagesize:       2048 kB
Hugetlb:               0 kB
DirectMap4k:      389980 kB
DirectMap2M:     5574656 kB
DirectMap1G:    27262976 kB

/sys/devices/system/cpu/cpu2/cpufreq/scaling_cur_freq 1200182

/sys/devices/system/cpu/cpu3/cpufreq/scaling_cur_freq 1200208

/sys/devices/system/cpu/cpu4/cpufreq/scaling_cur_freq 1202151

/sys/devices/system/cpu/cpu5/cpufreq/scaling_cur_freq 1200849

/sys/devices/system/cpu/cpu6/cpufreq/scaling_cur_freq 1200402

/sys/devices/system/cpu/cpu7/cpufreq/scaling_cur_freq 4293852

/sys/devices/system/cpu/cpu8/cpufreq/scaling_cur_freq 1199961

/sys/devices/system/cpu/cpu9/cpufreq/scaling_cur_freq 1200460

