unix_ns 1788873169334306303
/proc/loadavg
2.34 2.11 1.61 1/2107 166

/proc/stat
cpu  115986238 83897 3612956 11542961915 184938600 870235 1376885 0 0 0
cpu0 41122196 44 84152 448352335 3974068 71865 139282 0 0 0
cpu1 6997211 37155 719170 460883536 24655901 113580 154694 0 0 0
cpu2 5031130 303 157445 475286019 13210759 38583 27113 0 0 0
cpu3 4625664 97 86001 480312776 8702099 25266 14943 0 0 0
cpu4 5023885 1299 228290 471937280 16402629 49679 42953 0 0 0
cpu5 4966977 55 84598 480419396 8247700 27604 14742 0 0 0
cpu6 4819523 70 61133 484286928 4565113 22329 22776 0 0 0
cpu7 10193969 22039 631022 460860214 21779950 101871 70686 0 0 0
cpu8 4964187 125 110737 478723325 9881761 37321 36186 0 0 0
cpu9 4864306 55 66304 483893443 4909612 23404 16966 0 0 0
cpu10 4854712 38 62963 485462101 3306344 23768 70666 0 0 0
cpu11 4600486 519 193534 477081874 11672144 54765 95196 0 0 0
cpu12 1604669 15 45489 487754212 4340932 13622 19382 0 0 0
cpu13 2027423 10613 343216 484198059 7078606 32332 21951 0 0 0
cpu14 692953 221 51849 487976875 5012672 13206 12678 0 0 0
cpu15 926005 56 43125 488831460 3971984 9316 7121 0 0 0
cpu16 945629 283 51151 489509012 3264685 9574 5923 0 0 0
cpu17 569219 93 52580 489716141 3238046 42191 147020 0 0 0
cpu18 692395 30 57268 489467291 3440577 22292 99509 0 0 0
cpu19 3315998 10053 247665 482487709 7560042 46362 38378 0 0 0
cpu20 600044 202 52780 488262663 4708933 32863 55651 0 0 0
cpu21 646365 131 73948 488741061 4003784 39353 249370 0 0 0
cpu22 636861 69 56776 489770296 3305013 8945 7931 0 0 0
cpu23 1264416 320 51750 488747896 3705235 10132 5756 0 0 0
intr 3709339214 22 0 0 0 0 0 0 0 0 0 0 0 0 0 0 0 8 0 0 0 0 0 0 0 0 0 0 0 1 0 1 1 1 1 0 0 0 0 37 0 0 0 0 0 0 0 0 0 0 0 0 0 0 0 0 0 0 0 0 0 0 0 0 0 2865 1 165566350 157983545 162437176 382055766 61824 649630 103571 70272 166001 144699 50322 462453 79643 48243 33143 115753 39279 214698 54536 42616 52656 36793 39573 508283 130774 64797 38077 37844 29654 0 0 0 0 0 0 2 0 2 2 2 2 2 2 35 2 207 2 0 0 0 0 0 0 0 0 0 0 0 0 0 0 0 0 0 0 0 0 0 0 0 0 0 0 0 0 0 0 0 0 0 0 0 0 0 0 0 0 0 0 0 0 0 0 0 0 0 0 0 0 0 0 0 0 0 0 0 0 0 0 0 0 0 0 0 0 0 0 0 0 0 0 0 0 0 0 0 0 0 0 0 0 0 0 0 0 0 0 0 0 0 0 0 0 0 0 0 0 0 0 0 0 0 0 0 0 0 0 0 0 0 0 0 0 0 0 0 0 0 0 0 0 0 0 0 0 0 0 0 0 0 0 0 0 0 0 0 0 0 0 0 0 0 0 0 0 0 0 0 0 0 0 0 0 0 0 0 0 0 0 0 0 0 0 0 0 0 0 0 0 0 0 0 0 0 0 0 0 0 0 0 0 0 0 0 0 0 0 0 0 0 0 0 0 0 0 0 0 0 0 0 0 0 0 0 0 0 0 0 0 0 0 0 0 0 0 0 0 0 0 0 0 0 0 0 0 0 0 0 0 0 0 0 0 0 0 0 0 0 0 0 0 0 0 0 0 0 0 0 0 0 0 0 0 0 0 0 0 0 0 0 0 0 0 0 0 0 0 0 0 0 0 0 0 0 0 0 0 0 0 0 0 0 0 0 0 0 0 0 0 0 0 0 0 0 0 0 0 0 0 0 0 0 0 0 0 0 0 0 0 0 0 0 0 0 0 0 0 0 0 0 0 0 0 0 0 0 0 0 0 0 0 0 0 0 0 0 0 0 0 0 0 0 0 0 0 0 0 0 0 0 0 0 0 0 0 0 0 0 0 0 0 0 0 0 0 0 0 0 0 0 0 0 0 0 0 0 0 0 0 0 0 0 0 0 0 0 0 0 0 0 0 0 0 0 0 0 0 0 0 0 0 0 0 0 0 0 0 0 0 0 0 0 0 0 0 0 0 0 0 0 0 0 0 0 0 0 0 0 0 0 0 0 0 0 0 0 0 0 0 0 0 0 0 0 0 0 0 0 0 0 0 0 0 0 0 0 0 0 0 0 0 0 0 0 0 0 0 0 0 0 0 0 0 0 0 0 0 0 0 0 0 0 0 0 0 0 0 0 0 0 0 0 0 0 0 0 0 0 0 0 0 0 0 0 0 0 0 0 0 0 0 0 0 0 0 0 0 0 0 0 0 0 0 0 0 0 0 0 0 0 0 0 0 0 0 0 0 0 0 0 0 0 0 0 0 0 0 0 0 0 0 0 0 0 0 0 0 0 0 0 0 0 0 0 0 0 0 0 0 0 0 0 0 0 0 0 0 0 0 0 0 0 0 0 0 0 0 0 0 0 0 0 0 0 0 0 0 0 0 0 0 0 0 0 0 0 0 0 0 0 0 0 0 0 0 0 0 0 0 0 0 0 0 0 0 0 0 0 0 0 0 0 0 0 0 0 0 0 0 0 0 0 0 0 0 0 0 0 0 0 0 0 0 0 0 0 0 0 0 0 0 0 0 0 0 0 0 0 0 0 0 0 0 0 0 0 0 0 0 0 0 0 0 0 0 0 0 0 0 0 0 0 0 0 0 0 0 0 0 0 0 0 0 0 0 0 0 0 0 0 0 0 0 0 0 0 0 0 0 0 0 0 0 0 0 0 0 0 0 0 0 0 0 0 0 0 0 0 0 0 0 0 0 0 0 0 0 0 0 0 0 0 0 0 0 0 0 0 0 0 0 0 0 0 0 0 0 0 0 0 0 0 0 0 0 0 0 0 0 0 0 0 0 0 0 0 0 0 0 0 0 0 0 0 0 0 0 0 0 0 0 0 0 0 0 0 0 0 0 0 0 0 0 0 0 0 0 0 0 0 0 0 0 0 0 0 0 0 0 0 0 0 0 0 0 0 0 0 0 0 0 0 0 0 0 0 0 0 0 0 0 0 0 0 0 0 0 0 0 0 0 0 0 0 0 0 0 0 0 0 0 0 0 0 0 0 0 0 0 0 0 0 0 0 0 0 0 0 0 0 0 0 0 0 0 0 0 0 0 0 0 0 0 0 0 0 0 0 0 0 0 0 0 0 0 0 0 0 0 0 0 0 0 0 0 0 0 0 0 0 0 0 0 0 0 0 0 0 0 0 0 0 0 0 0 0 0 0 0 0 0 0 0 0 0 0 0 0 0 0 0 0 0 0 0 0 0 0 0 0 0 0 0 0 0 0 0 0 0 0 0 0 0 0 0 0 0 0 0 0 0 0 0 0 0 0 0 0 0 0 0 0 0 0 0 0 0 0 0 0 0 0 0 0 0 0 0 0 0 0 0 0 0 0 0 0 0 0 0 0 0 0 0 0 0 0 0 0 0 0 0 0 0 0
ctxt 3729794893
btime 1783935075
processes 5333881
procs_running 1
procs_blocked 0
softirq 2823990248 204 316125025 1630051 893007277 32768 0 7326220 906461346 256532 699150825

/proc/meminfo
MemTotal:       32273192 kB
MemFree:         4296956 kB
MemAvailable:   28054044 kB
Buffers:               0 kB
Cached:         21387900 kB
SwapCached:        21664 kB
Active:         22871476 kB
Inactive:         393200 kB
Active(anon):    2077260 kB
Inactive(anon):   134240 kB
Active(file):   20794216 kB
Inactive(file):   258960 kB
Unevictable:           0 kB
Mlocked:               0 kB
SwapTotal:      67108860 kB
SwapFree:       63595004 kB
Zswap:                 0 kB
Zswapped:              0 kB
Dirty:              1056 kB
Writeback:             0 kB
AnonPages:       1829272 kB
Mapped:           400992 kB
Shmem:            335964 kB
KReclaimable:    3181324 kB
Slab:            3808356 kB
SReclaimable:    3181324 kB
SUnreclaim:       627032 kB
KernelStack:       34080 kB
PageTables:        33988 kB
SecPageTables:      4112 kB
NFS_Unstable:          0 kB
Bounce:                0 kB
WritebackTmp:          0 kB
CommitLimit:    83245456 kB
Committed_AS:   12161072 kB
VmallocTotal:   34359738367 kB
VmallocUsed:      229740 kB
VmallocChunk:          0 kB
Percpu:            21216 kB
HardwareCorrupted:     0 kB
AnonHugePages:   1048576 kB
ShmemHugePages:        0 kB
ShmemPmdMapped:        0 kB
FileHugePages:         0 kB
FilePmdMapped:         0 kB
CmaTotal:              0 kB
CmaFree:               0 kB
Unaccepted:            0 kB
HugePages_Total:       0
HugePages_Free:        0
HugePages_Rsvd:        0
HugePages_Surp:        0
Hugepagesize:       2048 kB
Hugetlb:               0 kB
DirectMap4k:      389980 kB
DirectMap2M:     5574656 kB
DirectMap1G:    27262976 kB

/sys/devices/system/cpu/cpu2/cpufreq/scaling_cur_freq 1200000

/sys/devices/system/cpu/cpu3/cpufreq/scaling_cur_freq 1200000

/sys/devices/system/cpu/cpu4/cpufreq/scaling_cur_freq 1200000

/sys/devices/system/cpu/cpu5/cpufreq/scaling_cur_freq 1200000

/sys/devices/system/cpu/cpu6/cpufreq/scaling_cur_freq 1200000

/sys/devices/system/cpu/cpu7/cpufreq/scaling_cur_freq 1200000

/sys/devices/system/cpu/cpu8/cpufreq/scaling_cur_freq 1200000

/sys/devices/system/cpu/cpu9/cpufreq/scaling_cur_freq 1200000

