/proc/loadavg
2.19 1.94 1.56 1/2106 19

/proc/stat
cpu  119397796 86936 3735873 11900678894 195227771 904072 1420401 0 0 0
cpu0 41249230 53 88448 463356593 4315018 72715 145599 0 0 0
cpu1 7245887 38258 741278 474590615 26150507 117359 156569 0 0 0
cpu2 5436794 307 162564 489773620 13793964 40582 27877 0 0 0
cpu3 4746861 101 89201 495252716 9121300 26288 15397 0 0 0
cpu4 5152395 1389 235875 486634861 17044892 52269 45785 0 0 0
cpu5 5088155 58 87953 495425368 8600207 28753 15169 0 0 0
cpu6 4939953 76 63767 499368127 4842714 23692 24423 0 0 0
cpu7 10433946 22861 650021 474577585 23277996 105302 72586 0 0 0
cpu8 5086553 126 114746 493700581 10261049 38502 36712 0 0 0
cpu9 4984374 60 69495 499060897 5102147 24474 17781 0 0 0
cpu10 4966707 42 65274 500665374 3473285 24565 70932 0 0 0
cpu11 4717412 575 200508 491989173 12118537 56727 98101 0 0 0
cpu12 1716464 39 47568 502932881 4532966 14377 19611 0 0 0
cpu13 2179578 11035 350398 498773867 7824733 33665 22545 0 0 0
cpu14 804822 232 54087 503132922 5226357 14003 13013 0 0 0
cpu15 1037709 59 44992 503874759 4299939 9990 7502 0 0 0
cpu16 1058042 291 53412 504627031 3516668 10303 6136 0 0 0
cpu17 677387 106 57223 504957653 3356292 43822 157913 0 0 0
cpu18 803886 52 59407 504669936 3609267 22983 99786 0 0 0
cpu19 3477179 10449 255245 497205600 8152406 48232 39762 0 0 0
cpu20 711855 204 54918 503395558 4942721 34275 57149 0 0 0
cpu21 757459 140 76499 503836556 4271985 40616 255814 0 0 0
cpu22 748509 73 58821 504956821 3489562 9655 8239 0 0 0
cpu23 1376627 340 54162 503919789 3903248 10911 5989 0 0 0
intr 3817177172 22 0 0 0 0 0 0 0 0 0 0 0 0 0 0 0 8 0 0 0 0 0 0 0 0 0 0 0 1 0 1 1 1 1 0 0 0 0 37 0 0 0 0 0 0 0 0 0 0 0 0 0 0 0 0 0 0 0 0 0 0 0 0 0 2953 1 170678398 161737494 166800314 394011653 95183 763667 144681 105967 227175 183213 85721 592419 124924 90500 70988 165727 77129 286653 93979 81287 104916 73683 74657 600058 173449 100615 70939 80878 30004 0 0 0 0 0 0 2 0 2 2 2 2 2 2 35 2 207 2 0 0 0 0 0 0 0 0 0 0 0 0 0 0 0 0 0 0 0 0 0 0 0 0 0 0 0 0 0 0 0 0 0 0 0 0 0 0 0 0 0 0 0 0 0 0 0 0 0 0 0 0 0 0 0 0 0 0 0 0 0 0 0 0 0 0 0 0 0 0 0 0 0 0 0 0 0 0 0 0 0 0 0 0 0 0 0 0 0 0 0 0 0 0 0 0 0 0 0 0 0 0 0 0 0 0 0 0 0 0 0 0 0 0 0 0 0 0 0 0 0 0 0 0 0 0 0 0 0 0 0 0 0 0 0 0 0 0 0 0 0 0 0 0 0 0 0 0 0 0 0 0 0 0 0 0 0 0 0 0 0 0 0 0 0 0 0 0 0 0 0 0 0 0 0 0 0 0 0 0 0 0 0 0 0 0 0 0 0 0 0 0 0 0 0 0 0 0 0 0 0 0 0 0 0 0 0 0 0 0 0 0 0 0 0 0 0 0 0 0 0 0 0 0 0 0 0 0 0 0 0 0 0 0 0 0 0 0 0 0 0 0 0 0 0 0 0 0 0 0 0 0 0 0 0 0 0 0 0 0 0 0 0 0 0 0 0 0 0 0 0 0 0 0 0 0 0 0 0 0 0 0 0 0 0 0 0 0 0 0 0 0 0 0 0 0 0 0 0 0 0 0 0 0 0 0 0 0 0 0 0 0 0 0 0 0 0 0 0 0 0 0 0 0 0 0 0 0 0 0 0 0 0 0 0 0 0 0 0 0 0 0 0 0 0 0 0 0 0 0 0 0 0 0 0 0 0 0 0 0 0 0 0 0 0 0 0 0 0 0 0 0 0 0 0 0 0 0 0 0 0 0 0 0 0 0 0 0 0 0 0 0 0 0 0 0 0 0 0 0 0 0 0 0 0 0 0 0 0 0 0 0 0 0 0 0 0 0 0 0 0 0 0 0 0 0 0 0 0 0 0 0 0 0 0 0 0 0 0 0 0 0 0 0 0 0 0 0 0 0 0 0 0 0 0 0 0 0 0 0 0 0 0 0 0 0 0 0 0 0 0 0 0 0 0 0 0 0 0 0 0 0 0 0 0 0 0 0 0 0 0 0 0 0 0 0 0 0 0 0 0 0 0 0 0 0 0 0 0 0 0 0 0 0 0 0 0 0 0 0 0 0 0 0 0 0 0 0 0 0 0 0 0 0 0 0 0 0 0 0 0 0 0 0 0 0 0 0 0 0 0 0 0 0 0 0 0 0 0 0 0 0 0 0 0 0 0 0 0 0 0 0 0 0 0 0 0 0 0 0 0 0 0 0 0 0 0 0 0 0 0 0 0 0 0 0 0 0 0 0 0 0 0 0 0 0 0 0 0 0 0 0 0 0 0 0 0 0 0 0 0 0 0 0 0 0 0 0 0 0 0 0 0 0 0 0 0 0 0 0 0 0 0 0 0 0 0 0 0 0 0 0 0 0 0 0 0 0 0 0 0 0 0 0 0 0 0 0 0 0 0 0 0 0 0 0 0 0 0 0 0 0 0 0 0 0 0 0 0 0 0 0 0 0 0 0 0 0 0 0 0 0 0 0 0 0 0 0 0 0 0 0 0 0 0 0 0 0 0 0 0 0 0 0 0 0 0 0 0 0 0 0 0 0 0 0 0 0 0 0 0 0 0 0 0 0 0 0 0 0 0 0 0 0 0 0 0 0 0 0 0 0 0 0 0 0 0 0 0 0 0 0 0 0 0 0 0 0 0 0 0 0 0 0 0 0 0 0 0 0 0 0 0 0 0 0 0 0 0 0 0 0 0 0 0 0 0 0 0 0 0 0 0 0 0 0 0 0 0 0 0 0 0 0 0 0 0 0 0 0 0 0 0 0 0 0 0 0 0 0 0 0 0 0 0 0 0 0 0 0 0 0 0 0 0 0 0 0 0 0 0 0 0 0 0 0 0 0 0 0 0 0 0 0 0 0 0 0 0 0 0 0 0 0 0 0 0 0 0 0 0 0 0 0 0 0 0 0 0 0 0 0 0 0 0 0 0 0 0 0 0 0 0 0 0 0 0 0 0 0 0 0 0 0 0 0 0 0 0 0 0 0 0 0 0 0 0 0 0 0 0 0 0 0 0 0 0 0 0 0 0 0 0 0 0 0 0 0 0 0 0 0 0 0 0 0 0 0 0 0 0 0 0 0 0 0 0 0 0 0 0 0 0 0 0 0 0 0 0 0 0 0 0 0 0 0 0 0 0 0 0 0 0 0 0 0 0 0 0 0 0 0 0 0 0 0 0 0 0 0 0 0 0 0 0 0 0 0 0 0 0 0 0 0 0 0 0 0 0 0 0 0 0 0 0 0 0
ctxt 3867586716
btime 1783935075
processes 5443621
procs_running 1
procs_blocked 0
softirq 2899145326 204 324942223 1706168 918715730 33214 0 7718682 927233909 399464 718395732

/proc/meminfo
MemTotal:       32273192 kB
MemFree:         1690852 kB
MemAvailable:   23101424 kB
Buffers:               0 kB
Cached:         20899984 kB
SwapCached:        15524 kB
Active:         15775588 kB
Inactive:       12475484 kB
Active(anon):    6846112 kB
Inactive(anon):   552376 kB
Active(file):    8929476 kB
Inactive(file): 11923108 kB
Unevictable:           0 kB
Mlocked:               0 kB
SwapTotal:      67108860 kB
SwapFree:       63106556 kB
Zswap:                 0 kB
Zswapped:              0 kB
Dirty:                52 kB
Writeback:             0 kB
AnonPages:       7323412 kB
Mapped:           282304 kB
Shmem:             47792 kB
KReclaimable:    1027208 kB
Slab:            1465308 kB
SReclaimable:    1027208 kB
SUnreclaim:       438100 kB
KernelStack:       34080 kB
PageTables:        45008 kB
SecPageTables:      4112 kB
NFS_Unstable:          0 kB
Bounce:                0 kB
WritebackTmp:          0 kB
CommitLimit:    83245456 kB
Committed_AS:   17764884 kB
VmallocTotal:   34359738367 kB
VmallocUsed:      229840 kB
VmallocChunk:          0 kB
Percpu:            21216 kB
HardwareCorrupted:     0 kB
AnonHugePages:   1112064 kB
ShmemHugePages:        0 kB
ShmemPmdMapped:        0 kB
FileHugePages:         0 kB
FilePmdMapped:         0 kB
CmaTotal:              0 kB
CmaFree:               0 kB
Unaccepted:            0 kB
HugePages_Total:       0
HugePages_Free:        0
HugePages_Rsvd:        0
HugePages_Surp:        0
Hugepagesize:       2048 kB
Hugetlb:               0 kB
DirectMap4k:      389980 kB
DirectMap2M:     5574656 kB
DirectMap1G:    27262976 kB

