/proc/loadavg
2.08 2.02 1.77 1/2101 32

/proc/stat
cpu  119445300 86936 3736451 11901769098 195228234 904214 1420613 0 0 0
cpu0 41251278 53 88694 463401426 4315147 72726 145757 0 0 0
cpu1 7245932 38258 741302 474637938 26150558 117364 156579 0 0 0
cpu2 5481484 307 162565 489776305 13793964 40674 27879 0 0 0
cpu3 4746889 101 89217 495300085 9121346 26290 15397 0 0 0
cpu4 5152466 1389 235903 486682191 17044915 52272 45788 0 0 0
cpu5 5088171 58 87964 495472793 8600215 28756 15170 0 0 0
cpu6 4939966 76 63772 499415568 4842717 23693 24423 0 0 0
cpu7 10434058 22861 650045 474624901 23278004 105304 72588 0 0 0
cpu8 5086562 126 114757 493748017 10261056 38503 36712 0 0 0
cpu9 4984391 60 69499 499108328 5102160 24475 17781 0 0 0
cpu10 4966714 42 65280 500712813 3473300 24566 70932 0 0 0
cpu11 4717451 575 200525 492036513 12118598 56729 98105 0 0 0
cpu12 1716473 39 47574 502980319 4532980 14377 19611 0 0 0
cpu13 2179656 11035 350448 498821174 7824752 33668 22546 0 0 0
cpu14 804825 232 54088 503180384 5226357 14003 13014 0 0 0
cpu15 1037747 59 45006 503922152 4299956 9991 7503 0 0 0
cpu16 1058107 291 53431 504674406 3516671 10305 6136 0 0 0
cpu17 677413 106 57235 505005060 3356301 43825 157920 0 0 0
cpu18 803899 52 59419 504717378 3609269 22984 99786 0 0 0
cpu19 3477284 10449 255282 497252913 8152408 48235 39763 0 0 0
cpu20 711889 204 54930 503442956 4942735 34278 57150 0 0 0
cpu21 757470 140 76508 503883976 4271990 40618 255830 0 0 0
cpu22 748524 73 58828 505004259 3489568 9656 8239 0 0 0
cpu23 1376638 340 54168 503967231 3903255 10912 5990 0 0 0
intr 3818073469 22 0 0 0 0 0 0 0 0 0 0 0 0 0 0 0 8 0 0 0 0 0 0 0 0 0 0 0 1 0 1 1 1 1 0 0 0 0 37 0 0 0 0 0 0 0 0 0 0 0 0 0 0 0 0 0 0 0 0 0 0 0 0 0 2953 1 170694715 161747119 166805892 394028017 95191 763667 144681 105967 227251 183245 85767 592423 124954 90501 70991 165728 77129 286661 93982 81287 104917 73685 74664 600088 173462 100619 70962 80880 30004 0 0 0 0 0 0 2 0 2 2 2 2 2 2 35 2 207 2 0 0 0 0 0 0 0 0 0 0 0 0 0 0 0 0 0 0 0 0 0 0 0 0 0 0 0 0 0 0 0 0 0 0 0 0 0 0 0 0 0 0 0 0 0 0 0 0 0 0 0 0 0 0 0 0 0 0 0 0 0 0 0 0 0 0 0 0 0 0 0 0 0 0 0 0 0 0 0 0 0 0 0 0 0 0 0 0 0 0 0 0 0 0 0 0 0 0 0 0 0 0 0 0 0 0 0 0 0 0 0 0 0 0 0 0 0 0 0 0 0 0 0 0 0 0 0 0 0 0 0 0 0 0 0 0 0 0 0 0 0 0 0 0 0 0 0 0 0 0 0 0 0 0 0 0 0 0 0 0 0 0 0 0 0 0 0 0 0 0 0 0 0 0 0 0 0 0 0 0 0 0 0 0 0 0 0 0 0 0 0 0 0 0 0 0 0 0 0 0 0 0 0 0 0 0 0 0 0 0 0 0 0 0 0 0 0 0 0 0 0 0 0 0 0 0 0 0 0 0 0 0 0 0 0 0 0 0 0 0 0 0 0 0 0 0 0 0 0 0 0 0 0 0 0 0 0 0 0 0 0 0 0 0 0 0 0 0 0 0 0 0 0 0 0 0 0 0 0 0 0 0 0 0 0 0 0 0 0 0 0 0 0 0 0 0 0 0 0 0 0 0 0 0 0 0 0 0 0 0 0 0 0 0 0 0 0 0 0 0 0 0 0 0 0 0 0 0 0 0 0 0 0 0 0 0 0 0 0 0 0 0 0 0 0 0 0 0 0 0 0 0 0 0 0 0 0 0 0 0 0 0 0 0 0 0 0 0 0 0 0 0 0 0 0 0 0 0 0 0 0 0 0 0 0 0 0 0 0 0 0 0 0 0 0 0 0 0 0 0 0 0 0 0 0 0 0 0 0 0 0 0 0 0 0 0 0 0 0 0 0 0 0 0 0 0 0 0 0 0 0 0 0 0 0 0 0 0 0 0 0 0 0 0 0 0 0 0 0 0 0 0 0 0 0 0 0 0 0 0 0 0 0 0 0 0 0 0 0 0 0 0 0 0 0 0 0 0 0 0 0 0 0 0 0 0 0 0 0 0 0 0 0 0 0 0 0 0 0 0 0 0 0 0 0 0 0 0 0 0 0 0 0 0 0 0 0 0 0 0 0 0 0 0 0 0 0 0 0 0 0 0 0 0 0 0 0 0 0 0 0 0 0 0 0 0 0 0 0 0 0 0 0 0 0 0 0 0 0 0 0 0 0 0 0 0 0 0 0 0 0 0 0 0 0 0 0 0 0 0 0 0 0 0 0 0 0 0 0 0 0 0 0 0 0 0 0 0 0 0 0 0 0 0 0 0 0 0 0 0 0 0 0 0 0 0 0 0 0 0 0 0 0 0 0 0 0 0 0 0 0 0 0 0 0 0 0 0 0 0 0 0 0 0 0 0 0 0 0 0 0 0 0 0 0 0 0 0 0 0 0 0 0 0 0 0 0 0 0 0 0 0 0 0 0 0 0 0 0 0 0 0 0 0 0 0 0 0 0 0 0 0 0 0 0 0 0 0 0 0 0 0 0 0 0 0 0 0 0 0 0 0 0 0 0 0 0 0 0 0 0 0 0 0 0 0 0 0 0 0 0 0 0 0 0 0 0 0 0 0 0 0 0 0 0 0 0 0 0 0 0 0 0 0 0 0 0 0 0 0 0 0 0 0 0 0 0 0 0 0 0 0 0 0 0 0 0 0 0 0 0 0 0 0 0 0 0 0 0 0 0 0 0 0 0 0 0 0 0 0 0 0 0 0 0 0 0 0 0 0 0 0 0 0 0 0 0 0 0 0 0 0 0 0 0 0 0 0 0 0 0 0 0 0 0 0 0 0 0 0 0 0 0 0 0 0 0 0 0 0 0 0 0 0 0 0 0 0 0 0 0 0 0 0 0 0 0 0 0 0 0 0 0 0 0 0 0 0 0 0 0 0 0 0 0 0 0 0 0 0 0 0 0 0 0 0 0 0 0 0 0 0 0 0 0 0 0 0 0 0 0 0 0 0 0 0 0 0 0 0 0 0 0 0 0 0 0 0 0 0 0 0 0 0 0 0 0 0 0 0 0 0 0 0 0 0 0 0 0 0 0 0 0 0 0 0 0 0 0 0 0 0 0 0 0 0 0 0 0 0 0 0 0 0 0 0 0 0 0 0 0 0 0 0 0 0 0 0 0 0 0 0 0 0 0 0 0 0 0 0 0 0 0 0 0 0 0 0 0 0 0 0 0 0 0 0 0 0 0 0 0 0 0 0 0 0 0 0 0 0 0 0 0 0 0 0 0 0 0 0 0 0 0 0 0 0 0
ctxt 3868326705
btime 1783935075
processes 5444037
procs_running 1
procs_blocked 0
softirq 2899703554 204 324977246 1707270 918765221 33214 0 7720016 927624992 399464 718475927

/proc/meminfo
MemTotal:       32273192 kB
MemFree:         1638792 kB
MemAvailable:   23104540 kB
Buffers:               0 kB
Cached:         20955172 kB
SwapCached:        15520 kB
Active:         15772052 kB
Inactive:       12530692 kB
Active(anon):    6842576 kB
Inactive(anon):   552376 kB
Active(file):    8929476 kB
Inactive(file): 11978316 kB
Unevictable:           0 kB
Mlocked:               0 kB
SwapTotal:      67108860 kB
SwapFree:       63106556 kB
Zswap:                 0 kB
Zswapped:              0 kB
Dirty:                 4 kB
Writeback:             0 kB
AnonPages:       7317528 kB
Mapped:           282148 kB
Shmem:             47772 kB
KReclaimable:    1027176 kB
Slab:            1465072 kB
SReclaimable:    1027176 kB
SUnreclaim:       437896 kB
KernelStack:       34000 kB
PageTables:        44832 kB
SecPageTables:      4112 kB
NFS_Unstable:          0 kB
Bounce:                0 kB
WritebackTmp:          0 kB
CommitLimit:    83245456 kB
Committed_AS:   17748980 kB
VmallocTotal:   34359738367 kB
VmallocUsed:      229692 kB
VmallocChunk:          0 kB
Percpu:            21216 kB
HardwareCorrupted:     0 kB
AnonHugePages:   1103872 kB
ShmemHugePages:        0 kB
ShmemPmdMapped:        0 kB
FileHugePages:         0 kB
FilePmdMapped:         0 kB
CmaTotal:              0 kB
CmaFree:               0 kB
Unaccepted:            0 kB
HugePages_Total:       0
HugePages_Free:        0
HugePages_Rsvd:        0
HugePages_Surp:        0
Hugepagesize:       2048 kB
Hugetlb:               0 kB
DirectMap4k:      389980 kB
DirectMap2M:     5574656 kB
DirectMap1G:    27262976 kB

