/proc/loadavg
2.00 2.00 1.72 1/2101 28

/proc/stat
cpu  119431053 86936 3736282 11901442521 195228107 904171 1420546 0 0 0
cpu0 41250641 53 88615 463388021 4315111 72723 145710 0 0 0
cpu1 7245922 38258 741291 474623760 26150551 117361 156576 0 0 0
cpu2 5468077 307 162564 489775521 13793964 40647 27878 0 0 0
cpu3 4746883 101 89213 495285900 9121323 26290 15397 0 0 0
cpu4 5152434 1389 235893 486668025 17044909 52271 45787 0 0 0
cpu5 5088167 58 87961 495458585 8600215 28755 15170 0 0 0
cpu6 4939957 76 63769 499401363 4842716 23693 24423 0 0 0
cpu7 10434024 22861 650041 474610721 23278004 105304 72588 0 0 0
cpu8 5086559 126 114754 493733807 10261054 38503 36712 0 0 0
cpu9 4984387 60 69498 499094114 5102160 24474 17781 0 0 0
cpu10 4966712 42 65279 500698602 3473294 24565 70932 0 0 0
cpu11 4717447 575 200521 492022324 12118578 56728 98103 0 0 0
cpu12 1716473 39 47573 502966100 4532980 14377 19611 0 0 0
cpu13 2179650 11035 350436 498806978 7824752 33668 22546 0 0 0
cpu14 804823 232 54088 503166166 5226357 14003 13013 0 0 0
cpu15 1037744 59 45005 503907946 4299946 9991 7503 0 0 0
cpu16 1058081 291 53426 504660220 3516671 10305 6136 0 0 0
cpu17 677404 106 57232 504990860 3356297 43825 157919 0 0 0
cpu18 803897 52 59416 504703163 3609269 22983 99786 0 0 0
cpu19 3477253 10449 255271 497238740 8152406 48234 39763 0 0 0
cpu20 711887 204 54927 503428745 4942735 34277 57150 0 0 0
cpu21 757464 140 76505 503869780 4271988 40617 255822 0 0 0
cpu22 748519 73 58826 504990049 3489567 9655 8239 0 0 0
cpu23 1376637 340 54166 503953017 3903252 10912 5990 0 0 0
intr 3817783587 22 0 0 0 0 0 0 0 0 0 0 0 0 0 0 0 8 0 0 0 0 0 0 0 0 0 0 0 1 0 1 1 1 1 0 0 0 0 37 0 0 0 0 0 0 0 0 0 0 0 0 0 0 0 0 0 0 0 0 0 0 0 0 0 2953 1 170689107 161738802 166804949 394021869 95185 763667 144681 105967 227231 183235 85748 592423 124939 90500 70991 165727 77129 286653 93982 81287 104917 73684 74662 600080 173459 100616 70955 80880 30004 0 0 0 0 0 0 2 0 2 2 2 2 2 2 35 2 207 2 0 0 0 0 0 0 0 0 0 0 0 0 0 0 0 0 0 0 0 0 0 0 0 0 0 0 0 0 0 0 0 0 0 0 0 0 0 0 0 0 0 0 0 0 0 0 0 0 0 0 0 0 0 0 0 0 0 0 0 0 0 0 0 0 0 0 0 0 0 0 0 0 0 0 0 0 0 0 0 0 0 0 0 0 0 0 0 0 0 0 0 0 0 0 0 0 0 0 0 0 0 0 0 0 0 0 0 0 0 0 0 0 0 0 0 0 0 0 0 0 0 0 0 0 0 0 0 0 0 0 0 0 0 0 0 0 0 0 0 0 0 0 0 0 0 0 0 0 0 0 0 0 0 0 0 0 0 0 0 0 0 0 0 0 0 0 0 0 0 0 0 0 0 0 0 0 0 0 0 0 0 0 0 0 0 0 0 0 0 0 0 0 0 0 0 0 0 0 0 0 0 0 0 0 0 0 0 0 0 0 0 0 0 0 0 0 0 0 0 0 0 0 0 0 0 0 0 0 0 0 0 0 0 0 0 0 0 0 0 0 0 0 0 0 0 0 0 0 0 0 0 0 0 0 0 0 0 0 0 0 0 0 0 0 0 0 0 0 0 0 0 0 0 0 0 0 0 0 0 0 0 0 0 0 0 0 0 0 0 0 0 0 0 0 0 0 0 0 0 0 0 0 0 0 0 0 0 0 0 0 0 0 0 0 0 0 0 0 0 0 0 0 0 0 0 0 0 0 0 0 0 0 0 0 0 0 0 0 0 0 0 0 0 0 0 0 0 0 0 0 0 0 0 0 0 0 0 0 0 0 0 0 0 0 0 0 0 0 0 0 0 0 0 0 0 0 0 0 0 0 0 0 0 0 0 0 0 0 0 0 0 0 0 0 0 0 0 0 0 0 0 0 0 0 0 0 0 0 0 0 0 0 0 0 0 0 0 0 0 0 0 0 0 0 0 0 0 0 0 0 0 0 0 0 0 0 0 0 0 0 0 0 0 0 0 0 0 0 0 0 0 0 0 0 0 0 0 0 0 0 0 0 0 0 0 0 0 0 0 0 0 0 0 0 0 0 0 0 0 0 0 0 0 0 0 0 0 0 0 0 0 0 0 0 0 0 0 0 0 0 0 0 0 0 0 0 0 0 0 0 0 0 0 0 0 0 0 0 0 0 0 0 0 0 0 0 0 0 0 0 0 0 0 0 0 0 0 0 0 0 0 0 0 0 0 0 0 0 0 0 0 0 0 0 0 0 0 0 0 0 0 0 0 0 0 0 0 0 0 0 0 0 0 0 0 0 0 0 0 0 0 0 0 0 0 0 0 0 0 0 0 0 0 0 0 0 0 0 0 0 0 0 0 0 0 0 0 0 0 0 0 0 0 0 0 0 0 0 0 0 0 0 0 0 0 0 0 0 0 0 0 0 0 0 0 0 0 0 0 0 0 0 0 0 0 0 0 0 0 0 0 0 0 0 0 0 0 0 0 0 0 0 0 0 0 0 0 0 0 0 0 0 0 0 0 0 0 0 0 0 0 0 0 0 0 0 0 0 0 0 0 0 0 0 0 0 0 0 0 0 0 0 0 0 0 0 0 0 0 0 0 0 0 0 0 0 0 0 0 0 0 0 0 0 0 0 0 0 0 0 0 0 0 0 0 0 0 0 0 0 0 0 0 0 0 0 0 0 0 0 0 0 0 0 0 0 0 0 0 0 0 0 0 0 0 0 0 0 0 0 0 0 0 0 0 0 0 0 0 0 0 0 0 0 0 0 0 0 0 0 0 0 0 0 0 0 0 0 0 0 0 0 0 0 0 0 0 0 0 0 0 0 0 0 0 0 0 0 0 0 0 0 0 0 0 0 0 0 0 0 0 0 0 0 0 0 0 0 0 0 0 0 0 0 0 0 0 0 0 0 0 0 0 0 0 0 0 0 0 0 0 0 0 0 0 0 0 0 0 0 0 0 0 0 0 0 0 0 0 0 0 0 0 0 0 0 0 0 0 0 0 0 0 0 0 0 0 0 0 0 0 0 0 0 0 0 0 0 0 0 0 0 0 0 0 0 0 0 0 0 0 0 0 0 0 0 0 0 0 0 0 0 0 0 0 0 0 0 0 0 0 0 0 0 0 0 0 0 0 0 0 0 0 0 0 0 0 0 0 0 0 0 0 0 0 0 0 0 0 0 0 0 0 0 0 0 0 0 0 0 0 0 0 0 0 0 0 0 0 0 0 0 0 0 0 0 0 0 0 0 0 0 0 0 0 0 0 0 0 0 0 0 0 0 0 0 0 0 0 0 0 0 0 0 0 0 0 0 0 0 0 0 0 0 0 0 0 0 0 0 0 0 0 0 0 0 0
ctxt 3868094027
btime 1783935075
processes 5443922
procs_running 1
procs_blocked 0
softirq 2899535031 204 324967048 1706905 918743719 33214 0 7719246 927509490 399464 718455741

/proc/meminfo
MemTotal:       32273192 kB
MemFree:         1663240 kB
MemAvailable:   23112300 kB
Buffers:               0 kB
Cached:         20938420 kB
SwapCached:        15524 kB
Active:         15772368 kB
Inactive:       12513940 kB
Active(anon):    6842860 kB
Inactive(anon):   552376 kB
Active(file):    8929508 kB
Inactive(file): 11961564 kB
Unevictable:           0 kB
Mlocked:               0 kB
SwapTotal:      67108860 kB
SwapFree:       63106556 kB
Zswap:                 0 kB
Zswapped:              0 kB
Dirty:                24 kB
Writeback:             0 kB
AnonPages:       7319860 kB
Mapped:           282096 kB
Shmem:             47772 kB
KReclaimable:    1027208 kB
Slab:            1465096 kB
SReclaimable:    1027208 kB
SUnreclaim:       437888 kB
KernelStack:       34000 kB
PageTables:        44832 kB
SecPageTables:      4112 kB
NFS_Unstable:          0 kB
Bounce:                0 kB
WritebackTmp:          0 kB
CommitLimit:    83245456 kB
Committed_AS:   17732072 kB
VmallocTotal:   34359738367 kB
VmallocUsed:      229724 kB
VmallocChunk:          0 kB
Percpu:            21216 kB
HardwareCorrupted:     0 kB
AnonHugePages:   1112064 kB
ShmemHugePages:        0 kB
ShmemPmdMapped:        0 kB
FileHugePages:         0 kB
FilePmdMapped:         0 kB
CmaTotal:              0 kB
CmaFree:               0 kB
Unaccepted:            0 kB
HugePages_Total:       0
HugePages_Free:        0
HugePages_Rsvd:        0
HugePages_Surp:        0
Hugepagesize:       2048 kB
Hugetlb:               0 kB
DirectMap4k:      389980 kB
DirectMap2M:     5574656 kB
DirectMap1G:    27262976 kB

