/proc/loadavg
1.33 1.11 1.12 2/2114 4

/proc/stat
cpu  119344544 86936 3735195 11899462748 195226896 903913 1420134 0 0 0
cpu0 41247026 53 88171 463306493 4314859 72704 145421 0 0 0
cpu1 7245817 38258 741249 474537883 26150378 117356 156558 0 0 0
cpu2 5386669 307 162564 489770870 13793962 40479 27875 0 0 0
cpu3 4746806 101 89189 495199992 9121115 26287 15395 0 0 0
cpu4 5152295 1389 235835 486582082 17044853 52264 45777 0 0 0
cpu5 5088133 58 87941 495372444 8600193 28751 15168 0 0 0
cpu6 4939931 76 63756 499315191 4842709 23691 24422 0 0 0
cpu7 10433896 22861 649990 474524724 23277967 105300 72584 0 0 0
cpu8 5086526 126 114716 493647672 10261041 38501 36711 0 0 0
cpu9 4984357 60 69484 499008002 5102091 24473 17780 0 0 0
cpu10 4966685 42 65259 500612445 3473275 24564 70931 0 0 0
cpu11 4717341 575 200480 491936449 12118390 56723 98097 0 0 0
cpu12 1716450 39 47563 502879927 4532960 14376 19610 0 0 0
cpu13 2179498 11035 350332 498721076 7824708 33662 22545 0 0 0
cpu14 804821 232 54086 503079947 5226357 14002 13013 0 0 0
cpu15 1037683 59 44981 503821827 4299938 9988 7501 0 0 0
cpu16 1057987 291 53400 504574126 3516666 10302 6135 0 0 0
cpu17 677356 106 57211 504904740 3356285 43819 157905 0 0 0
cpu18 803878 52 59399 504616989 3609258 22982 99784 0 0 0
cpu19 3477036 10449 255230 497152791 8152403 48229 39761 0 0 0
cpu20 711844 204 54911 503342612 4942710 34274 57148 0 0 0
cpu21 757450 140 76489 503783650 4271981 40613 255774 0 0 0
cpu22 748484 73 58810 504903885 3489558 9654 8238 0 0 0
cpu23 1376562 340 54140 503866920 3903228 10909 5989 0 0 0
intr 3816205272 22 0 0 0 0 0 0 0 0 0 0 0 0 0 0 0 8 0 0 0 0 0 0 0 0 0 0 0 1 0 1 1 1 1 0 0 0 0 37 0 0 0 0 0 0 0 0 0 0 0 0 0 0 0 0 0 0 0 0 0 0 0 0 0 2953 1 170668973 161724240 166745412 393973142 95181 763666 144681 105966 227076 183174 85649 592394 124923 90497 70984 165727 77129 286653 93979 81271 104915 73683 74653 600011 173441 100611 70915 80878 30004 0 0 0 0 0 0 2 0 2 2 2 2 2 2 35 2 207 2 0 0 0 0 0 0 0 0 0 0 0 0 0 0 0 0 0 0 0 0 0 0 0 0 0 0 0 0 0 0 0 0 0 0 0 0 0 0 0 0 0 0 0 0 0 0 0 0 0 0 0 0 0 0 0 0 0 0 0 0 0 0 0 0 0 0 0 0 0 0 0 0 0 0 0 0 0 0 0 0 0 0 0 0 0 0 0 0 0 0 0 0 0 0 0 0 0 0 0 0 0 0 0 0 0 0 0 0 0 0 0 0 0 0 0 0 0 0 0 0 0 0 0 0 0 0 0 0 0 0 0 0 0 0 0 0 0 0 0 0 0 0 0 0 0 0 0 0 0 0 0 0 0 0 0 0 0 0 0 0 0 0 0 0 0 0 0 0 0 0 0 0 0 0 0 0 0 0 0 0 0 0 0 0 0 0 0 0 0 0 0 0 0 0 0 0 0 0 0 0 0 0 0 0 0 0 0 0 0 0 0 0 0 0 0 0 0 0 0 0 0 0 0 0 0 0 0 0 0 0 0 0 0 0 0 0 0 0 0 0 0 0 0 0 0 0 0 0 0 0 0 0 0 0 0 0 0 0 0 0 0 0 0 0 0 0 0 0 0 0 0 0 0 0 0 0 0 0 0 0 0 0 0 0 0 0 0 0 0 0 0 0 0 0 0 0 0 0 0 0 0 0 0 0 0 0 0 0 0 0 0 0 0 0 0 0 0 0 0 0 0 0 0 0 0 0 0 0 0 0 0 0 0 0 0 0 0 0 0 0 0 0 0 0 0 0 0 0 0 0 0 0 0 0 0 0 0 0 0 0 0 0 0 0 0 0 0 0 0 0 0 0 0 0 0 0 0 0 0 0 0 0 0 0 0 0 0 0 0 0 0 0 0 0 0 0 0 0 0 0 0 0 0 0 0 0 0 0 0 0 0 0 0 0 0 0 0 0 0 0 0 0 0 0 0 0 0 0 0 0 0 0 0 0 0 0 0 0 0 0 0 0 0 0 0 0 0 0 0 0 0 0 0 0 0 0 0 0 0 0 0 0 0 0 0 0 0 0 0 0 0 0 0 0 0 0 0 0 0 0 0 0 0 0 0 0 0 0 0 0 0 0 0 0 0 0 0 0 0 0 0 0 0 0 0 0 0 0 0 0 0 0 0 0 0 0 0 0 0 0 0 0 0 0 0 0 0 0 0 0 0 0 0 0 0 0 0 0 0 0 0 0 0 0 0 0 0 0 0 0 0 0 0 0 0 0 0 0 0 0 0 0 0 0 0 0 0 0 0 0 0 0 0 0 0 0 0 0 0 0 0 0 0 0 0 0 0 0 0 0 0 0 0 0 0 0 0 0 0 0 0 0 0 0 0 0 0 0 0 0 0 0 0 0 0 0 0 0 0 0 0 0 0 0 0 0 0 0 0 0 0 0 0 0 0 0 0 0 0 0 0 0 0 0 0 0 0 0 0 0 0 0 0 0 0 0 0 0 0 0 0 0 0 0 0 0 0 0 0 0 0 0 0 0 0 0 0 0 0 0 0 0 0 0 0 0 0 0 0 0 0 0 0 0 0 0 0 0 0 0 0 0 0 0 0 0 0 0 0 0 0 0 0 0 0 0 0 0 0 0 0 0 0 0 0 0 0 0 0 0 0 0 0 0 0 0 0 0 0 0 0 0 0 0 0 0 0 0 0 0 0 0 0 0 0 0 0 0 0 0 0 0 0 0 0 0 0 0 0 0 0 0 0 0 0 0 0 0 0 0 0 0 0 0 0 0 0 0 0 0 0 0 0 0 0 0 0 0 0 0 0 0 0 0 0 0 0 0 0 0 0 0 0 0 0 0 0 0 0 0 0 0 0 0 0 0 0 0 0 0 0 0 0 0 0 0 0 0 0 0 0 0 0 0 0 0 0 0 0 0 0 0 0 0 0 0 0 0 0 0 0 0 0 0 0 0 0 0 0 0 0 0 0 0 0 0 0 0 0 0 0 0 0 0 0 0 0 0 0 0 0 0 0 0 0 0 0 0 0 0 0 0 0 0 0 0 0 0 0 0 0 0 0 0 0 0 0 0 0 0 0 0 0 0 0 0 0 0 0 0 0 0 0 0 0 0 0 0 0 0 0 0 0 0 0 0 0 0 0 0 0 0 0 0 0 0 0 0 0 0 0 0 0 0 0 0 0 0 0 0 0 0 0 0 0 0 0 0 0 0 0 0 0 0 0 0 0 0 0 0 0 0 0 0 0 0 0 0 0 0 0 0 0 0 0 0 0 0 0 0 0 0 0 0 0 0 0 0 0 0 0 0 0 0 0 0 0 0 0 0 0 0 0 0 0 0 0 0 0 0 0 0 0 0 0 0 0
ctxt 3866822182
btime 1783935075
processes 5443015
procs_running 2
procs_blocked 0
softirq 2898438152 204 324901022 1704628 918596643 33214 0 7716445 926785007 399455 718301534

/proc/meminfo
MemTotal:       32273192 kB
MemFree:         1779956 kB
MemAvailable:   23128820 kB
Buffers:               0 kB
Cached:         20838144 kB
SwapCached:        15520 kB
Active:         15757980 kB
Inactive:       12413720 kB
Active(anon):    6828540 kB
Inactive(anon):   552380 kB
Active(file):    8929440 kB
Inactive(file): 11861340 kB
Unevictable:           0 kB
Mlocked:               0 kB
SwapTotal:      67108860 kB
SwapFree:       63106556 kB
Zswap:                 0 kB
Zswapped:              0 kB
Dirty:               100 kB
Writeback:            24 kB
AnonPages:       7312688 kB
Mapped:           281368 kB
Shmem:             47792 kB
KReclaimable:    1027304 kB
Slab:            1465328 kB
SReclaimable:    1027304 kB
SUnreclaim:       438024 kB
KernelStack:       34192 kB
PageTables:        44964 kB
SecPageTables:      4112 kB
NFS_Unstable:          0 kB
Bounce:                0 kB
WritebackTmp:          0 kB
CommitLimit:    83245456 kB
Committed_AS:   17758844 kB
VmallocTotal:   34359738367 kB
VmallocUsed:      229856 kB
VmallocChunk:          0 kB
Percpu:            21216 kB
HardwareCorrupted:     0 kB
AnonHugePages:   1120256 kB
ShmemHugePages:        0 kB
ShmemPmdMapped:        0 kB
FileHugePages:         0 kB
FilePmdMapped:         0 kB
CmaTotal:              0 kB
CmaFree:               0 kB
Unaccepted:            0 kB
HugePages_Total:       0
HugePages_Free:        0
HugePages_Rsvd:        0
HugePages_Surp:        0
Hugepagesize:       2048 kB
Hugetlb:               0 kB
DirectMap4k:      389980 kB
DirectMap2M:     5574656 kB
DirectMap1G:    27262976 kB

