/proc/loadavg
2.15 1.98 1.61 1/2107 21

/proc/stat
cpu  119404760 86936 3735980 11900839268 195227846 904092 1420430 0 0 0
cpu0 41249697 53 88502 463363004 4315039 72717 145621 0 0 0
cpu1 7245890 38258 741281 474597585 26150511 117359 156571 0 0 0
cpu2 5443163 307 162564 489774220 13793964 40595 27877 0 0 0
cpu3 4746867 101 89203 495259681 9121308 26288 15397 0 0 0
cpu4 5152404 1389 235877 486641824 17044899 52269 45786 0 0 0
cpu5 5088160 58 87954 495432345 8600207 28753 15169 0 0 0
cpu6 4939955 76 63767 499375107 4842714 23692 24423 0 0 0
cpu7 10433965 22861 650026 474584534 23278003 105303 72587 0 0 0
cpu8 5086553 126 114746 493707562 10261050 38502 36712 0 0 0
cpu9 4984375 60 69496 499067873 5102151 24474 17781 0 0 0
cpu10 4966708 42 65276 500672350 3473288 24565 70932 0 0 0
cpu11 4717437 575 200515 491996111 12118545 56727 98102 0 0 0
cpu12 1716468 39 47570 502939857 4532966 14377 19611 0 0 0
cpu13 2179581 11035 350402 498780838 7824737 33665 22545 0 0 0
cpu14 804823 232 54087 503139904 5226357 14003 13013 0 0 0
cpu15 1037715 59 44994 503881730 4299940 9990 7502 0 0 0
cpu16 1058061 291 53416 504633990 3516668 10304 6136 0 0 0
cpu17 677388 106 57224 504964630 3356294 43822 157914 0 0 0
cpu18 803894 52 59413 504676905 3609269 22983 99786 0 0 0
cpu19 3477183 10449 255248 497212576 8152406 48232 39762 0 0 0
cpu20 711857 204 54919 503402534 4942723 34276 57149 0 0 0
cpu21 757460 140 76501 503843534 4271985 40616 255816 0 0 0
cpu22 748510 73 58821 504963801 3489564 9655 8239 0 0 0
cpu23 1376634 340 54164 503926762 3903248 10911 5989 0 0 0
intr 3817293870 22 0 0 0 0 0 0 0 0 0 0 0 0 0 0 0 8 0 0 0 0 0 0 0 0 0 0 0 1 0 1 1 1 1 0 0 0 0 37 0 0 0 0 0 0 0 0 0 0 0 0 0 0 0 0 0 0 0 0 0 0 0 0 0 2953 1 170679176 161737744 166802921 394014097 95183 763667 144681 105967 227195 183217 85721 592421 124939 90500 70991 165727 77129 286653 93979 81287 104917 73683 74661 600062 173450 100616 70946 80878 30004 0 0 0 0 0 0 2 0 2 2 2 2 2 2 35 2 207 2 0 0 0 0 0 0 0 0 0 0 0 0 0 0 0 0 0 0 0 0 0 0 0 0 0 0 0 0 0 0 0 0 0 0 0 0 0 0 0 0 0 0 0 0 0 0 0 0 0 0 0 0 0 0 0 0 0 0 0 0 0 0 0 0 0 0 0 0 0 0 0 0 0 0 0 0 0 0 0 0 0 0 0 0 0 0 0 0 0 0 0 0 0 0 0 0 0 0 0 0 0 0 0 0 0 0 0 0 0 0 0 0 0 0 0 0 0 0 0 0 0 0 0 0 0 0 0 0 0 0 0 0 0 0 0 0 0 0 0 0 0 0 0 0 0 0 0 0 0 0 0 0 0 0 0 0 0 0 0 0 0 0 0 0 0 0 0 0 0 0 0 0 0 0 0 0 0 0 0 0 0 0 0 0 0 0 0 0 0 0 0 0 0 0 0 0 0 0 0 0 0 0 0 0 0 0 0 0 0 0 0 0 0 0 0 0 0 0 0 0 0 0 0 0 0 0 0 0 0 0 0 0 0 0 0 0 0 0 0 0 0 0 0 0 0 0 0 0 0 0 0 0 0 0 0 0 0 0 0 0 0 0 0 0 0 0 0 0 0 0 0 0 0 0 0 0 0 0 0 0 0 0 0 0 0 0 0 0 0 0 0 0 0 0 0 0 0 0 0 0 0 0 0 0 0 0 0 0 0 0 0 0 0 0 0 0 0 0 0 0 0 0 0 0 0 0 0 0 0 0 0 0 0 0 0 0 0 0 0 0 0 0 0 0 0 0 0 0 0 0 0 0 0 0 0 0 0 0 0 0 0 0 0 0 0 0 0 0 0 0 0 0 0 0 0 0 0 0 0 0 0 0 0 0 0 0 0 0 0 0 0 0 0 0 0 0 0 0 0 0 0 0 0 0 0 0 0 0 0 0 0 0 0 0 0 0 0 0 0 0 0 0 0 0 0 0 0 0 0 0 0 0 0 0 0 0 0 0 0 0 0 0 0 0 0 0 0 0 0 0 0 0 0 0 0 0 0 0 0 0 0 0 0 0 0 0 0 0 0 0 0 0 0 0 0 0 0 0 0 0 0 0 0 0 0 0 0 0 0 0 0 0 0 0 0 0 0 0 0 0 0 0 0 0 0 0 0 0 0 0 0 0 0 0 0 0 0 0 0 0 0 0 0 0 0 0 0 0 0 0 0 0 0 0 0 0 0 0 0 0 0 0 0 0 0 0 0 0 0 0 0 0 0 0 0 0 0 0 0 0 0 0 0 0 0 0 0 0 0 0 0 0 0 0 0 0 0 0 0 0 0 0 0 0 0 0 0 0 0 0 0 0 0 0 0 0 0 0 0 0 0 0 0 0 0 0 0 0 0 0 0 0 0 0 0 0 0 0 0 0 0 0 0 0 0 0 0 0 0 0 0 0 0 0 0 0 0 0 0 0 0 0 0 0 0 0 0 0 0 0 0 0 0 0 0 0 0 0 0 0 0 0 0 0 0 0 0 0 0 0 0 0 0 0 0 0 0 0 0 0 0 0 0 0 0 0 0 0 0 0 0 0 0 0 0 0 0 0 0 0 0 0 0 0 0 0 0 0 0 0 0 0 0 0 0 0 0 0 0 0 0 0 0 0 0 0 0 0 0 0 0 0 0 0 0 0 0 0 0 0 0 0 0 0 0 0 0 0 0 0 0 0 0 0 0 0 0 0 0 0 0 0 0 0 0 0 0 0 0 0 0 0 0 0 0 0 0 0 0 0 0 0 0 0 0 0 0 0 0 0 0 0 0 0 0 0 0 0 0 0 0 0 0 0 0 0 0 0 0 0 0 0 0 0 0 0 0 0 0 0 0 0 0 0 0 0 0 0 0 0 0 0 0 0 0 0 0 0 0 0 0 0 0 0 0 0 0 0 0 0 0 0 0 0 0 0 0 0 0 0 0 0 0 0 0 0 0 0 0 0 0 0 0 0 0 0 0 0 0 0 0 0 0 0 0 0 0 0 0 0 0 0 0 0 0 0 0 0 0 0 0 0 0 0 0 0 0 0 0 0 0 0 0 0 0 0 0 0 0 0 0 0 0 0 0 0 0 0 0 0 0 0 0 0 0 0 0 0 0 0 0 0 0 0 0 0 0 0 0 0 0 0 0 0 0 0 0 0 0 0 0 0 0 0 0 0 0 0 0 0 0 0 0 0 0 0 0 0 0 0 0 0 0 0 0 0 0 0 0 0 0 0 0 0 0 0 0 0 0 0 0 0 0 0 0 0 0 0 0 0 0 0 0 0 0 0 0 0 0 0 0 0 0 0 0 0 0 0 0 0 0 0 0 0 0 0 0 0 0 0 0 0 0 0 0 0 0
ctxt 3867690696
btime 1783935075
processes 5443709
procs_running 1
procs_blocked 0
softirq 2899226624 204 324947209 1706472 918722006 33214 0 7718880 927292710 399464 718406465

/proc/meminfo
MemTotal:       32273192 kB
MemFree:         1674952 kB
MemAvailable:   23098472 kB
Buffers:               0 kB
Cached:         20912904 kB
SwapCached:        15524 kB
Active:         15775920 kB
Inactive:       12488400 kB
Active(anon):    6846412 kB
Inactive(anon):   552376 kB
Active(file):    8929508 kB
Inactive(file): 11936024 kB
Unevictable:           0 kB
Mlocked:               0 kB
SwapTotal:      67108860 kB
SwapFree:       63106556 kB
Zswap:                 0 kB
Zswapped:              0 kB
Dirty:               112 kB
Writeback:           320 kB
AnonPages:       7323728 kB
Mapped:           282324 kB
Shmem:             47792 kB
KReclaimable:    1027208 kB
Slab:            1465412 kB
SReclaimable:    1027208 kB
SUnreclaim:       438204 kB
KernelStack:       34080 kB
PageTables:        45008 kB
SecPageTables:      4112 kB
NFS_Unstable:          0 kB
Bounce:                0 kB
WritebackTmp:          0 kB
CommitLimit:    83245456 kB
Committed_AS:   17762996 kB
VmallocTotal:   34359738367 kB
VmallocUsed:      229760 kB
VmallocChunk:          0 kB
Percpu:            21216 kB
HardwareCorrupted:     0 kB
AnonHugePages:   1112064 kB
ShmemHugePages:        0 kB
ShmemPmdMapped:        0 kB
FileHugePages:         0 kB
FilePmdMapped:         0 kB
CmaTotal:              0 kB
CmaFree:               0 kB
Unaccepted:            0 kB
HugePages_Total:       0
HugePages_Free:        0
HugePages_Rsvd:        0
HugePages_Surp:        0
Hugepagesize:       2048 kB
Hugetlb:               0 kB
DirectMap4k:      389980 kB
DirectMap2M:     5574656 kB
DirectMap1G:    27262976 kB

