/proc/loadavg
2.09 2.03 1.79 1/2099 34

/proc/stat
cpu  119452745 86936 3736545 11901939400 195228325 904236 1420650 0 0 0
cpu0 41251587 53 88734 463408447 4315162 72728 145782 0 0 0
cpu1 7245934 38258 741304 474645343 26150562 117364 156581 0 0 0
cpu2 5488487 307 162565 489776705 13793964 40689 27879 0 0 0
cpu3 4746893 101 89219 495307482 9121361 26290 15397 0 0 0
cpu4 5152480 1389 235906 486689570 17044935 52272 45789 0 0 0
cpu5 5088174 58 87966 495480204 8600215 28756 15170 0 0 0
cpu6 4939978 76 63778 499422967 4842717 23694 24423 0 0 0
cpu7 10434066 22861 650048 474632299 23278011 105305 72588 0 0 0
cpu8 5086569 126 114760 493755412 10261067 38503 36712 0 0 0
cpu9 4984391 60 69499 499115745 5102160 24475 17781 0 0 0
cpu10 4966714 42 65280 500720229 3473300 24566 70932 0 0 0
cpu11 4717452 575 200525 492043923 12118601 56729 98106 0 0 0
cpu12 1716474 39 47574 502987736 4532980 14377 19611 0 0 0
cpu13 2179657 11035 350449 498828586 7824752 33668 22546 0 0 0
cpu14 804825 232 54089 503187800 5226357 14003 13014 0 0 0
cpu15 1037751 59 45012 503929552 4299961 9991 7503 0 0 0
cpu16 1058139 291 53435 504681786 3516671 10305 6136 0 0 0
cpu17 677424 106 57238 505012456 3356301 43826 157922 0 0 0
cpu18 803900 52 59419 504724793 3609269 22984 99786 0 0 0
cpu19 3477304 10449 255288 497260303 8152408 48235 39763 0 0 0
cpu20 711893 204 54932 503450364 4942737 34278 57151 0 0 0
cpu21 757472 140 76510 503891375 4271996 40619 255836 0 0 0
cpu22 748526 73 58831 505011668 3489570 9656 8239 0 0 0
cpu23 1376642 340 54169 503974643 3903255 10912 5990 0 0 0
intr 3818206177 22 0 0 0 0 0 0 0 0 0 0 0 0 0 0 0 8 0 0 0 0 0 0 0 0 0 0 0 1 0 1 1 1 1 0 0 0 0 37 0 0 0 0 0 0 0 0 0 0 0 0 0 0 0 0 0 0 0 0 0 0 0 0 0 2953 1 170698585 161747515 166809905 394032539 95191 763667 144681 105967 227256 183249 85780 592423 124954 90501 70991 165728 77129 286663 93982 81287 104918 73685 74664 600094 173462 100621 70965 80880 30004 0 0 0 0 0 0 2 0 2 2 2 2 2 2 35 2 207 2 0 0 0 0 0 0 0 0 0 0 0 0 0 0 0 0 0 0 0 0 0 0 0 0 0 0 0 0 0 0 0 0 0 0 0 0 0 0 0 0 0 0 0 0 0 0 0 0 0 0 0 0 0 0 0 0 0 0 0 0 0 0 0 0 0 0 0 0 0 0 0 0 0 0 0 0 0 0 0 0 0 0 0 0 0 0 0 0 0 0 0 0 0 0 0 0 0 0 0 0 0 0 0 0 0 0 0 0 0 0 0 0 0 0 0 0 0 0 0 0 0 0 0 0 0 0 0 0 0 0 0 0 0 0 0 0 0 0 0 0 0 0 0 0 0 0 0 0 0 0 0 0 0 0 0 0 0 0 0 0 0 0 0 0 0 0 0 0 0 0 0 0 0 0 0 0 0 0 0 0 0 0 0 0 0 0 0 0 0 0 0 0 0 0 0 0 0 0 0 0 0 0 0 0 0 0 0 0 0 0 0 0 0 0 0 0 0 0 0 0 0 0 0 0 0 0 0 0 0 0 0 0 0 0 0 0 0 0 0 0 0 0 0 0 0 0 0 0 0 0 0 0 0 0 0 0 0 0 0 0 0 0 0 0 0 0 0 0 0 0 0 0 0 0 0 0 0 0 0 0 0 0 0 0 0 0 0 0 0 0 0 0 0 0 0 0 0 0 0 0 0 0 0 0 0 0 0 0 0 0 0 0 0 0 0 0 0 0 0 0 0 0 0 0 0 0 0 0 0 0 0 0 0 0 0 0 0 0 0 0 0 0 0 0 0 0 0 0 0 0 0 0 0 0 0 0 0 0 0 0 0 0 0 0 0 0 0 0 0 0 0 0 0 0 0 0 0 0 0 0 0 0 0 0 0 0 0 0 0 0 0 0 0 0 0 0 0 0 0 0 0 0 0 0 0 0 0 0 0 0 0 0 0 0 0 0 0 0 0 0 0 0 0 0 0 0 0 0 0 0 0 0 0 0 0 0 0 0 0 0 0 0 0 0 0 0 0 0 0 0 0 0 0 0 0 0 0 0 0 0 0 0 0 0 0 0 0 0 0 0 0 0 0 0 0 0 0 0 0 0 0 0 0 0 0 0 0 0 0 0 0 0 0 0 0 0 0 0 0 0 0 0 0 0 0 0 0 0 0 0 0 0 0 0 0 0 0 0 0 0 0 0 0 0 0 0 0 0 0 0 0 0 0 0 0 0 0 0 0 0 0 0 0 0 0 0 0 0 0 0 0 0 0 0 0 0 0 0 0 0 0 0 0 0 0 0 0 0 0 0 0 0 0 0 0 0 0 0 0 0 0 0 0 0 0 0 0 0 0 0 0 0 0 0 0 0 0 0 0 0 0 0 0 0 0 0 0 0 0 0 0 0 0 0 0 0 0 0 0 0 0 0 0 0 0 0 0 0 0 0 0 0 0 0 0 0 0 0 0 0 0 0 0 0 0 0 0 0 0 0 0 0 0 0 0 0 0 0 0 0 0 0 0 0 0 0 0 0 0 0 0 0 0 0 0 0 0 0 0 0 0 0 0 0 0 0 0 0 0 0 0 0 0 0 0 0 0 0 0 0 0 0 0 0 0 0 0 0 0 0 0 0 0 0 0 0 0 0 0 0 0 0 0 0 0 0 0 0 0 0 0 0 0 0 0 0 0 0 0 0 0 0 0 0 0 0 0 0 0 0 0 0 0 0 0 0 0 0 0 0 0 0 0 0 0 0 0 0 0 0 0 0 0 0 0 0 0 0 0 0 0 0 0 0 0 0 0 0 0 0 0 0 0 0 0 0 0 0 0 0 0 0 0 0 0 0 0 0 0 0 0 0 0 0 0 0 0 0 0 0 0 0 0 0 0 0 0 0 0 0 0 0 0 0 0 0 0 0 0 0 0 0 0 0 0 0 0 0 0 0 0 0 0 0 0 0 0 0 0 0 0 0 0 0 0 0 0 0 0 0 0 0 0 0 0 0 0 0 0 0 0 0 0 0 0 0 0 0 0 0 0 0 0 0 0 0 0 0 0 0 0 0 0 0 0 0 0 0 0 0 0 0 0 0 0 0 0 0 0 0 0 0 0 0 0 0 0 0 0 0 0 0 0 0 0 0 0 0 0 0 0 0 0 0 0 0 0 0 0 0 0 0 0 0 0 0 0 0 0 0 0 0 0 0 0 0 0 0 0 0 0 0 0 0 0 0 0 0 0 0 0 0 0 0 0 0 0 0 0 0 0 0 0 0 0 0 0 0 0 0 0 0 0 0 0 0 0 0 0 0 0 0 0 0 0 0 0 0 0 0 0 0 0 0 0 0 0 0 0 0 0 0 0 0 0 0 0 0 0 0 0 0 0 0 0 0 0
ctxt 3868434143
btime 1783935075
processes 5444123
procs_running 1
procs_blocked 0
softirq 2899799898 204 324983137 1707479 918778364 33214 0 7720199 927687310 399464 718490527

/proc/meminfo
MemTotal:       32273192 kB
MemFree:         1630156 kB
MemAvailable:   23104188 kB
Buffers:               0 kB
Cached:         20963448 kB
SwapCached:        15520 kB
Active:         15776576 kB
Inactive:       12539008 kB
Active(anon):    6847132 kB
Inactive(anon):   552376 kB
Active(file):    8929444 kB
Inactive(file): 11986632 kB
Unevictable:           0 kB
Mlocked:               0 kB
SwapTotal:      67108860 kB
SwapFree:       63106556 kB
Zswap:                 0 kB
Zswapped:              0 kB
Dirty:                28 kB
Writeback:             0 kB
AnonPages:       7321984 kB
Mapped:           282472 kB
Shmem:             47792 kB
KReclaimable:    1027176 kB
Slab:            1465064 kB
SReclaimable:    1027176 kB
SUnreclaim:       437888 kB
KernelStack:       33968 kB
PageTables:        45012 kB
SecPageTables:      4112 kB
NFS_Unstable:          0 kB
Bounce:                0 kB
WritebackTmp:          0 kB
CommitLimit:    83245456 kB
Committed_AS:   17772188 kB
VmallocTotal:   34359738367 kB
VmallocUsed:      229696 kB
VmallocChunk:          0 kB
Percpu:            21216 kB
HardwareCorrupted:     0 kB
AnonHugePages:   1101824 kB
ShmemHugePages:        0 kB
ShmemPmdMapped:        0 kB
FileHugePages:         0 kB
FilePmdMapped:         0 kB
CmaTotal:              0 kB
CmaFree:               0 kB
Unaccepted:            0 kB
HugePages_Total:       0
HugePages_Free:        0
HugePages_Rsvd:        0
HugePages_Surp:        0
Hugepagesize:       2048 kB
Hugetlb:               0 kB
DirectMap4k:      389980 kB
DirectMap2M:     5574656 kB
DirectMap1G:    27262976 kB

