/proc/loadavg
2.01 2.00 1.70 1/2103 27

/proc/stat
cpu  119426400 86936 3736252 11901337170 195228064 904155 1420527 0 0 0
cpu0 41250637 53 88613 463383469 4315101 72722 145695 0 0 0
cpu1 7245920 38258 741290 474619179 26150547 117361 156575 0 0 0
cpu2 5463500 307 162564 489775519 13793964 40637 27878 0 0 0
cpu3 4746878 101 89209 495281327 9121320 26289 15397 0 0 0
cpu4 5152430 1389 235890 486663448 17044907 52270 45787 0 0 0
cpu5 5088163 58 87957 495454006 8600215 28754 15170 0 0 0
cpu6 4939956 76 63769 499396779 4842714 23693 24423 0 0 0
cpu7 10434000 22861 650039 474606160 23278004 105304 72588 0 0 0
cpu8 5086558 126 114753 493729220 10261054 38503 36712 0 0 0
cpu9 4984385 60 69497 499089534 5102154 24474 17781 0 0 0
cpu10 4966712 42 65279 500694016 3473292 24565 70932 0 0 0
cpu11 4717446 575 200520 492017741 12118574 56728 98103 0 0 0
cpu12 1716472 39 47573 502961520 4532973 14377 19611 0 0 0
cpu13 2179649 11035 350435 498802392 7824752 33668 22546 0 0 0
cpu14 804823 232 54088 503161579 5226357 14003 13013 0 0 0
cpu15 1037743 59 45005 503903361 4299944 9991 7503 0 0 0
cpu16 1058075 291 53424 504655640 3516671 10305 6136 0 0 0
cpu17 677393 106 57229 504986287 3356297 43824 157918 0 0 0
cpu18 803897 52 59415 504698575 3609269 22983 99786 0 0 0
cpu19 3477245 10449 255270 497234162 8152406 48233 39763 0 0 0
cpu20 711887 204 54926 503424160 4942733 34277 57150 0 0 0
cpu21 757463 140 76504 503865195 4271988 40617 255821 0 0 0
cpu22 748519 73 58825 504985461 3489567 9655 8239 0 0 0
cpu23 1376636 340 54166 503948429 3903252 10911 5990 0 0 0
intr 3817658620 22 0 0 0 0 0 0 0 0 0 0 0 0 0 0 0 8 0 0 0 0 0 0 0 0 0 0 0 1 0 1 1 1 1 0 0 0 0 37 0 0 0 0 0 0 0 0 0 0 0 0 0 0 0 0 0 0 0 0 0 0 0 0 0 2953 1 170687298 161738679 166804687 394020615 95185 763667 144681 105967 227231 183231 85745 592423 124939 90500 70991 165727 77129 286653 93982 81287 104917 73684 74662 600076 173457 100616 70954 80880 30004 0 0 0 0 0 0 2 0 2 2 2 2 2 2 35 2 207 2 0 0 0 0 0 0 0 0 0 0 0 0 0 0 0 0 0 0 0 0 0 0 0 0 0 0 0 0 0 0 0 0 0 0 0 0 0 0 0 0 0 0 0 0 0 0 0 0 0 0 0 0 0 0 0 0 0 0 0 0 0 0 0 0 0 0 0 0 0 0 0 0 0 0 0 0 0 0 0 0 0 0 0 0 0 0 0 0 0 0 0 0 0 0 0 0 0 0 0 0 0 0 0 0 0 0 0 0 0 0 0 0 0 0 0 0 0 0 0 0 0 0 0 0 0 0 0 0 0 0 0 0 0 0 0 0 0 0 0 0 0 0 0 0 0 0 0 0 0 0 0 0 0 0 0 0 0 0 0 0 0 0 0 0 0 0 0 0 0 0 0 0 0 0 0 0 0 0 0 0 0 0 0 0 0 0 0 0 0 0 0 0 0 0 0 0 0 0 0 0 0 0 0 0 0 0 0 0 0 0 0 0 0 0 0 0 0 0 0 0 0 0 0 0 0 0 0 0 0 0 0 0 0 0 0 0 0 0 0 0 0 0 0 0 0 0 0 0 0 0 0 0 0 0 0 0 0 0 0 0 0 0 0 0 0 0 0 0 0 0 0 0 0 0 0 0 0 0 0 0 0 0 0 0 0 0 0 0 0 0 0 0 0 0 0 0 0 0 0 0 0 0 0 0 0 0 0 0 0 0 0 0 0 0 0 0 0 0 0 0 0 0 0 0 0 0 0 0 0 0 0 0 0 0 0 0 0 0 0 0 0 0 0 0 0 0 0 0 0 0 0 0 0 0 0 0 0 0 0 0 0 0 0 0 0 0 0 0 0 0 0 0 0 0 0 0 0 0 0 0 0 0 0 0 0 0 0 0 0 0 0 0 0 0 0 0 0 0 0 0 0 0 0 0 0 0 0 0 0 0 0 0 0 0 0 0 0 0 0 0 0 0 0 0 0 0 0 0 0 0 0 0 0 0 0 0 0 0 0 0 0 0 0 0 0 0 0 0 0 0 0 0 0 0 0 0 0 0 0 0 0 0 0 0 0 0 0 0 0 0 0 0 0 0 0 0 0 0 0 0 0 0 0 0 0 0 0 0 0 0 0 0 0 0 0 0 0 0 0 0 0 0 0 0 0 0 0 0 0 0 0 0 0 0 0 0 0 0 0 0 0 0 0 0 0 0 0 0 0 0 0 0 0 0 0 0 0 0 0 0 0 0 0 0 0 0 0 0 0 0 0 0 0 0 0 0 0 0 0 0 0 0 0 0 0 0 0 0 0 0 0 0 0 0 0 0 0 0 0 0 0 0 0 0 0 0 0 0 0 0 0 0 0 0 0 0 0 0 0 0 0 0 0 0 0 0 0 0 0 0 0 0 0 0 0 0 0 0 0 0 0 0 0 0 0 0 0 0 0 0 0 0 0 0 0 0 0 0 0 0 0 0 0 0 0 0 0 0 0 0 0 0 0 0 0 0 0 0 0 0 0 0 0 0 0 0 0 0 0 0 0 0 0 0 0 0 0 0 0 0 0 0 0 0 0 0 0 0 0 0 0 0 0 0 0 0 0 0 0 0 0 0 0 0 0 0 0 0 0 0 0 0 0 0 0 0 0 0 0 0 0 0 0 0 0 0 0 0 0 0 0 0 0 0 0 0 0 0 0 0 0 0 0 0 0 0 0 0 0 0 0 0 0 0 0 0 0 0 0 0 0 0 0 0 0 0 0 0 0 0 0 0 0 0 0 0 0 0 0 0 0 0 0 0 0 0 0 0 0 0 0 0 0 0 0 0 0 0 0 0 0 0 0 0 0 0 0 0 0 0 0 0 0 0 0 0 0 0 0 0 0 0 0 0 0 0 0 0 0 0 0 0 0 0 0 0 0 0 0 0 0 0 0 0 0 0 0 0 0 0 0 0 0 0 0 0 0 0 0 0 0 0 0 0 0 0 0 0 0 0 0 0 0 0 0 0 0 0 0 0 0 0 0 0 0 0 0 0 0 0 0 0 0 0 0 0 0 0 0 0 0 0 0 0 0 0 0 0 0 0 0 0 0 0 0 0 0 0 0 0 0 0 0 0 0 0 0 0 0 0 0 0 0 0 0 0 0 0 0 0 0 0 0 0 0 0 0 0 0 0 0 0 0 0 0 0 0 0 0 0 0 0 0 0 0 0 0 0 0 0 0 0 0 0 0 0 0 0 0 0 0 0 0 0 0 0 0 0 0 0 0 0 0 0 0 0 0 0 0 0 0 0 0 0 0 0 0 0 0 0 0 0 0 0 0 0 0 0 0 0 0 0 0 0 0 0 0 0 0 0 0 0 0 0 0 0 0 0 0 0 0 0 0 0 0 0 0
ctxt 3867971568
btime 1783935075
processes 5443880
procs_running 1
procs_blocked 0
softirq 2899479842 204 324963856 1706874 918740112 33214 0 7719214 927468317 399464 718448587

/proc/meminfo
MemTotal:       32273192 kB
MemFree:         1659264 kB
MemAvailable:   23108232 kB
Buffers:               0 kB
Cached:         20938360 kB
SwapCached:        15524 kB
Active:         15772188 kB
Inactive:       12513880 kB
Active(anon):    6842712 kB
Inactive(anon):   552376 kB
Active(file):    8929476 kB
Inactive(file): 11961504 kB
Unevictable:           0 kB
Mlocked:               0 kB
SwapTotal:      67108860 kB
SwapFree:       63106556 kB
Zswap:                 0 kB
Zswapped:              0 kB
Dirty:                12 kB
Writeback:           352 kB
AnonPages:       7319764 kB
Mapped:           282072 kB
Shmem:             47772 kB
KReclaimable:    1027208 kB
Slab:            1465256 kB
SReclaimable:    1027208 kB
SUnreclaim:       438048 kB
KernelStack:       34016 kB
PageTables:        44828 kB
SecPageTables:      4112 kB
NFS_Unstable:          0 kB
Bounce:                0 kB
WritebackTmp:          0 kB
CommitLimit:    83245456 kB
Committed_AS:   17732368 kB
VmallocTotal:   34359738367 kB
VmallocUsed:      229692 kB
VmallocChunk:          0 kB
Percpu:            21216 kB
HardwareCorrupted:     0 kB
AnonHugePages:   1112064 kB
ShmemHugePages:        0 kB
ShmemPmdMapped:        0 kB
FileHugePages:         0 kB
FilePmdMapped:         0 kB
CmaTotal:              0 kB
CmaFree:               0 kB
Unaccepted:            0 kB
HugePages_Total:       0
HugePages_Free:        0
HugePages_Rsvd:        0
HugePages_Surp:        0
Hugepagesize:       2048 kB
Hugetlb:               0 kB
DirectMap4k:      389980 kB
DirectMap2M:     5574656 kB
DirectMap1G:    27262976 kB

