/proc/loadavg
2.00 1.86 1.52 1/2103 18

/proc/stat
cpu  119393300 86936 3735839 11900577390 195227738 904058 1420380 0 0 0
cpu0 41249218 53 88445 463352209 4315017 72715 145584 0 0 0
cpu1 7245884 38258 741276 474586204 26150502 117359 156569 0 0 0
cpu2 5432383 307 162564 489773618 13793964 40573 27877 0 0 0
cpu3 4746860 101 89200 495248299 9121297 26288 15396 0 0 0
cpu4 5152385 1389 235872 486630455 17044890 52268 45785 0 0 0
cpu5 5088153 58 87952 495420951 8600206 28753 15169 0 0 0
cpu6 4939949 76 63766 499363710 4842713 23692 24423 0 0 0
cpu7 10433943 22861 650019 474573173 23277992 105302 72586 0 0 0
cpu8 5086551 126 114743 493696166 10261047 38502 36712 0 0 0
cpu9 4984369 60 69492 499056483 5102147 24474 17781 0 0 0
cpu10 4966698 42 65272 500660964 3473284 24565 70932 0 0 0
cpu11 4717407 575 200505 491984766 12118532 56726 98101 0 0 0
cpu12 1716462 39 47567 502928464 4532965 14376 19611 0 0 0
cpu13 2179577 11035 350398 498769449 7824732 33665 22545 0 0 0
cpu14 804822 232 54087 503128501 5226357 14003 13013 0 0 0
cpu15 1037704 59 44990 503870345 4299939 9990 7502 0 0 0
cpu16 1058026 291 53410 504622628 3516668 10303 6135 0 0 0
cpu17 677386 106 57222 504953235 3356292 43822 157913 0 0 0
cpu18 803884 52 59406 504665518 3609267 22983 99786 0 0 0
cpu19 3477178 10449 255245 497201182 8152406 48231 39762 0 0 0
cpu20 711854 204 54917 503391145 4942715 34275 57149 0 0 0
cpu21 757459 140 76497 503832141 4271985 40616 255811 0 0 0
cpu22 748509 73 58820 504952402 3489562 9655 8239 0 0 0
cpu23 1376626 340 54161 503915369 3903248 10911 5989 0 0 0
intr 3817097807 22 0 0 0 0 0 0 0 0 0 0 0 0 0 0 0 8 0 0 0 0 0 0 0 0 0 0 0 1 0 1 1 1 1 0 0 0 0 37 0 0 0 0 0 0 0 0 0 0 0 0 0 0 0 0 0 0 0 0 0 0 0 0 0 2953 1 170677503 161734765 166799001 394009977 95183 763667 144681 105967 227169 183209 85708 592418 124923 90500 70988 165727 77129 286653 93979 81287 104916 73683 74655 600044 173448 100615 70935 80878 30004 0 0 0 0 0 0 2 0 2 2 2 2 2 2 35 2 207 2 0 0 0 0 0 0 0 0 0 0 0 0 0 0 0 0 0 0 0 0 0 0 0 0 0 0 0 0 0 0 0 0 0 0 0 0 0 0 0 0 0 0 0 0 0 0 0 0 0 0 0 0 0 0 0 0 0 0 0 0 0 0 0 0 0 0 0 0 0 0 0 0 0 0 0 0 0 0 0 0 0 0 0 0 0 0 0 0 0 0 0 0 0 0 0 0 0 0 0 0 0 0 0 0 0 0 0 0 0 0 0 0 0 0 0 0 0 0 0 0 0 0 0 0 0 0 0 0 0 0 0 0 0 0 0 0 0 0 0 0 0 0 0 0 0 0 0 0 0 0 0 0 0 0 0 0 0 0 0 0 0 0 0 0 0 0 0 0 0 0 0 0 0 0 0 0 0 0 0 0 0 0 0 0 0 0 0 0 0 0 0 0 0 0 0 0 0 0 0 0 0 0 0 0 0 0 0 0 0 0 0 0 0 0 0 0 0 0 0 0 0 0 0 0 0 0 0 0 0 0 0 0 0 0 0 0 0 0 0 0 0 0 0 0 0 0 0 0 0 0 0 0 0 0 0 0 0 0 0 0 0 0 0 0 0 0 0 0 0 0 0 0 0 0 0 0 0 0 0 0 0 0 0 0 0 0 0 0 0 0 0 0 0 0 0 0 0 0 0 0 0 0 0 0 0 0 0 0 0 0 0 0 0 0 0 0 0 0 0 0 0 0 0 0 0 0 0 0 0 0 0 0 0 0 0 0 0 0 0 0 0 0 0 0 0 0 0 0 0 0 0 0 0 0 0 0 0 0 0 0 0 0 0 0 0 0 0 0 0 0 0 0 0 0 0 0 0 0 0 0 0 0 0 0 0 0 0 0 0 0 0 0 0 0 0 0 0 0 0 0 0 0 0 0 0 0 0 0 0 0 0 0 0 0 0 0 0 0 0 0 0 0 0 0 0 0 0 0 0 0 0 0 0 0 0 0 0 0 0 0 0 0 0 0 0 0 0 0 0 0 0 0 0 0 0 0 0 0 0 0 0 0 0 0 0 0 0 0 0 0 0 0 0 0 0 0 0 0 0 0 0 0 0 0 0 0 0 0 0 0 0 0 0 0 0 0 0 0 0 0 0 0 0 0 0 0 0 0 0 0 0 0 0 0 0 0 0 0 0 0 0 0 0 0 0 0 0 0 0 0 0 0 0 0 0 0 0 0 0 0 0 0 0 0 0 0 0 0 0 0 0 0 0 0 0 0 0 0 0 0 0 0 0 0 0 0 0 0 0 0 0 0 0 0 0 0 0 0 0 0 0 0 0 0 0 0 0 0 0 0 0 0 0 0 0 0 0 0 0 0 0 0 0 0 0 0 0 0 0 0 0 0 0 0 0 0 0 0 0 0 0 0 0 0 0 0 0 0 0 0 0 0 0 0 0 0 0 0 0 0 0 0 0 0 0 0 0 0 0 0 0 0 0 0 0 0 0 0 0 0 0 0 0 0 0 0 0 0 0 0 0 0 0 0 0 0 0 0 0 0 0 0 0 0 0 0 0 0 0 0 0 0 0 0 0 0 0 0 0 0 0 0 0 0 0 0 0 0 0 0 0 0 0 0 0 0 0 0 0 0 0 0 0 0 0 0 0 0 0 0 0 0 0 0 0 0 0 0 0 0 0 0 0 0 0 0 0 0 0 0 0 0 0 0 0 0 0 0 0 0 0 0 0 0 0 0 0 0 0 0 0 0 0 0 0 0 0 0 0 0 0 0 0 0 0 0 0 0 0 0 0 0 0 0 0 0 0 0 0 0 0 0 0 0 0 0 0 0 0 0 0 0 0 0 0 0 0 0 0 0 0 0 0 0 0 0 0 0 0 0 0 0 0 0 0 0 0 0 0 0 0 0 0 0 0 0 0 0 0 0 0 0 0 0 0 0 0 0 0 0 0 0 0 0 0 0 0 0 0 0 0 0 0 0 0 0 0 0 0 0 0 0 0 0 0 0 0 0 0 0 0 0 0 0 0 0 0 0 0 0 0 0 0 0 0 0 0 0 0 0 0 0 0 0 0 0 0 0 0 0 0 0 0 0 0 0 0 0 0 0 0 0 0 0 0 0 0 0 0 0 0 0 0 0 0 0 0 0 0 0 0 0 0 0 0 0 0 0 0 0 0 0 0 0 0 0 0 0 0 0 0 0 0 0 0 0 0 0 0 0 0 0 0 0 0 0 0 0 0 0 0 0 0 0 0 0 0 0 0 0 0 0 0 0 0 0 0 0 0 0 0 0 0 0 0 0 0 0 0 0 0 0 0 0 0 0 0 0 0 0 0 0 0 0 0 0 0 0 0 0 0 0 0 0 0 0 0
ctxt 3867523901
btime 1783935075
processes 5443541
procs_running 1
procs_blocked 0
softirq 2899087849 204 324938864 1706155 918709001 33214 0 7718618 927195352 399464 718386977

/proc/meminfo
MemTotal:       32273192 kB
MemFree:         1690436 kB
MemAvailable:   23100708 kB
Buffers:               0 kB
Cached:         20899744 kB
SwapCached:        15528 kB
Active:         15775300 kB
Inactive:       12475172 kB
Active(anon):    6845824 kB
Inactive(anon):   552380 kB
Active(file):    8929476 kB
Inactive(file): 11922792 kB
Unevictable:           0 kB
Mlocked:               0 kB
SwapTotal:      67108860 kB
SwapFree:       63106556 kB
Zswap:                 0 kB
Zswapped:              0 kB
Dirty:               100 kB
Writeback:           540 kB
AnonPages:       7323012 kB
Mapped:           282288 kB
Shmem:             47792 kB
KReclaimable:    1027224 kB
Slab:            1465308 kB
SReclaimable:    1027224 kB
SUnreclaim:       438084 kB
KernelStack:       34016 kB
PageTables:        45000 kB
SecPageTables:      4112 kB
NFS_Unstable:          0 kB
Bounce:                0 kB
WritebackTmp:          0 kB
CommitLimit:    83245456 kB
Committed_AS:   17764564 kB
VmallocTotal:   34359738367 kB
VmallocUsed:      229680 kB
VmallocChunk:          0 kB
Percpu:            21216 kB
HardwareCorrupted:     0 kB
AnonHugePages:   1112064 kB
ShmemHugePages:        0 kB
ShmemPmdMapped:        0 kB
FileHugePages:         0 kB
FilePmdMapped:         0 kB
CmaTotal:              0 kB
CmaFree:               0 kB
Unaccepted:            0 kB
HugePages_Total:       0
HugePages_Free:        0
HugePages_Rsvd:        0
HugePages_Surp:        0
Hugepagesize:       2048 kB
Hugetlb:               0 kB
DirectMap4k:      389980 kB
DirectMap2M:     5574656 kB
DirectMap1G:    27262976 kB

