/proc/loadavg
2.04 1.63 1.34 1/2114 10

/proc/stat
cpu  119366247 86936 3735516 11899957544 195227453 903979 1420251 0 0 0
cpu0 41247961 53 88289 463326804 4314962 72709 145496 0 0 0
cpu1 7245844 38258 741263 474559308 26150469 117358 156563 0 0 0
cpu2 5407030 307 162564 489772032 13793964 40521 27876 0 0 0
cpu3 4746856 101 89197 495221335 9121279 26287 15396 0 0 0
cpu4 5152335 1389 235859 486603561 17044865 52267 45782 0 0 0
cpu5 5088145 58 87947 495393983 8600201 28752 15169 0 0 0
cpu6 4939938 76 63762 499336737 4842713 23692 24423 0 0 0
cpu7 10433918 22861 650006 474546226 23277990 105301 72585 0 0 0
cpu8 5086534 126 114721 493669224 10261042 38501 36711 0 0 0
cpu9 4984363 60 69487 499029524 5102126 24474 17781 0 0 0
cpu10 4966691 42 65266 500633998 3473275 24564 70931 0 0 0
cpu11 4717379 575 200494 491957888 12118462 56725 98098 0 0 0
cpu12 1716452 39 47564 502901491 4532960 14376 19610 0 0 0
cpu13 2179520 11035 350374 498742559 7824722 33663 22545 0 0 0
cpu14 804822 232 54086 503101512 5226357 14003 13013 0 0 0
cpu15 1037689 59 44985 503843381 4299938 9988 7502 0 0 0
cpu16 1057992 291 53402 504595686 3516666 10303 6135 0 0 0
cpu17 677367 106 57216 504926284 3356285 43820 157909 0 0 0
cpu18 803880 52 59403 504638546 3609260 22982 99785 0 0 0
cpu19 3477092 10449 255237 497174291 8152403 48230 39761 0 0 0
cpu20 711851 204 54916 503364165 4942711 34274 57148 0 0 0
cpu21 757454 140 76492 503805182 4271985 40615 255793 0 0 0
cpu22 748506 73 58818 504925419 3489560 9655 8238 0 0 0
cpu23 1376615 340 54156 503888395 3903248 10910 5989 0 0 0
intr 3816626171 22 0 0 0 0 0 0 0 0 0 0 0 0 0 0 0 8 0 0 0 0 0 0 0 0 0 0 0 1 0 1 1 1 1 0 0 0 0 37 0 0 0 0 0 0 0 0 0 0 0 0 0 0 0 0 0 0 0 0 0 0 0 0 0 2953 1 170673490 161725300 166779877 393996717 95182 763667 144681 105967 227130 183189 85681 592402 124923 90500 70985 165727 77129 286653 93979 81282 104915 73683 74654 600025 173443 100612 70922 80878 30004 0 0 0 0 0 0 2 0 2 2 2 2 2 2 35 2 207 2 0 0 0 0 0 0 0 0 0 0 0 0 0 0 0 0 0 0 0 0 0 0 0 0 0 0 0 0 0 0 0 0 0 0 0 0 0 0 0 0 0 0 0 0 0 0 0 0 0 0 0 0 0 0 0 0 0 0 0 0 0 0 0 0 0 0 0 0 0 0 0 0 0 0 0 0 0 0 0 0 0 0 0 0 0 0 0 0 0 0 0 0 0 0 0 0 0 0 0 0 0 0 0 0 0 0 0 0 0 0 0 0 0 0 0 0 0 0 0 0 0 0 0 0 0 0 0 0 0 0 0 0 0 0 0 0 0 0 0 0 0 0 0 0 0 0 0 0 0 0 0 0 0 0 0 0 0 0 0 0 0 0 0 0 0 0 0 0 0 0 0 0 0 0 0 0 0 0 0 0 0 0 0 0 0 0 0 0 0 0 0 0 0 0 0 0 0 0 0 0 0 0 0 0 0 0 0 0 0 0 0 0 0 0 0 0 0 0 0 0 0 0 0 0 0 0 0 0 0 0 0 0 0 0 0 0 0 0 0 0 0 0 0 0 0 0 0 0 0 0 0 0 0 0 0 0 0 0 0 0 0 0 0 0 0 0 0 0 0 0 0 0 0 0 0 0 0 0 0 0 0 0 0 0 0 0 0 0 0 0 0 0 0 0 0 0 0 0 0 0 0 0 0 0 0 0 0 0 0 0 0 0 0 0 0 0 0 0 0 0 0 0 0 0 0 0 0 0 0 0 0 0 0 0 0 0 0 0 0 0 0 0 0 0 0 0 0 0 0 0 0 0 0 0 0 0 0 0 0 0 0 0 0 0 0 0 0 0 0 0 0 0 0 0 0 0 0 0 0 0 0 0 0 0 0 0 0 0 0 0 0 0 0 0 0 0 0 0 0 0 0 0 0 0 0 0 0 0 0 0 0 0 0 0 0 0 0 0 0 0 0 0 0 0 0 0 0 0 0 0 0 0 0 0 0 0 0 0 0 0 0 0 0 0 0 0 0 0 0 0 0 0 0 0 0 0 0 0 0 0 0 0 0 0 0 0 0 0 0 0 0 0 0 0 0 0 0 0 0 0 0 0 0 0 0 0 0 0 0 0 0 0 0 0 0 0 0 0 0 0 0 0 0 0 0 0 0 0 0 0 0 0 0 0 0 0 0 0 0 0 0 0 0 0 0 0 0 0 0 0 0 0 0 0 0 0 0 0 0 0 0 0 0 0 0 0 0 0 0 0 0 0 0 0 0 0 0 0 0 0 0 0 0 0 0 0 0 0 0 0 0 0 0 0 0 0 0 0 0 0 0 0 0 0 0 0 0 0 0 0 0 0 0 0 0 0 0 0 0 0 0 0 0 0 0 0 0 0 0 0 0 0 0 0 0 0 0 0 0 0 0 0 0 0 0 0 0 0 0 0 0 0 0 0 0 0 0 0 0 0 0 0 0 0 0 0 0 0 0 0 0 0 0 0 0 0 0 0 0 0 0 0 0 0 0 0 0 0 0 0 0 0 0 0 0 0 0 0 0 0 0 0 0 0 0 0 0 0 0 0 0 0 0 0 0 0 0 0 0 0 0 0 0 0 0 0 0 0 0 0 0 0 0 0 0 0 0 0 0 0 0 0 0 0 0 0 0 0 0 0 0 0 0 0 0 0 0 0 0 0 0 0 0 0 0 0 0 0 0 0 0 0 0 0 0 0 0 0 0 0 0 0 0 0 0 0 0 0 0 0 0 0 0 0 0 0 0 0 0 0 0 0 0 0 0 0 0 0 0 0 0 0 0 0 0 0 0 0 0 0 0 0 0 0 0 0 0 0 0 0 0 0 0 0 0 0 0 0 0 0 0 0 0 0 0 0 0 0 0 0 0 0 0 0 0 0 0 0 0 0 0 0 0 0 0 0 0 0 0 0 0 0 0 0 0 0 0 0 0 0 0 0 0 0 0 0 0 0 0 0 0 0 0 0 0 0 0 0 0 0 0 0 0 0 0 0 0 0 0 0 0 0 0 0 0 0 0 0 0 0 0 0 0 0 0 0 0 0 0 0 0 0 0 0 0 0 0 0 0 0 0 0 0 0 0 0 0 0 0 0 0 0 0 0 0 0 0 0 0 0 0 0 0 0 0 0 0 0 0 0 0 0 0 0 0 0 0 0 0 0 0 0 0 0 0 0 0 0 0 0 0 0 0 0 0 0 0 0 0 0 0 0 0 0 0 0 0 0 0 0 0 0 0 0 0 0 0 0 0 0 0 0 0 0 0 0 0 0 0 0 0 0 0 0 0 0 0 0 0 0 0 0 0 0 0 0 0 0 0 0 0 0 0 0 0 0 0 0 0 0 0 0 0 0 0 0 0
ctxt 3867164400
btime 1783935075
processes 5443300
procs_running 1
procs_blocked 0
softirq 2898747128 204 324918864 1705320 918662325 33214 0 7717679 926967995 399464 718342063

/proc/meminfo
MemTotal:       32273192 kB
MemFree:         1734580 kB
MemAvailable:   23108072 kB
Buffers:               0 kB
Cached:         20862836 kB
SwapCached:        15524 kB
Active:         15770668 kB
Inactive:       12438348 kB
Active(anon):    6841220 kB
Inactive(anon):   552380 kB
Active(file):    8929448 kB
Inactive(file): 11885968 kB
Unevictable:           0 kB
Mlocked:               0 kB
SwapTotal:      67108860 kB
SwapFree:       63106556 kB
Zswap:                 0 kB
Zswapped:              0 kB
Dirty:               536 kB
Writeback:             0 kB
AnonPages:       7319332 kB
Mapped:           281752 kB
Shmem:             47772 kB
KReclaimable:    1027296 kB
Slab:            1465460 kB
SReclaimable:    1027296 kB
SUnreclaim:       438164 kB
KernelStack:       34192 kB
PageTables:        44964 kB
SecPageTables:      4112 kB
NFS_Unstable:          0 kB
Bounce:                0 kB
WritebackTmp:          0 kB
CommitLimit:    83245456 kB
Committed_AS:   17751036 kB
VmallocTotal:   34359738367 kB
VmallocUsed:      229820 kB
VmallocChunk:          0 kB
Percpu:            21216 kB
HardwareCorrupted:     0 kB
AnonHugePages:   1112064 kB
ShmemHugePages:        0 kB
ShmemPmdMapped:        0 kB
FileHugePages:         0 kB
FilePmdMapped:         0 kB
CmaTotal:              0 kB
CmaFree:               0 kB
Unaccepted:            0 kB
HugePages_Total:       0
HugePages_Free:        0
HugePages_Rsvd:        0
HugePages_Surp:        0
Hugepagesize:       2048 kB
Hugetlb:               0 kB
DirectMap4k:      389980 kB
DirectMap2M:     5574656 kB
DirectMap1G:    27262976 kB

