/proc/loadavg
1.96 1.37 1.21 1/2114 6

/proc/stat
cpu  119352728 86936 3735345 11899648260 195227112 903938 1420181 0 0 0
cpu0 41247336 53 88213 463314126 4314924 72706 145450 0 0 0
cpu1 7245832 38258 741258 474545884 26150438 117357 156560 0 0 0
cpu2 5394367 307 162564 489771243 13793964 40495 27875 0 0 0
cpu3 4746851 101 89194 495208019 9121126 26287 15396 0 0 0
cpu4 5152312 1389 235847 486590133 17044856 52265 45780 0 0 0
cpu5 5088140 58 87945 495380522 8600194 28752 15169 0 0 0
cpu6 4939937 76 63760 499323267 4842710 23691 24422 0 0 0
cpu7 10433906 22861 649997 474532788 23277973 105300 72585 0 0 0
cpu8 5086528 126 114718 493655756 10261041 38501 36711 0 0 0
cpu9 4984359 60 69485 499016089 5102091 24473 17781 0 0 0
cpu10 4966688 42 65263 500620527 3473275 24564 70931 0 0 0
cpu11 4717359 575 200487 491944476 12118428 56724 98097 0 0 0
cpu12 1716451 39 47563 502888015 4532960 14376 19610 0 0 0
cpu13 2179510 11035 350362 498729115 7824714 33663 22545 0 0 0
cpu14 804821 232 54086 503088036 5226357 14002 13013 0 0 0
cpu15 1037688 59 44983 503829909 4299938 9988 7501 0 0 0
cpu16 1057987 291 53400 504582215 3516666 10302 6135 0 0 0
cpu17 677357 106 57212 504912825 3356285 43819 157907 0 0 0
cpu18 803879 52 59402 504625072 3609260 22982 99785 0 0 0
cpu19 3477044 10449 255232 497160869 8152403 48230 39761 0 0 0
cpu20 711847 204 54913 503350697 4942710 34274 57148 0 0 0
cpu21 757453 140 76490 503791724 4271982 40614 255782 0 0 0
cpu22 748484 73 58812 504911970 3489559 9654 8238 0 0 0
cpu23 1376577 340 54146 503874971 3903246 10909 5989 0 0 0
intr 3816374007 22 0 0 0 0 0 0 0 0 0 0 0 0 0 0 0 8 0 0 0 0 0 0 0 0 0 0 0 1 0 1 1 1 1 0 0 0 0 37 0 0 0 0 0 0 0 0 0 0 0 0 0 0 0 0 0 0 0 0 0 0 0 0 0 2953 1 170671246 161724595 166759539 393983892 95182 763666 144681 105966 227097 183181 85676 592402 124923 90498 70984 165727 77129 286653 93979 81271 104915 73683 74653 600017 173441 100612 70919 80878 30004 0 0 0 0 0 0 2 0 2 2 2 2 2 2 35 2 207 2 0 0 0 0 0 0 0 0 0 0 0 0 0 0 0 0 0 0 0 0 0 0 0 0 0 0 0 0 0 0 0 0 0 0 0 0 0 0 0 0 0 0 0 0 0 0 0 0 0 0 0 0 0 0 0 0 0 0 0 0 0 0 0 0 0 0 0 0 0 0 0 0 0 0 0 0 0 0 0 0 0 0 0 0 0 0 0 0 0 0 0 0 0 0 0 0 0 0 0 0 0 0 0 0 0 0 0 0 0 0 0 0 0 0 0 0 0 0 0 0 0 0 0 0 0 0 0 0 0 0 0 0 0 0 0 0 0 0 0 0 0 0 0 0 0 0 0 0 0 0 0 0 0 0 0 0 0 0 0 0 0 0 0 0 0 0 0 0 0 0 0 0 0 0 0 0 0 0 0 0 0 0 0 0 0 0 0 0 0 0 0 0 0 0 0 0 0 0 0 0 0 0 0 0 0 0 0 0 0 0 0 0 0 0 0 0 0 0 0 0 0 0 0 0 0 0 0 0 0 0 0 0 0 0 0 0 0 0 0 0 0 0 0 0 0 0 0 0 0 0 0 0 0 0 0 0 0 0 0 0 0 0 0 0 0 0 0 0 0 0 0 0 0 0 0 0 0 0 0 0 0 0 0 0 0 0 0 0 0 0 0 0 0 0 0 0 0 0 0 0 0 0 0 0 0 0 0 0 0 0 0 0 0 0 0 0 0 0 0 0 0 0 0 0 0 0 0 0 0 0 0 0 0 0 0 0 0 0 0 0 0 0 0 0 0 0 0 0 0 0 0 0 0 0 0 0 0 0 0 0 0 0 0 0 0 0 0 0 0 0 0 0 0 0 0 0 0 0 0 0 0 0 0 0 0 0 0 0 0 0 0 0 0 0 0 0 0 0 0 0 0 0 0 0 0 0 0 0 0 0 0 0 0 0 0 0 0 0 0 0 0 0 0 0 0 0 0 0 0 0 0 0 0 0 0 0 0 0 0 0 0 0 0 0 0 0 0 0 0 0 0 0 0 0 0 0 0 0 0 0 0 0 0 0 0 0 0 0 0 0 0 0 0 0 0 0 0 0 0 0 0 0 0 0 0 0 0 0 0 0 0 0 0 0 0 0 0 0 0 0 0 0 0 0 0 0 0 0 0 0 0 0 0 0 0 0 0 0 0 0 0 0 0 0 0 0 0 0 0 0 0 0 0 0 0 0 0 0 0 0 0 0 0 0 0 0 0 0 0 0 0 0 0 0 0 0 0 0 0 0 0 0 0 0 0 0 0 0 0 0 0 0 0 0 0 0 0 0 0 0 0 0 0 0 0 0 0 0 0 0 0 0 0 0 0 0 0 0 0 0 0 0 0 0 0 0 0 0 0 0 0 0 0 0 0 0 0 0 0 0 0 0 0 0 0 0 0 0 0 0 0 0 0 0 0 0 0 0 0 0 0 0 0 0 0 0 0 0 0 0 0 0 0 0 0 0 0 0 0 0 0 0 0 0 0 0 0 0 0 0 0 0 0 0 0 0 0 0 0 0 0 0 0 0 0 0 0 0 0 0 0 0 0 0 0 0 0 0 0 0 0 0 0 0 0 0 0 0 0 0 0 0 0 0 0 0 0 0 0 0 0 0 0 0 0 0 0 0 0 0 0 0 0 0 0 0 0 0 0 0 0 0 0 0 0 0 0 0 0 0 0 0 0 0 0 0 0 0 0 0 0 0 0 0 0 0 0 0 0 0 0 0 0 0 0 0 0 0 0 0 0 0 0 0 0 0 0 0 0 0 0 0 0 0 0 0 0 0 0 0 0 0 0 0 0 0 0 0 0 0 0 0 0 0 0 0 0 0 0 0 0 0 0 0 0 0 0 0 0 0 0 0 0 0 0 0 0 0 0 0 0 0 0 0 0 0 0 0 0 0 0 0 0 0 0 0 0 0 0 0 0 0 0 0 0 0 0 0 0 0 0 0 0 0 0 0 0 0 0 0 0 0 0 0 0 0 0 0 0 0 0 0 0 0 0 0 0 0 0 0 0 0 0 0 0 0 0 0 0 0 0 0 0 0 0 0 0 0 0 0 0 0 0 0 0 0 0 0 0 0 0 0 0 0 0 0 0 0 0 0 0 0 0 0 0 0 0 0 0 0 0 0 0 0 0 0 0 0 0 0 0 0 0 0 0 0 0 0 0 0 0 0 0 0 0 0 0 0 0 0 0 0 0 0 0 0 0 0 0 0 0 0 0 0 0 0 0 0 0 0 0 0 0 0 0 0 0 0 0 0 0 0 0 0 0 0 0 0 0 0 0 0 0 0 0 0 0 0 0 0 0 0 0 0 0 0 0 0 0 0 0 0 0 0 0 0 0
ctxt 3866963568
btime 1783935075
processes 5443194
procs_running 1
procs_blocked 0
softirq 2898563628 204 324908122 1704929 918625581 33214 0 7716888 926856213 399464 718319013

/proc/meminfo
MemTotal:       32273192 kB
MemFree:         1724960 kB
MemAvailable:   23081264 kB
Buffers:               0 kB
Cached:         20845604 kB
SwapCached:        15520 kB
Active:         15766392 kB
Inactive:       12421200 kB
Active(anon):    6836984 kB
Inactive(anon):   552380 kB
Active(file):    8929408 kB
Inactive(file): 11868820 kB
Unevictable:           0 kB
Mlocked:               0 kB
SwapTotal:      67108860 kB
SwapFree:       63106556 kB
Zswap:                 0 kB
Zswapped:              0 kB
Dirty:                32 kB
Writeback:           540 kB
AnonPages:       7320728 kB
Mapped:           281688 kB
Shmem:             47772 kB
KReclaimable:    1027296 kB
Slab:            1465552 kB
SReclaimable:    1027296 kB
SUnreclaim:       438256 kB
KernelStack:       34192 kB
PageTables:        44824 kB
SecPageTables:      4112 kB
NFS_Unstable:          0 kB
Bounce:                0 kB
WritebackTmp:          0 kB
CommitLimit:    83245456 kB
Committed_AS:   17729152 kB
VmallocTotal:   34359738367 kB
VmallocUsed:      229820 kB
VmallocChunk:          0 kB
Percpu:            21216 kB
HardwareCorrupted:     0 kB
AnonHugePages:   1120256 kB
ShmemHugePages:        0 kB
ShmemPmdMapped:        0 kB
FileHugePages:         0 kB
FilePmdMapped:         0 kB
CmaTotal:              0 kB
CmaFree:               0 kB
Unaccepted:            0 kB
HugePages_Total:       0
HugePages_Free:        0
HugePages_Rsvd:        0
HugePages_Surp:        0
Hugepagesize:       2048 kB
Hugetlb:               0 kB
DirectMap4k:      389980 kB
DirectMap2M:     5574656 kB
DirectMap1G:    27262976 kB

