/proc/loadavg
1.98 1.46 1.25 1/2115 7

/proc/stat
cpu  119357332 86936 3735376 11899752336 195227196 903952 1420204 0 0 0
cpu0 41247336 53 88213 463318630 4314933 72706 145467 0 0 0
cpu1 7245836 38258 741260 474550383 26150469 117357 156560 0 0 0
cpu2 5398892 307 162564 489771245 13793964 40504 27875 0 0 0
cpu3 4746853 101 89196 495212532 9121144 26287 15396 0 0 0
cpu4 5152319 1389 235853 486594654 17044856 52265 45780 0 0 0
cpu5 5088140 58 87945 495385055 8600195 28752 15169 0 0 0
cpu6 4939937 76 63761 499327799 4842712 23691 24423 0 0 0
cpu7 10433911 22861 649999 474537300 23277989 105300 72585 0 0 0
cpu8 5086528 126 114719 493660290 10261041 38501 36711 0 0 0
cpu9 4984360 60 69485 499020622 5102091 24473 17781 0 0 0
cpu10 4966689 42 65264 500625061 3473275 24564 70931 0 0 0
cpu11 4717362 575 200488 491949003 12118430 56724 98098 0 0 0
cpu12 1716452 39 47564 502892549 4532960 14376 19610 0 0 0
cpu13 2179514 11035 350363 498733641 7824717 33663 22545 0 0 0
cpu14 804822 232 54086 503092570 5226357 14003 13013 0 0 0
cpu15 1037688 59 44983 503834443 4299938 9988 7501 0 0 0
cpu16 1057987 291 53400 504586750 3516666 10302 6135 0 0 0
cpu17 677363 106 57214 504917351 3356285 43820 157907 0 0 0
cpu18 803879 52 59402 504629606 3609260 22982 99785 0 0 0
cpu19 3477050 10449 255233 497165396 8152403 48230 39761 0 0 0
cpu20 711850 204 54914 503355226 4942711 34274 57148 0 0 0
cpu21 757453 140 76491 503796253 4271983 40614 255785 0 0 0
cpu22 748503 73 58816 504916483 3489559 9654 8238 0 0 0
cpu23 1376595 340 54151 503879481 3903246 10910 5989 0 0 0
intr 3816454224 22 0 0 0 0 0 0 0 0 0 0 0 0 0 0 0 8 0 0 0 0 0 0 0 0 0 0 0 1 0 1 1 1 1 0 0 0 0 37 0 0 0 0 0 0 0 0 0 0 0 0 0 0 0 0 0 0 0 0 0 0 0 0 0 2953 1 170671928 161724826 166764763 393986741 95182 763667 144681 105967 227113 183183 85676 592402 124923 90498 70984 165727 77129 286653 93979 81271 104915 73683 74653 600019 173443 100612 70919 80878 30004 0 0 0 0 0 0 2 0 2 2 2 2 2 2 35 2 207 2 0 0 0 0 0 0 0 0 0 0 0 0 0 0 0 0 0 0 0 0 0 0 0 0 0 0 0 0 0 0 0 0 0 0 0 0 0 0 0 0 0 0 0 0 0 0 0 0 0 0 0 0 0 0 0 0 0 0 0 0 0 0 0 0 0 0 0 0 0 0 0 0 0 0 0 0 0 0 0 0 0 0 0 0 0 0 0 0 0 0 0 0 0 0 0 0 0 0 0 0 0 0 0 0 0 0 0 0 0 0 0 0 0 0 0 0 0 0 0 0 0 0 0 0 0 0 0 0 0 0 0 0 0 0 0 0 0 0 0 0 0 0 0 0 0 0 0 0 0 0 0 0 0 0 0 0 0 0 0 0 0 0 0 0 0 0 0 0 0 0 0 0 0 0 0 0 0 0 0 0 0 0 0 0 0 0 0 0 0 0 0 0 0 0 0 0 0 0 0 0 0 0 0 0 0 0 0 0 0 0 0 0 0 0 0 0 0 0 0 0 0 0 0 0 0 0 0 0 0 0 0 0 0 0 0 0 0 0 0 0 0 0 0 0 0 0 0 0 0 0 0 0 0 0 0 0 0 0 0 0 0 0 0 0 0 0 0 0 0 0 0 0 0 0 0 0 0 0 0 0 0 0 0 0 0 0 0 0 0 0 0 0 0 0 0 0 0 0 0 0 0 0 0 0 0 0 0 0 0 0 0 0 0 0 0 0 0 0 0 0 0 0 0 0 0 0 0 0 0 0 0 0 0 0 0 0 0 0 0 0 0 0 0 0 0 0 0 0 0 0 0 0 0 0 0 0 0 0 0 0 0 0 0 0 0 0 0 0 0 0 0 0 0 0 0 0 0 0 0 0 0 0 0 0 0 0 0 0 0 0 0 0 0 0 0 0 0 0 0 0 0 0 0 0 0 0 0 0 0 0 0 0 0 0 0 0 0 0 0 0 0 0 0 0 0 0 0 0 0 0 0 0 0 0 0 0 0 0 0 0 0 0 0 0 0 0 0 0 0 0 0 0 0 0 0 0 0 0 0 0 0 0 0 0 0 0 0 0 0 0 0 0 0 0 0 0 0 0 0 0 0 0 0 0 0 0 0 0 0 0 0 0 0 0 0 0 0 0 0 0 0 0 0 0 0 0 0 0 0 0 0 0 0 0 0 0 0 0 0 0 0 0 0 0 0 0 0 0 0 0 0 0 0 0 0 0 0 0 0 0 0 0 0 0 0 0 0 0 0 0 0 0 0 0 0 0 0 0 0 0 0 0 0 0 0 0 0 0 0 0 0 0 0 0 0 0 0 0 0 0 0 0 0 0 0 0 0 0 0 0 0 0 0 0 0 0 0 0 0 0 0 0 0 0 0 0 0 0 0 0 0 0 0 0 0 0 0 0 0 0 0 0 0 0 0 0 0 0 0 0 0 0 0 0 0 0 0 0 0 0 0 0 0 0 0 0 0 0 0 0 0 0 0 0 0 0 0 0 0 0 0 0 0 0 0 0 0 0 0 0 0 0 0 0 0 0 0 0 0 0 0 0 0 0 0 0 0 0 0 0 0 0 0 0 0 0 0 0 0 0 0 0 0 0 0 0 0 0 0 0 0 0 0 0 0 0 0 0 0 0 0 0 0 0 0 0 0 0 0 0 0 0 0 0 0 0 0 0 0 0 0 0 0 0 0 0 0 0 0 0 0 0 0 0 0 0 0 0 0 0 0 0 0 0 0 0 0 0 0 0 0 0 0 0 0 0 0 0 0 0 0 0 0 0 0 0 0 0 0 0 0 0 0 0 0 0 0 0 0 0 0 0 0 0 0 0 0 0 0 0 0 0 0 0 0 0 0 0 0 0 0 0 0 0 0 0 0 0 0 0 0 0 0 0 0 0 0 0 0 0 0 0 0 0 0 0 0 0 0 0 0 0 0 0 0 0 0 0 0 0 0 0 0 0 0 0 0 0 0 0 0 0 0 0 0 0 0 0 0 0 0 0 0 0 0 0 0 0 0 0 0 0 0 0 0 0 0 0 0 0 0 0 0 0 0 0 0 0 0 0 0 0 0 0 0 0 0 0 0 0 0 0 0 0 0 0 0 0 0 0 0 0 0 0 0 0 0 0 0 0 0 0 0 0 0 0 0 0 0 0 0 0 0 0 0 0 0 0 0 0 0 0 0 0 0 0 0 0 0 0 0 0 0 0 0 0 0 0 0 0 0 0 0 0 0 0 0 0 0 0 0 0 0 0 0 0 0 0 0 0 0 0 0 0 0 0 0 0 0 0 0 0 0 0 0 0 0 0 0 0 0 0 0 0 0 0 0 0 0 0 0 0 0 0 0 0 0 0 0 0 0 0 0 0 0 0 0
ctxt 3867026550
btime 1783935075
processes 5443238
procs_running 1
procs_blocked 0
softirq 2898621348 204 324911532 1704962 918634709 33214 0 7717002 926893763 399464 718326498

/proc/meminfo
MemTotal:       32273192 kB
MemFree:         1739440 kB
MemAvailable:   23097836 kB
Buffers:               0 kB
Cached:         20847752 kB
SwapCached:        15520 kB
Active:         15769516 kB
Inactive:       12423324 kB
Active(anon):    6840140 kB
Inactive(anon):   552380 kB
Active(file):    8929376 kB
Inactive(file): 11870944 kB
Unevictable:           0 kB
Mlocked:               0 kB
SwapTotal:      67108860 kB
SwapFree:       63106556 kB
Zswap:                 0 kB
Zswapped:              0 kB
Dirty:               196 kB
Writeback:             0 kB
AnonPages:       7318740 kB
Mapped:           282040 kB
Shmem:             47792 kB
KReclaimable:    1027296 kB
Slab:            1465432 kB
SReclaimable:    1027296 kB
SUnreclaim:       438136 kB
KernelStack:       34224 kB
PageTables:        44992 kB
SecPageTables:      4112 kB
NFS_Unstable:          0 kB
Bounce:                0 kB
WritebackTmp:          0 kB
CommitLimit:    83245456 kB
Committed_AS:   17774652 kB
VmallocTotal:   34359738367 kB
VmallocUsed:      229792 kB
VmallocChunk:          0 kB
Percpu:            21216 kB
HardwareCorrupted:     0 kB
AnonHugePages:   1112064 kB
ShmemHugePages:        0 kB
ShmemPmdMapped:        0 kB
FileHugePages:         0 kB
FilePmdMapped:         0 kB
CmaTotal:              0 kB
CmaFree:               0 kB
Unaccepted:            0 kB
HugePages_Total:       0
HugePages_Free:        0
HugePages_Rsvd:        0
HugePages_Surp:        0
Hugepagesize:       2048 kB
Hugetlb:               0 kB
DirectMap4k:      389980 kB
DirectMap2M:     5574656 kB
DirectMap1G:    27262976 kB

