/proc/loadavg
1.93 1.29 1.18 1/2117 5

/proc/stat
cpu  119349076 86936 3735273 11899564676 195226970 903927 1420161 0 0 0
cpu0 41247026 53 88173 463310907 4314864 72705 145438 0 0 0
cpu1 7245830 38258 741256 474542301 26150384 117357 156558 0 0 0
cpu2 5391101 307 162564 489770872 13793963 40488 27875 0 0 0
cpu3 4746829 101 89193 495204408 9121117 26287 15396 0 0 0
cpu4 5152304 1389 235843 486586504 17044856 52265 45779 0 0 0
cpu5 5088138 58 87943 495376880 8600194 28751 15168 0 0 0
cpu6 4939936 76 63759 499319625 4842709 23691 24422 0 0 0
cpu7 10433904 22861 649996 474529149 23277972 105300 72584 0 0 0
cpu8 5086528 126 114717 493652112 10261041 38501 36711 0 0 0
cpu9 4984358 60 69484 499012445 5102091 24473 17781 0 0 0
cpu10 4966688 42 65262 500616885 3473275 24564 70931 0 0 0
cpu11 4717354 575 200485 491940844 12118421 56724 98097 0 0 0
cpu12 1716450 39 47563 502884371 4532960 14376 19610 0 0 0
cpu13 2179499 11035 350357 498725493 7824709 33662 22545 0 0 0
cpu14 804821 232 54086 503084391 5226357 14002 13013 0 0 0
cpu15 1037684 59 44982 503826268 4299938 9988 7501 0 0 0
cpu16 1057987 291 53400 504578570 3516666 10302 6135 0 0 0
cpu17 677357 106 57211 504909181 3356285 43819 157906 0 0 0
cpu18 803879 52 59401 504621430 3609258 22982 99785 0 0 0
cpu19 3477039 10449 255230 497157230 8152403 48229 39761 0 0 0
cpu20 711845 204 54912 503347054 4942710 34274 57148 0 0 0
cpu21 757450 140 76489 503788086 4271982 40613 255779 0 0 0
cpu22 748484 73 58811 504908328 3489558 9654 8238 0 0 0
cpu23 1376573 340 54144 503871331 3903246 10909 5989 0 0 0
intr 3816296800 22 0 0 0 0 0 0 0 0 0 0 0 0 0 0 0 8 0 0 0 0 0 0 0 0 0 0 0 1 0 1 1 1 1 0 0 0 0 37 0 0 0 0 0 0 0 0 0 0 0 0 0 0 0 0 0 0 0 0 0 0 0 0 0 2953 1 170670660 161724440 166752585 393978434 95181 763666 144681 105966 227092 183179 85661 592402 124923 90498 70984 165727 77129 286653 93979 81271 104915 73683 74653 600015 173441 100612 70915 80878 30004 0 0 0 0 0 0 2 0 2 2 2 2 2 2 35 2 207 2 0 0 0 0 0 0 0 0 0 0 0 0 0 0 0 0 0 0 0 0 0 0 0 0 0 0 0 0 0 0 0 0 0 0 0 0 0 0 0 0 0 0 0 0 0 0 0 0 0 0 0 0 0 0 0 0 0 0 0 0 0 0 0 0 0 0 0 0 0 0 0 0 0 0 0 0 0 0 0 0 0 0 0 0 0 0 0 0 0 0 0 0 0 0 0 0 0 0 0 0 0 0 0 0 0 0 0 0 0 0 0 0 0 0 0 0 0 0 0 0 0 0 0 0 0 0 0 0 0 0 0 0 0 0 0 0 0 0 0 0 0 0 0 0 0 0 0 0 0 0 0 0 0 0 0 0 0 0 0 0 0 0 0 0 0 0 0 0 0 0 0 0 0 0 0 0 0 0 0 0 0 0 0 0 0 0 0 0 0 0 0 0 0 0 0 0 0 0 0 0 0 0 0 0 0 0 0 0 0 0 0 0 0 0 0 0 0 0 0 0 0 0 0 0 0 0 0 0 0 0 0 0 0 0 0 0 0 0 0 0 0 0 0 0 0 0 0 0 0 0 0 0 0 0 0 0 0 0 0 0 0 0 0 0 0 0 0 0 0 0 0 0 0 0 0 0 0 0 0 0 0 0 0 0 0 0 0 0 0 0 0 0 0 0 0 0 0 0 0 0 0 0 0 0 0 0 0 0 0 0 0 0 0 0 0 0 0 0 0 0 0 0 0 0 0 0 0 0 0 0 0 0 0 0 0 0 0 0 0 0 0 0 0 0 0 0 0 0 0 0 0 0 0 0 0 0 0 0 0 0 0 0 0 0 0 0 0 0 0 0 0 0 0 0 0 0 0 0 0 0 0 0 0 0 0 0 0 0 0 0 0 0 0 0 0 0 0 0 0 0 0 0 0 0 0 0 0 0 0 0 0 0 0 0 0 0 0 0 0 0 0 0 0 0 0 0 0 0 0 0 0 0 0 0 0 0 0 0 0 0 0 0 0 0 0 0 0 0 0 0 0 0 0 0 0 0 0 0 0 0 0 0 0 0 0 0 0 0 0 0 0 0 0 0 0 0 0 0 0 0 0 0 0 0 0 0 0 0 0 0 0 0 0 0 0 0 0 0 0 0 0 0 0 0 0 0 0 0 0 0 0 0 0 0 0 0 0 0 0 0 0 0 0 0 0 0 0 0 0 0 0 0 0 0 0 0 0 0 0 0 0 0 0 0 0 0 0 0 0 0 0 0 0 0 0 0 0 0 0 0 0 0 0 0 0 0 0 0 0 0 0 0 0 0 0 0 0 0 0 0 0 0 0 0 0 0 0 0 0 0 0 0 0 0 0 0 0 0 0 0 0 0 0 0 0 0 0 0 0 0 0 0 0 0 0 0 0 0 0 0 0 0 0 0 0 0 0 0 0 0 0 0 0 0 0 0 0 0 0 0 0 0 0 0 0 0 0 0 0 0 0 0 0 0 0 0 0 0 0 0 0 0 0 0 0 0 0 0 0 0 0 0 0 0 0 0 0 0 0 0 0 0 0 0 0 0 0 0 0 0 0 0 0 0 0 0 0 0 0 0 0 0 0 0 0 0 0 0 0 0 0 0 0 0 0 0 0 0 0 0 0 0 0 0 0 0 0 0 0 0 0 0 0 0 0 0 0 0 0 0 0 0 0 0 0 0 0 0 0 0 0 0 0 0 0 0 0 0 0 0 0 0 0 0 0 0 0 0 0 0 0 0 0 0 0 0 0 0 0 0 0 0 0 0 0 0 0 0 0 0 0 0 0 0 0 0 0 0 0 0 0 0 0 0 0 0 0 0 0 0 0 0 0 0 0 0 0 0 0 0 0 0 0 0 0 0 0 0 0 0 0 0 0 0 0 0 0 0 0 0 0 0 0 0 0 0 0 0 0 0 0 0 0 0 0 0 0 0 0 0 0 0 0 0 0 0 0 0 0 0 0 0 0 0 0 0 0 0 0 0 0 0 0 0 0 0 0 0 0 0 0 0 0 0 0 0 0 0 0 0 0 0 0 0 0 0 0 0 0 0 0 0 0 0 0 0 0 0 0 0 0 0 0 0 0 0 0 0 0 0 0 0 0 0 0 0 0 0 0 0 0 0 0 0 0 0 0 0 0 0 0 0 0 0 0 0 0 0 0 0 0 0 0 0 0 0 0 0 0 0 0 0 0 0 0 0 0 0 0 0 0 0 0 0 0 0 0 0 0 0 0 0 0 0 0 0 0 0 0 0 0 0 0 0 0 0 0 0 0 0 0 0 0 0 0 0 0 0 0 0 0 0 0 0 0 0 0 0 0 0 0 0 0 0 0 0 0 0 0 0 0 0 0 0 0 0 0
ctxt 3866894908
btime 1783935075
processes 5443143
procs_running 1
procs_blocked 0
softirq 2898505988 204 324904955 1704750 918612172 33214 0 7716715 926823691 399464 718310823

/proc/meminfo
MemTotal:       32273192 kB
MemFree:         1687924 kB
MemAvailable:   23037052 kB
Buffers:               0 kB
Cached:         20838460 kB
SwapCached:        15520 kB
Active:         15770824 kB
Inactive:       12414056 kB
Active(anon):    6841448 kB
Inactive(anon):   552380 kB
Active(file):    8929376 kB
Inactive(file): 11861676 kB
Unevictable:           0 kB
Mlocked:               0 kB
SwapTotal:      67108860 kB
SwapFree:       63106556 kB
Zswap:                 0 kB
Zswapped:              0 kB
Dirty:                68 kB
Writeback:             0 kB
AnonPages:       7325468 kB
Mapped:           281820 kB
Shmem:             47772 kB
KReclaimable:    1027296 kB
Slab:            1465360 kB
SReclaimable:    1027296 kB
SUnreclaim:       438064 kB
KernelStack:       34256 kB
PageTables:        44908 kB
SecPageTables:      4112 kB
NFS_Unstable:          0 kB
Bounce:                0 kB
WritebackTmp:          0 kB
CommitLimit:    83245456 kB
Committed_AS:   17753972 kB
VmallocTotal:   34359738367 kB
VmallocUsed:      229932 kB
VmallocChunk:          0 kB
Percpu:            21216 kB
HardwareCorrupted:     0 kB
AnonHugePages:   1120256 kB
ShmemHugePages:        0 kB
ShmemPmdMapped:        0 kB
FileHugePages:         0 kB
FilePmdMapped:         0 kB
CmaTotal:              0 kB
CmaFree:               0 kB
Unaccepted:            0 kB
HugePages_Total:       0
HugePages_Free:        0
HugePages_Rsvd:        0
HugePages_Surp:        0
Hugepagesize:       2048 kB
Hugetlb:               0 kB
DirectMap4k:      389980 kB
DirectMap2M:     5574656 kB
DirectMap1G:    27262976 kB

