/proc/loadavg
2.05 2.01 1.78 1/2101 33

/proc/stat
cpu  119448255 86936 3736518 11901837690 195228293 904224 1420628 0 0 0
cpu0 41251586 53 88734 463404040 4315161 72727 145766 0 0 0
cpu1 7245932 38258 741303 474640920 26150560 117364 156581 0 0 0
cpu2 5484068 307 162565 489776703 13793964 40680 27879 0 0 0
cpu3 4746892 101 89218 495303063 9121353 26290 15397 0 0 0
cpu4 5152480 1389 235906 486685147 17044930 52272 45788 0 0 0
cpu5 5088172 58 87966 495475778 8600215 28756 15170 0 0 0
cpu6 4939976 76 63776 499418541 4842717 23694 24423 0 0 0
cpu7 10434059 22861 650046 474627882 23278007 105304 72588 0 0 0
cpu8 5086564 126 114759 493750995 10261063 38503 36712 0 0 0
cpu9 4984391 60 69499 499111316 5102160 24475 17781 0 0 0
cpu10 4966714 42 65280 500715800 3473300 24566 70932 0 0 0
cpu11 4717452 575 200525 492039495 12118601 56729 98105 0 0 0
cpu12 1716474 39 47574 502983306 4532980 14377 19611 0 0 0
cpu13 2179657 11035 350449 498824158 7824752 33668 22546 0 0 0
cpu14 804825 232 54089 503183371 5226357 14003 13014 0 0 0
cpu15 1037748 59 45008 503925133 4299959 9991 7503 0 0 0
cpu16 1058124 291 53433 504677375 3516671 10305 6136 0 0 0
cpu17 677414 106 57235 505008045 3356301 43826 157921 0 0 0
cpu18 803899 52 59419 504720364 3609269 22984 99786 0 0 0
cpu19 3477289 10449 255284 497255893 8152408 48235 39763 0 0 0
cpu20 711892 204 54931 503445937 4942737 34278 57150 0 0 0
cpu21 757471 140 76509 503886955 4271993 40619 255833 0 0 0
cpu22 748526 73 58830 505007243 3489568 9656 8239 0 0 0
cpu23 1376639 340 54168 503970218 3903255 10912 5990 0 0 0
intr 3818130365 22 0 0 0 0 0 0 0 0 0 0 0 0 0 0 0 8 0 0 0 0 0 0 0 0 0 0 0 1 0 1 1 1 1 0 0 0 0 37 0 0 0 0 0 0 0 0 0 0 0 0 0 0 0 0 0 0 0 0 0 0 0 0 0 2953 1 170696798 161747300 166807229 394030237 95191 763667 144681 105967 227251 183245 85767 592423 124954 90501 70991 165728 77129 286662 93982 81287 104917 73685 74664 600090 173462 100619 70962 80880 30004 0 0 0 0 0 0 2 0 2 2 2 2 2 2 35 2 207 2 0 0 0 0 0 0 0 0 0 0 0 0 0 0 0 0 0 0 0 0 0 0 0 0 0 0 0 0 0 0 0 0 0 0 0 0 0 0 0 0 0 0 0 0 0 0 0 0 0 0 0 0 0 0 0 0 0 0 0 0 0 0 0 0 0 0 0 0 0 0 0 0 0 0 0 0 0 0 0 0 0 0 0 0 0 0 0 0 0 0 0 0 0 0 0 0 0 0 0 0 0 0 0 0 0 0 0 0 0 0 0 0 0 0 0 0 0 0 0 0 0 0 0 0 0 0 0 0 0 0 0 0 0 0 0 0 0 0 0 0 0 0 0 0 0 0 0 0 0 0 0 0 0 0 0 0 0 0 0 0 0 0 0 0 0 0 0 0 0 0 0 0 0 0 0 0 0 0 0 0 0 0 0 0 0 0 0 0 0 0 0 0 0 0 0 0 0 0 0 0 0 0 0 0 0 0 0 0 0 0 0 0 0 0 0 0 0 0 0 0 0 0 0 0 0 0 0 0 0 0 0 0 0 0 0 0 0 0 0 0 0 0 0 0 0 0 0 0 0 0 0 0 0 0 0 0 0 0 0 0 0 0 0 0 0 0 0 0 0 0 0 0 0 0 0 0 0 0 0 0 0 0 0 0 0 0 0 0 0 0 0 0 0 0 0 0 0 0 0 0 0 0 0 0 0 0 0 0 0 0 0 0 0 0 0 0 0 0 0 0 0 0 0 0 0 0 0 0 0 0 0 0 0 0 0 0 0 0 0 0 0 0 0 0 0 0 0 0 0 0 0 0 0 0 0 0 0 0 0 0 0 0 0 0 0 0 0 0 0 0 0 0 0 0 0 0 0 0 0 0 0 0 0 0 0 0 0 0 0 0 0 0 0 0 0 0 0 0 0 0 0 0 0 0 0 0 0 0 0 0 0 0 0 0 0 0 0 0 0 0 0 0 0 0 0 0 0 0 0 0 0 0 0 0 0 0 0 0 0 0 0 0 0 0 0 0 0 0 0 0 0 0 0 0 0 0 0 0 0 0 0 0 0 0 0 0 0 0 0 0 0 0 0 0 0 0 0 0 0 0 0 0 0 0 0 0 0 0 0 0 0 0 0 0 0 0 0 0 0 0 0 0 0 0 0 0 0 0 0 0 0 0 0 0 0 0 0 0 0 0 0 0 0 0 0 0 0 0 0 0 0 0 0 0 0 0 0 0 0 0 0 0 0 0 0 0 0 0 0 0 0 0 0 0 0 0 0 0 0 0 0 0 0 0 0 0 0 0 0 0 0 0 0 0 0 0 0 0 0 0 0 0 0 0 0 0 0 0 0 0 0 0 0 0 0 0 0 0 0 0 0 0 0 0 0 0 0 0 0 0 0 0 0 0 0 0 0 0 0 0 0 0 0 0 0 0 0 0 0 0 0 0 0 0 0 0 0 0 0 0 0 0 0 0 0 0 0 0 0 0 0 0 0 0 0 0 0 0 0 0 0 0 0 0 0 0 0 0 0 0 0 0 0 0 0 0 0 0 0 0 0 0 0 0 0 0 0 0 0 0 0 0 0 0 0 0 0 0 0 0 0 0 0 0 0 0 0 0 0 0 0 0 0 0 0 0 0 0 0 0 0 0 0 0 0 0 0 0 0 0 0 0 0 0 0 0 0 0 0 0 0 0 0 0 0 0 0 0 0 0 0 0 0 0 0 0 0 0 0 0 0 0 0 0 0 0 0 0 0 0 0 0 0 0 0 0 0 0 0 0 0 0 0 0 0 0 0 0 0 0 0 0 0 0 0 0 0 0 0 0 0 0 0 0 0 0 0 0 0 0 0 0 0 0 0 0 0 0 0 0 0 0 0 0 0 0 0 0 0 0 0 0 0 0 0 0 0 0 0 0 0 0 0 0 0 0 0 0 0 0 0 0 0 0 0 0 0 0 0 0 0 0 0 0 0 0 0 0 0 0 0 0 0 0 0 0 0 0 0 0 0 0 0 0 0 0 0 0 0 0 0 0 0 0 0 0 0 0 0 0 0 0 0 0 0 0 0 0 0 0 0 0 0 0 0 0 0 0 0 0 0 0 0 0 0 0 0 0 0 0 0 0 0 0 0 0 0 0 0 0 0 0 0 0 0 0 0 0 0 0 0 0 0 0 0 0 0 0 0 0 0 0 0 0 0 0 0 0 0 0 0 0 0 0 0 0 0 0 0 0 0 0 0 0 0 0 0 0 0 0 0 0 0 0 0 0 0 0 0 0 0 0 0 0 0 0 0 0 0 0 0 0 0 0 0 0 0 0 0 0 0 0 0 0 0 0 0 0 0 0 0 0 0 0 0 0 0 0 0 0 0 0 0 0 0 0 0
ctxt 3868377022
btime 1783935075
processes 5444088
procs_running 1
procs_blocked 0
softirq 2899746264 204 324979797 1707462 918771141 33214 0 7720162 927652344 399464 718482476

/proc/meminfo
MemTotal:       32273192 kB
MemFree:         1633580 kB
MemAvailable:   23107632 kB
Buffers:               0 kB
Cached:         20963508 kB
SwapCached:        15520 kB
Active:         15769792 kB
Inactive:       12539028 kB
Active(anon):    6840348 kB
Inactive(anon):   552376 kB
Active(file):    8929444 kB
Inactive(file): 11986652 kB
Unevictable:           0 kB
Mlocked:               0 kB
SwapTotal:      67108860 kB
SwapFree:       63106556 kB
Zswap:                 0 kB
Zswapped:              0 kB
Dirty:                44 kB
Writeback:             0 kB
AnonPages:       7315292 kB
Mapped:           282172 kB
Shmem:             47772 kB
KReclaimable:    1027176 kB
Slab:            1465064 kB
SReclaimable:    1027176 kB
SUnreclaim:       437888 kB
KernelStack:       33984 kB
PageTables:        44832 kB
SecPageTables:      4112 kB
NFS_Unstable:          0 kB
Bounce:                0 kB
WritebackTmp:          0 kB
CommitLimit:    83245456 kB
Committed_AS:   17748680 kB
VmallocTotal:   34359738367 kB
VmallocUsed:      229708 kB
VmallocChunk:          0 kB
Percpu:            21216 kB
HardwareCorrupted:     0 kB
AnonHugePages:   1103872 kB
ShmemHugePages:        0 kB
ShmemPmdMapped:        0 kB
FileHugePages:         0 kB
FilePmdMapped:         0 kB
CmaTotal:              0 kB
CmaFree:               0 kB
Unaccepted:            0 kB
HugePages_Total:       0
HugePages_Free:        0
HugePages_Rsvd:        0
HugePages_Surp:        0
Hugepagesize:       2048 kB
Hugetlb:               0 kB
DirectMap4k:      389980 kB
DirectMap2M:     5574656 kB
DirectMap1G:    27262976 kB

