/proc/loadavg
2.02 1.68 1.37 1/2107 11

/proc/stat
cpu  119371002 86936 3735567 11900066249 195227495 903993 1420274 0 0 0
cpu0 41248114 53 88309 463331334 4314969 72709 145513 0 0 0
cpu1 7245852 38258 741266 474564026 26150474 117358 156563 0 0 0
cpu2 5411551 307 162564 489772236 13793964 40530 27876 0 0 0
cpu3 4746856 101 89197 495226064 9121283 26287 15396 0 0 0
cpu4 5152347 1389 235862 486608276 17044865 52267 45783 0 0 0
cpu5 5088146 58 87948 495398712 8600201 28753 15169 0 0 0
cpu6 4939938 76 63763 499341469 4842713 23692 24423 0 0 0
cpu7 10433922 22861 650008 474550953 23277990 105301 72585 0 0 0
cpu8 5086539 126 114726 493673944 10261046 38501 36711 0 0 0
cpu9 4984364 60 69487 499034248 5102136 24474 17781 0 0 0
cpu10 4966692 42 65267 500638730 3473275 24564 70931 0 0 0
cpu11 4717382 575 200495 491962613 12118466 56725 98098 0 0 0
cpu12 1716453 39 47565 502906218 4532964 14376 19611 0 0 0
cpu13 2179540 11035 350380 498747262 7824724 33664 22545 0 0 0
cpu14 804822 232 54087 503106245 5226357 14003 13013 0 0 0
cpu15 1037692 59 44986 503848109 4299938 9989 7502 0 0 0
cpu16 1057996 291 53403 504600414 3516666 10303 6135 0 0 0
cpu17 677368 106 57217 504931014 3356285 43820 157909 0 0 0
cpu18 803881 52 59403 504643278 3609260 22982 99785 0 0 0
cpu19 3477108 10449 255238 497179007 8152403 48231 39761 0 0 0
cpu20 711852 204 54916 503368899 4942711 34274 57148 0 0 0
cpu21 757455 140 76493 503809909 4271985 40615 255797 0 0 0
cpu22 748506 73 58818 504930151 3489561 9655 8238 0 0 0
cpu23 1376615 340 54157 503893127 3903248 10910 5989 0 0 0
intr 3816707519 22 0 0 0 0 0 0 0 0 0 0 0 0 0 0 0 8 0 0 0 0 0 0 0 0 0 0 0 1 0 1 1 1 1 0 0 0 0 37 0 0 0 0 0 0 0 0 0 0 0 0 0 0 0 0 0 0 0 0 0 0 0 0 0 2953 1 170674089 161725433 166784602 393998903 95182 763667 144681 105967 227137 183193 85698 592402 124923 90500 70985 165727 77129 286653 93979 81286 104915 73683 74654 600029 173443 100612 70927 80878 30004 0 0 0 0 0 0 2 0 2 2 2 2 2 2 35 2 207 2 0 0 0 0 0 0 0 0 0 0 0 0 0 0 0 0 0 0 0 0 0 0 0 0 0 0 0 0 0 0 0 0 0 0 0 0 0 0 0 0 0 0 0 0 0 0 0 0 0 0 0 0 0 0 0 0 0 0 0 0 0 0 0 0 0 0 0 0 0 0 0 0 0 0 0 0 0 0 0 0 0 0 0 0 0 0 0 0 0 0 0 0 0 0 0 0 0 0 0 0 0 0 0 0 0 0 0 0 0 0 0 0 0 0 0 0 0 0 0 0 0 0 0 0 0 0 0 0 0 0 0 0 0 0 0 0 0 0 0 0 0 0 0 0 0 0 0 0 0 0 0 0 0 0 0 0 0 0 0 0 0 0 0 0 0 0 0 0 0 0 0 0 0 0 0 0 0 0 0 0 0 0 0 0 0 0 0 0 0 0 0 0 0 0 0 0 0 0 0 0 0 0 0 0 0 0 0 0 0 0 0 0 0 0 0 0 0 0 0 0 0 0 0 0 0 0 0 0 0 0 0 0 0 0 0 0 0 0 0 0 0 0 0 0 0 0 0 0 0 0 0 0 0 0 0 0 0 0 0 0 0 0 0 0 0 0 0 0 0 0 0 0 0 0 0 0 0 0 0 0 0 0 0 0 0 0 0 0 0 0 0 0 0 0 0 0 0 0 0 0 0 0 0 0 0 0 0 0 0 0 0 0 0 0 0 0 0 0 0 0 0 0 0 0 0 0 0 0 0 0 0 0 0 0 0 0 0 0 0 0 0 0 0 0 0 0 0 0 0 0 0 0 0 0 0 0 0 0 0 0 0 0 0 0 0 0 0 0 0 0 0 0 0 0 0 0 0 0 0 0 0 0 0 0 0 0 0 0 0 0 0 0 0 0 0 0 0 0 0 0 0 0 0 0 0 0 0 0 0 0 0 0 0 0 0 0 0 0 0 0 0 0 0 0 0 0 0 0 0 0 0 0 0 0 0 0 0 0 0 0 0 0 0 0 0 0 0 0 0 0 0 0 0 0 0 0 0 0 0 0 0 0 0 0 0 0 0 0 0 0 0 0 0 0 0 0 0 0 0 0 0 0 0 0 0 0 0 0 0 0 0 0 0 0 0 0 0 0 0 0 0 0 0 0 0 0 0 0 0 0 0 0 0 0 0 0 0 0 0 0 0 0 0 0 0 0 0 0 0 0 0 0 0 0 0 0 0 0 0 0 0 0 0 0 0 0 0 0 0 0 0 0 0 0 0 0 0 0 0 0 0 0 0 0 0 0 0 0 0 0 0 0 0 0 0 0 0 0 0 0 0 0 0 0 0 0 0 0 0 0 0 0 0 0 0 0 0 0 0 0 0 0 0 0 0 0 0 0 0 0 0 0 0 0 0 0 0 0 0 0 0 0 0 0 0 0 0 0 0 0 0 0 0 0 0 0 0 0 0 0 0 0 0 0 0 0 0 0 0 0 0 0 0 0 0 0 0 0 0 0 0 0 0 0 0 0 0 0 0 0 0 0 0 0 0 0 0 0 0 0 0 0 0 0 0 0 0 0 0 0 0 0 0 0 0 0 0 0 0 0 0 0 0 0 0 0 0 0 0 0 0 0 0 0 0 0 0 0 0 0 0 0 0 0 0 0 0 0 0 0 0 0 0 0 0 0 0 0 0 0 0 0 0 0 0 0 0 0 0 0 0 0 0 0 0 0 0 0 0 0 0 0 0 0 0 0 0 0 0 0 0 0 0 0 0 0 0 0 0 0 0 0 0 0 0 0 0 0 0 0 0 0 0 0 0 0 0 0 0 0 0 0 0 0 0 0 0 0 0 0 0 0 0 0 0 0 0 0 0 0 0 0 0 0 0 0 0 0 0 0 0 0 0 0 0 0 0 0 0 0 0 0 0 0 0 0 0 0 0 0 0 0 0 0 0 0 0 0 0 0 0 0 0 0 0 0 0 0 0 0 0 0 0 0 0 0 0 0 0 0 0 0 0 0 0 0 0 0 0 0 0 0 0 0 0 0 0 0 0 0 0 0 0 0 0 0 0 0 0 0 0 0 0 0 0 0 0 0 0 0 0 0 0 0 0 0 0 0 0 0 0 0 0 0 0 0 0 0 0 0 0 0 0 0 0 0 0 0 0 0 0 0 0 0 0 0 0 0 0 0 0 0 0 0 0 0 0 0 0 0 0 0 0 0 0 0 0 0 0 0 0 0 0 0 0 0 0 0 0 0 0 0 0 0 0 0 0 0 0 0 0 0 0 0 0 0 0 0 0 0 0 0 0 0 0 0 0 0 0 0 0 0 0 0 0 0 0 0 0 0 0 0 0 0 0 0 0 0 0 0 0 0 0 0 0 0 0
ctxt 3867228956
btime 1783935075
processes 5443345
procs_running 1
procs_blocked 0
softirq 2898804852 204 324922214 1705437 918670066 33214 0 7717862 927007387 399464 718349004

/proc/meminfo
MemTotal:       32273192 kB
MemFree:         1728264 kB
MemAvailable:   23106432 kB
Buffers:               0 kB
Cached:         20867536 kB
SwapCached:        15524 kB
Active:         15770640 kB
Inactive:       12443024 kB
Active(anon):    6841192 kB
Inactive(anon):   552380 kB
Active(file):    8929448 kB
Inactive(file): 11890644 kB
Unevictable:           0 kB
Mlocked:               0 kB
SwapTotal:      67108860 kB
SwapFree:       63106556 kB
Zswap:                 0 kB
Zswapped:              0 kB
Dirty:                32 kB
Writeback:           220 kB
AnonPages:       7318980 kB
Mapped:           281772 kB
Shmem:             47772 kB
KReclaimable:    1027296 kB
Slab:            1465520 kB
SReclaimable:    1027296 kB
SUnreclaim:       438224 kB
KernelStack:       34080 kB
PageTables:        44956 kB
SecPageTables:      4112 kB
NFS_Unstable:          0 kB
Bounce:                0 kB
WritebackTmp:          0 kB
CommitLimit:    83245456 kB
Committed_AS:   17732576 kB
VmallocTotal:   34359738367 kB
VmallocUsed:      229788 kB
VmallocChunk:          0 kB
Percpu:            21216 kB
HardwareCorrupted:     0 kB
AnonHugePages:   1112064 kB
ShmemHugePages:        0 kB
ShmemPmdMapped:        0 kB
FileHugePages:         0 kB
FilePmdMapped:         0 kB
CmaTotal:              0 kB
CmaFree:               0 kB
Unaccepted:            0 kB
HugePages_Total:       0
HugePages_Free:        0
HugePages_Rsvd:        0
HugePages_Surp:        0
Hugepagesize:       2048 kB
Hugetlb:               0 kB
DirectMap4k:      389980 kB
DirectMap2M:     5574656 kB
DirectMap1G:    27262976 kB

