/proc/loadavg
2.02 1.68 1.37 1/2107 11

/proc/stat
cpu  119370845 86936 3735546 11900061604 195227489 903993 1420273 0 0 0
cpu0 41247961 53 88289 463331313 4314963 72709 145513 0 0 0
cpu1 7245852 38258 741266 474563826 26150474 117358 156563 0 0 0
cpu2 5411551 307 162564 489772034 13793964 40530 27876 0 0 0
cpu3 4746856 101 89197 495225863 9121283 26287 15396 0 0 0
cpu4 5152345 1389 235861 486608076 17044865 52267 45783 0 0 0
cpu5 5088146 58 87948 495398511 8600201 28753 15169 0 0 0
cpu6 4939938 76 63763 499341268 4842713 23692 24423 0 0 0
cpu7 10433922 22861 650008 474550752 23277990 105301 72585 0 0 0
cpu8 5086539 126 114726 493673744 10261046 38501 36711 0 0 0
cpu9 4984364 60 69487 499034046 5102136 24474 17781 0 0 0
cpu10 4966692 42 65267 500638529 3473275 24564 70931 0 0 0
cpu11 4717382 575 200495 491962412 12118466 56725 98098 0 0 0
cpu12 1716453 39 47565 502906017 4532964 14376 19611 0 0 0
cpu13 2179539 11035 350380 498747062 7824724 33664 22545 0 0 0
cpu14 804822 232 54087 503106044 5226357 14003 13013 0 0 0
cpu15 1037692 59 44986 503847908 4299938 9989 7502 0 0 0
cpu16 1057996 291 53403 504600212 3516666 10303 6135 0 0 0
cpu17 677368 106 57217 504930813 3356285 43820 157909 0 0 0
cpu18 803881 52 59403 504643077 3609260 22982 99785 0 0 0
cpu19 3477108 10449 255238 497178806 8152403 48231 39761 0 0 0
cpu20 711852 204 54916 503368697 4942711 34274 57148 0 0 0
cpu21 757455 140 76493 503809709 4271985 40615 255796 0 0 0
cpu22 748506 73 58818 504929950 3489561 9655 8238 0 0 0
cpu23 1376615 340 54157 503892926 3903248 10910 5989 0 0 0
intr 3816704119 22 0 0 0 0 0 0 0 0 0 0 0 0 0 0 0 8 0 0 0 0 0 0 0 0 0 0 0 1 0 1 1 1 1 0 0 0 0 37 0 0 0 0 0 0 0 0 0 0 0 0 0 0 0 0 0 0 0 0 0 0 0 0 0 2953 1 170674082 161725432 166784218 393998537 95182 763667 144681 105967 227137 183193 85698 592402 124923 90500 70985 165727 77129 286653 93979 81286 104915 73683 74654 600029 173443 100612 70927 80878 30004 0 0 0 0 0 0 2 0 2 2 2 2 2 2 35 2 207 2 0 0 0 0 0 0 0 0 0 0 0 0 0 0 0 0 0 0 0 0 0 0 0 0 0 0 0 0 0 0 0 0 0 0 0 0 0 0 0 0 0 0 0 0 0 0 0 0 0 0 0 0 0 0 0 0 0 0 0 0 0 0 0 0 0 0 0 0 0 0 0 0 0 0 0 0 0 0 0 0 0 0 0 0 0 0 0 0 0 0 0 0 0 0 0 0 0 0 0 0 0 0 0 0 0 0 0 0 0 0 0 0 0 0 0 0 0 0 0 0 0 0 0 0 0 0 0 0 0 0 0 0 0 0 0 0 0 0 0 0 0 0 0 0 0 0 0 0 0 0 0 0 0 0 0 0 0 0 0 0 0 0 0 0 0 0 0 0 0 0 0 0 0 0 0 0 0 0 0 0 0 0 0 0 0 0 0 0 0 0 0 0 0 0 0 0 0 0 0 0 0 0 0 0 0 0 0 0 0 0 0 0 0 0 0 0 0 0 0 0 0 0 0 0 0 0 0 0 0 0 0 0 0 0 0 0 0 0 0 0 0 0 0 0 0 0 0 0 0 0 0 0 0 0 0 0 0 0 0 0 0 0 0 0 0 0 0 0 0 0 0 0 0 0 0 0 0 0 0 0 0 0 0 0 0 0 0 0 0 0 0 0 0 0 0 0 0 0 0 0 0 0 0 0 0 0 0 0 0 0 0 0 0 0 0 0 0 0 0 0 0 0 0 0 0 0 0 0 0 0 0 0 0 0 0 0 0 0 0 0 0 0 0 0 0 0 0 0 0 0 0 0 0 0 0 0 0 0 0 0 0 0 0 0 0 0 0 0 0 0 0 0 0 0 0 0 0 0 0 0 0 0 0 0 0 0 0 0 0 0 0 0 0 0 0 0 0 0 0 0 0 0 0 0 0 0 0 0 0 0 0 0 0 0 0 0 0 0 0 0 0 0 0 0 0 0 0 0 0 0 0 0 0 0 0 0 0 0 0 0 0 0 0 0 0 0 0 0 0 0 0 0 0 0 0 0 0 0 0 0 0 0 0 0 0 0 0 0 0 0 0 0 0 0 0 0 0 0 0 0 0 0 0 0 0 0 0 0 0 0 0 0 0 0 0 0 0 0 0 0 0 0 0 0 0 0 0 0 0 0 0 0 0 0 0 0 0 0 0 0 0 0 0 0 0 0 0 0 0 0 0 0 0 0 0 0 0 0 0 0 0 0 0 0 0 0 0 0 0 0 0 0 0 0 0 0 0 0 0 0 0 0 0 0 0 0 0 0 0 0 0 0 0 0 0 0 0 0 0 0 0 0 0 0 0 0 0 0 0 0 0 0 0 0 0 0 0 0 0 0 0 0 0 0 0 0 0 0 0 0 0 0 0 0 0 0 0 0 0 0 0 0 0 0 0 0 0 0 0 0 0 0 0 0 0 0 0 0 0 0 0 0 0 0 0 0 0 0 0 0 0 0 0 0 0 0 0 0 0 0 0 0 0 0 0 0 0 0 0 0 0 0 0 0 0 0 0 0 0 0 0 0 0 0 0 0 0 0 0 0 0 0 0 0 0 0 0 0 0 0 0 0 0 0 0 0 0 0 0 0 0 0 0 0 0 0 0 0 0 0 0 0 0 0 0 0 0 0 0 0 0 0 0 0 0 0 0 0 0 0 0 0 0 0 0 0 0 0 0 0 0 0 0 0 0 0 0 0 0 0 0 0 0 0 0 0 0 0 0 0 0 0 0 0 0 0 0 0 0 0 0 0 0 0 0 0 0 0 0 0 0 0 0 0 0 0 0 0 0 0 0 0 0 0 0 0 0 0 0 0 0 0 0 0 0 0 0 0 0 0 0 0 0 0 0 0 0 0 0 0 0 0 0 0 0 0 0 0 0 0 0 0 0 0 0 0 0 0 0 0 0 0 0 0 0 0 0 0 0 0 0 0 0 0 0 0 0 0 0 0 0 0 0 0 0 0 0 0 0 0 0 0 0 0 0 0 0 0 0 0 0 0 0 0 0 0 0 0 0 0 0 0 0 0 0 0 0 0 0 0 0 0 0 0 0 0 0 0 0 0 0 0 0 0 0 0 0 0 0 0 0 0 0 0 0 0 0 0 0 0 0 0 0 0 0 0 0 0 0 0 0 0 0 0 0 0 0 0 0 0 0 0 0 0 0 0 0 0 0 0 0 0 0 0 0 0 0 0 0 0 0 0 0 0 0 0 0 0 0 0 0 0 0 0 0 0 0 0 0 0 0 0 0 0 0 0 0 0 0 0 0 0 0 0 0 0 0 0 0 0 0 0 0 0 0 0 0 0 0 0 0 0 0 0 0 0 0 0 0 0 0 0 0 0 0 0 0
ctxt 3867226654
btime 1783935075
processes 5443345
procs_running 1
procs_blocked 0
softirq 2898802211 204 324922047 1705346 918669307 33214 0 7717806 927006113 399464 718348710

/proc/meminfo
MemTotal:       32273192 kB
MemFree:         1735200 kB
MemAvailable:   23109288 kB
Buffers:               0 kB
Cached:         20863456 kB
SwapCached:        15524 kB
Active:         15770620 kB
Inactive:       12438944 kB
Active(anon):    6841172 kB
Inactive(anon):   552380 kB
Active(file):    8929448 kB
Inactive(file): 11886564 kB
Unevictable:           0 kB
Mlocked:               0 kB
SwapTotal:      67108860 kB
SwapFree:       63106556 kB
Zswap:                 0 kB
Zswapped:              0 kB
Dirty:                28 kB
Writeback:             0 kB
AnonPages:       7318960 kB
Mapped:           281772 kB
Shmem:             47772 kB
KReclaimable:    1027296 kB
Slab:            1465432 kB
SReclaimable:    1027296 kB
SUnreclaim:       438136 kB
KernelStack:       34096 kB
PageTables:        44832 kB
SecPageTables:      4112 kB
NFS_Unstable:          0 kB
Bounce:                0 kB
WritebackTmp:          0 kB
CommitLimit:    83245456 kB
Committed_AS:   17732576 kB
VmallocTotal:   34359738367 kB
VmallocUsed:      229788 kB
VmallocChunk:          0 kB
Percpu:            21216 kB
HardwareCorrupted:     0 kB
AnonHugePages:   1112064 kB
ShmemHugePages:        0 kB
ShmemPmdMapped:        0 kB
FileHugePages:         0 kB
FilePmdMapped:         0 kB
CmaTotal:              0 kB
CmaFree:               0 kB
Unaccepted:            0 kB
HugePages_Total:       0
HugePages_Free:        0
HugePages_Rsvd:        0
HugePages_Surp:        0
Hugepagesize:       2048 kB
Hugetlb:               0 kB
DirectMap4k:      389980 kB
DirectMap2M:     5574656 kB
DirectMap1G:    27262976 kB

