/proc/loadavg
2.00 1.86 1.51 1/2103 18

/proc/stat
cpu  119393142 86936 3735820 11900573014 195227732 904058 1420379 0 0 0
cpu0 41249062 53 88427 463352198 4315011 72714 145584 0 0 0
cpu1 7245884 38258 741276 474586015 26150502 117359 156568 0 0 0
cpu2 5432383 307 162564 489773428 13793964 40573 27877 0 0 0
cpu3 4746860 101 89200 495248109 9121297 26288 15396 0 0 0
cpu4 5152384 1389 235872 486630267 17044890 52268 45785 0 0 0
cpu5 5088153 58 87952 495420761 8600206 28753 15169 0 0 0
cpu6 4939949 76 63766 499363520 4842713 23692 24423 0 0 0
cpu7 10433943 22861 650019 474572983 23277992 105302 72586 0 0 0
cpu8 5086551 126 114743 493695976 10261047 38502 36712 0 0 0
cpu9 4984369 60 69491 499056293 5102147 24474 17781 0 0 0
cpu10 4966698 42 65272 500660774 3473284 24565 70932 0 0 0
cpu11 4717406 575 200504 491984577 12118532 56726 98101 0 0 0
cpu12 1716462 39 47567 502928274 4532965 14376 19611 0 0 0
cpu13 2179577 11035 350398 498769259 7824732 33665 22545 0 0 0
cpu14 804822 232 54087 503128311 5226357 14003 13013 0 0 0
cpu15 1037704 59 44990 503870155 4299939 9990 7502 0 0 0
cpu16 1058026 291 53410 504622438 3516668 10303 6135 0 0 0
cpu17 677386 106 57222 504953045 3356292 43822 157912 0 0 0
cpu18 803884 52 59406 504665329 3609267 22983 99786 0 0 0
cpu19 3477178 10449 255245 497200992 8152406 48231 39762 0 0 0
cpu20 711854 204 54917 503390954 4942715 34275 57149 0 0 0
cpu21 757459 140 76497 503831952 4271985 40616 255811 0 0 0
cpu22 748509 73 58820 504952212 3489562 9655 8239 0 0 0
cpu23 1376626 340 54161 503915179 3903248 10911 5989 0 0 0
intr 3817094274 22 0 0 0 0 0 0 0 0 0 0 0 0 0 0 0 8 0 0 0 0 0 0 0 0 0 0 0 1 0 1 1 1 1 0 0 0 0 37 0 0 0 0 0 0 0 0 0 0 0 0 0 0 0 0 0 0 0 0 0 0 0 0 0 2953 1 170677474 161734648 166798763 394009612 95183 763667 144681 105967 227169 183209 85708 592418 124923 90500 70988 165727 77129 286653 93979 81287 104916 73683 74655 600044 173448 100615 70935 80878 30004 0 0 0 0 0 0 2 0 2 2 2 2 2 2 35 2 207 2 0 0 0 0 0 0 0 0 0 0 0 0 0 0 0 0 0 0 0 0 0 0 0 0 0 0 0 0 0 0 0 0 0 0 0 0 0 0 0 0 0 0 0 0 0 0 0 0 0 0 0 0 0 0 0 0 0 0 0 0 0 0 0 0 0 0 0 0 0 0 0 0 0 0 0 0 0 0 0 0 0 0 0 0 0 0 0 0 0 0 0 0 0 0 0 0 0 0 0 0 0 0 0 0 0 0 0 0 0 0 0 0 0 0 0 0 0 0 0 0 0 0 0 0 0 0 0 0 0 0 0 0 0 0 0 0 0 0 0 0 0 0 0 0 0 0 0 0 0 0 0 0 0 0 0 0 0 0 0 0 0 0 0 0 0 0 0 0 0 0 0 0 0 0 0 0 0 0 0 0 0 0 0 0 0 0 0 0 0 0 0 0 0 0 0 0 0 0 0 0 0 0 0 0 0 0 0 0 0 0 0 0 0 0 0 0 0 0 0 0 0 0 0 0 0 0 0 0 0 0 0 0 0 0 0 0 0 0 0 0 0 0 0 0 0 0 0 0 0 0 0 0 0 0 0 0 0 0 0 0 0 0 0 0 0 0 0 0 0 0 0 0 0 0 0 0 0 0 0 0 0 0 0 0 0 0 0 0 0 0 0 0 0 0 0 0 0 0 0 0 0 0 0 0 0 0 0 0 0 0 0 0 0 0 0 0 0 0 0 0 0 0 0 0 0 0 0 0 0 0 0 0 0 0 0 0 0 0 0 0 0 0 0 0 0 0 0 0 0 0 0 0 0 0 0 0 0 0 0 0 0 0 0 0 0 0 0 0 0 0 0 0 0 0 0 0 0 0 0 0 0 0 0 0 0 0 0 0 0 0 0 0 0 0 0 0 0 0 0 0 0 0 0 0 0 0 0 0 0 0 0 0 0 0 0 0 0 0 0 0 0 0 0 0 0 0 0 0 0 0 0 0 0 0 0 0 0 0 0 0 0 0 0 0 0 0 0 0 0 0 0 0 0 0 0 0 0 0 0 0 0 0 0 0 0 0 0 0 0 0 0 0 0 0 0 0 0 0 0 0 0 0 0 0 0 0 0 0 0 0 0 0 0 0 0 0 0 0 0 0 0 0 0 0 0 0 0 0 0 0 0 0 0 0 0 0 0 0 0 0 0 0 0 0 0 0 0 0 0 0 0 0 0 0 0 0 0 0 0 0 0 0 0 0 0 0 0 0 0 0 0 0 0 0 0 0 0 0 0 0 0 0 0 0 0 0 0 0 0 0 0 0 0 0 0 0 0 0 0 0 0 0 0 0 0 0 0 0 0 0 0 0 0 0 0 0 0 0 0 0 0 0 0 0 0 0 0 0 0 0 0 0 0 0 0 0 0 0 0 0 0 0 0 0 0 0 0 0 0 0 0 0 0 0 0 0 0 0 0 0 0 0 0 0 0 0 0 0 0 0 0 0 0 0 0 0 0 0 0 0 0 0 0 0 0 0 0 0 0 0 0 0 0 0 0 0 0 0 0 0 0 0 0 0 0 0 0 0 0 0 0 0 0 0 0 0 0 0 0 0 0 0 0 0 0 0 0 0 0 0 0 0 0 0 0 0 0 0 0 0 0 0 0 0 0 0 0 0 0 0 0 0 0 0 0 0 0 0 0 0 0 0 0 0 0 0 0 0 0 0 0 0 0 0 0 0 0 0 0 0 0 0 0 0 0 0 0 0 0 0 0 0 0 0 0 0 0 0 0 0 0 0 0 0 0 0 0 0 0 0 0 0 0 0 0 0 0 0 0 0 0 0 0 0 0 0 0 0 0 0 0 0 0 0 0 0 0 0 0 0 0 0 0 0 0 0 0 0 0 0 0 0 0 0 0 0 0 0 0 0 0 0 0 0 0 0 0 0 0 0 0 0 0 0 0 0 0 0 0 0 0 0 0 0 0 0 0 0 0 0 0 0 0 0 0 0 0 0 0 0 0 0 0 0 0 0 0 0 0 0 0 0 0 0 0 0 0 0 0 0 0 0 0 0 0 0 0 0 0 0 0 0 0 0 0 0 0 0 0 0 0 0 0 0 0 0 0 0 0 0 0 0 0 0 0 0 0 0 0 0 0 0 0 0 0 0 0 0 0 0 0 0 0 0 0 0 0 0 0 0 0 0 0 0 0 0 0 0 0 0 0 0 0 0 0 0 0 0 0 0 0 0 0 0 0 0 0 0 0 0 0 0 0 0 0 0 0 0 0 0 0 0 0 0 0 0 0 0 0 0 0 0 0 0 0 0 0 0 0 0 0 0 0 0 0 0 0 0 0 0 0 0 0 0 0 0 0 0 0 0 0 0 0 0 0 0 0
ctxt 3867521487
btime 1783935075
processes 5443541
procs_running 1
procs_blocked 0
softirq 2899085065 204 324938694 1706052 918708248 33214 0 7718568 927194046 399464 718386575

/proc/meminfo
MemTotal:       32273192 kB
MemFree:         1696260 kB
MemAvailable:   23102340 kB
Buffers:               0 kB
Cached:         20895552 kB
SwapCached:        15528 kB
Active:         15775300 kB
Inactive:       12470980 kB
Active(anon):    6845824 kB
Inactive(anon):   552380 kB
Active(file):    8929476 kB
Inactive(file): 11918600 kB
Unevictable:           0 kB
Mlocked:               0 kB
SwapTotal:      67108860 kB
SwapFree:       63106556 kB
Zswap:                 0 kB
Zswapped:              0 kB
Dirty:                96 kB
Writeback:             0 kB
AnonPages:       7323012 kB
Mapped:           282288 kB
Shmem:             47792 kB
KReclaimable:    1027224 kB
Slab:            1465180 kB
SReclaimable:    1027224 kB
SUnreclaim:       437956 kB
KernelStack:       34032 kB
PageTables:        45000 kB
SecPageTables:      4112 kB
NFS_Unstable:          0 kB
Bounce:                0 kB
WritebackTmp:          0 kB
CommitLimit:    83245456 kB
Committed_AS:   17764564 kB
VmallocTotal:   34359738367 kB
VmallocUsed:      229680 kB
VmallocChunk:          0 kB
Percpu:            21216 kB
HardwareCorrupted:     0 kB
AnonHugePages:   1112064 kB
ShmemHugePages:        0 kB
ShmemPmdMapped:        0 kB
FileHugePages:         0 kB
FilePmdMapped:         0 kB
CmaTotal:              0 kB
CmaFree:               0 kB
Unaccepted:            0 kB
HugePages_Total:       0
HugePages_Free:        0
HugePages_Rsvd:        0
HugePages_Surp:        0
Hugepagesize:       2048 kB
Hugetlb:               0 kB
DirectMap4k:      389980 kB
DirectMap2M:     5574656 kB
DirectMap1G:    27262976 kB

