/proc/loadavg
2.11 1.54 1.29 2/2112 8

/proc/stat
cpu  119360264 86936 3735435 11899820091 195227226 903961 1420219 0 0 0
cpu0 41247647 53 88250 463321205 4314948 72707 145476 0 0 0
cpu1 7245837 38258 741260 474553329 26150469 117357 156561 0 0 0
cpu2 5401464 307 162564 489771618 13793964 40510 27876 0 0 0
cpu3 4746853 101 89196 495215477 9121149 26287 15396 0 0 0
cpu4 5152329 1389 235855 486597591 17044856 52266 45781 0 0 0
cpu5 5088141 58 87945 495388003 8600196 28752 15169 0 0 0
cpu6 4939938 76 63761 499330747 4842713 23691 24423 0 0 0
cpu7 10433914 22861 650001 474540243 23277990 105301 72585 0 0 0
cpu8 5086529 126 114719 493663239 10261041 38501 36711 0 0 0
cpu9 4984361 60 69486 499023566 5102095 24473 17781 0 0 0
cpu10 4966689 42 65265 500628009 3473275 24564 70931 0 0 0
cpu11 4717365 575 200488 491951948 12118432 56724 98098 0 0 0
cpu12 1716452 39 47564 502895499 4532960 14376 19610 0 0 0
cpu13 2179515 11035 350370 498736583 7824717 33663 22545 0 0 0
cpu14 804822 232 54086 503095520 5226357 14003 13013 0 0 0
cpu15 1037688 59 44984 503837391 4299938 9988 7502 0 0 0
cpu16 1057988 291 53400 504589699 3516666 10302 6135 0 0 0
cpu17 677366 106 57215 504920295 3356285 43820 157908 0 0 0
cpu18 803879 52 59402 504632556 3609260 22982 99785 0 0 0
cpu19 3477058 10449 255234 497168337 8152403 48230 39761 0 0 0
cpu20 711850 204 54914 503358176 4942711 34274 57148 0 0 0
cpu21 757453 140 76491 503799201 4271983 40614 255788 0 0 0
cpu22 748505 73 58816 504919432 3489559 9654 8238 0 0 0
cpu23 1376607 340 54154 503882413 3903248 10910 5989 0 0 0
intr 3816506833 22 0 0 0 0 0 0 0 0 0 0 0 0 0 0 0 8 0 0 0 0 0 0 0 0 0 0 0 1 0 1 1 1 1 0 0 0 0 37 0 0 0 0 0 0 0 0 0 0 0 0 0 0 0 0 0 0 0 0 0 0 0 0 0 2953 1 170672588 161724986 166768137 393988686 95182 763667 144681 105967 227114 183185 85676 592402 124923 90499 70985 165727 77129 286653 93979 81272 104915 73683 74653 600021 173443 100612 70919 80878 30004 0 0 0 0 0 0 2 0 2 2 2 2 2 2 35 2 207 2 0 0 0 0 0 0 0 0 0 0 0 0 0 0 0 0 0 0 0 0 0 0 0 0 0 0 0 0 0 0 0 0 0 0 0 0 0 0 0 0 0 0 0 0 0 0 0 0 0 0 0 0 0 0 0 0 0 0 0 0 0 0 0 0 0 0 0 0 0 0 0 0 0 0 0 0 0 0 0 0 0 0 0 0 0 0 0 0 0 0 0 0 0 0 0 0 0 0 0 0 0 0 0 0 0 0 0 0 0 0 0 0 0 0 0 0 0 0 0 0 0 0 0 0 0 0 0 0 0 0 0 0 0 0 0 0 0 0 0 0 0 0 0 0 0 0 0 0 0 0 0 0 0 0 0 0 0 0 0 0 0 0 0 0 0 0 0 0 0 0 0 0 0 0 0 0 0 0 0 0 0 0 0 0 0 0 0 0 0 0 0 0 0 0 0 0 0 0 0 0 0 0 0 0 0 0 0 0 0 0 0 0 0 0 0 0 0 0 0 0 0 0 0 0 0 0 0 0 0 0 0 0 0 0 0 0 0 0 0 0 0 0 0 0 0 0 0 0 0 0 0 0 0 0 0 0 0 0 0 0 0 0 0 0 0 0 0 0 0 0 0 0 0 0 0 0 0 0 0 0 0 0 0 0 0 0 0 0 0 0 0 0 0 0 0 0 0 0 0 0 0 0 0 0 0 0 0 0 0 0 0 0 0 0 0 0 0 0 0 0 0 0 0 0 0 0 0 0 0 0 0 0 0 0 0 0 0 0 0 0 0 0 0 0 0 0 0 0 0 0 0 0 0 0 0 0 0 0 0 0 0 0 0 0 0 0 0 0 0 0 0 0 0 0 0 0 0 0 0 0 0 0 0 0 0 0 0 0 0 0 0 0 0 0 0 0 0 0 0 0 0 0 0 0 0 0 0 0 0 0 0 0 0 0 0 0 0 0 0 0 0 0 0 0 0 0 0 0 0 0 0 0 0 0 0 0 0 0 0 0 0 0 0 0 0 0 0 0 0 0 0 0 0 0 0 0 0 0 0 0 0 0 0 0 0 0 0 0 0 0 0 0 0 0 0 0 0 0 0 0 0 0 0 0 0 0 0 0 0 0 0 0 0 0 0 0 0 0 0 0 0 0 0 0 0 0 0 0 0 0 0 0 0 0 0 0 0 0 0 0 0 0 0 0 0 0 0 0 0 0 0 0 0 0 0 0 0 0 0 0 0 0 0 0 0 0 0 0 0 0 0 0 0 0 0 0 0 0 0 0 0 0 0 0 0 0 0 0 0 0 0 0 0 0 0 0 0 0 0 0 0 0 0 0 0 0 0 0 0 0 0 0 0 0 0 0 0 0 0 0 0 0 0 0 0 0 0 0 0 0 0 0 0 0 0 0 0 0 0 0 0 0 0 0 0 0 0 0 0 0 0 0 0 0 0 0 0 0 0 0 0 0 0 0 0 0 0 0 0 0 0 0 0 0 0 0 0 0 0 0 0 0 0 0 0 0 0 0 0 0 0 0 0 0 0 0 0 0 0 0 0 0 0 0 0 0 0 0 0 0 0 0 0 0 0 0 0 0 0 0 0 0 0 0 0 0 0 0 0 0 0 0 0 0 0 0 0 0 0 0 0 0 0 0 0 0 0 0 0 0 0 0 0 0 0 0 0 0 0 0 0 0 0 0 0 0 0 0 0 0 0 0 0 0 0 0 0 0 0 0 0 0 0 0 0 0 0 0 0 0 0 0 0 0 0 0 0 0 0 0 0 0 0 0 0 0 0 0 0 0 0 0 0 0 0 0 0 0 0 0 0 0 0 0 0 0 0 0 0 0 0 0 0 0 0 0 0 0 0 0 0 0 0 0 0 0 0 0 0 0 0 0 0 0 0 0 0 0 0 0 0 0 0 0 0 0 0 0 0 0 0 0 0 0 0 0 0 0 0 0 0 0 0 0 0 0 0 0 0 0 0 0 0 0 0 0 0 0 0 0 0 0 0 0 0 0 0 0 0 0 0 0 0 0 0 0 0 0 0 0 0 0 0 0 0 0 0 0 0 0 0 0 0 0 0 0 0 0 0 0 0 0 0 0 0 0 0 0 0 0 0 0 0 0 0 0 0 0 0 0 0 0 0 0 0 0 0 0 0 0 0 0 0 0 0 0 0 0 0 0 0 0 0 0 0 0 0 0 0 0 0 0 0 0 0 0 0 0 0 0 0 0 0 0 0 0 0 0 0 0 0 0 0 0 0 0 0 0 0 0 0 0 0 0 0 0 0 0 0 0 0 0 0 0 0 0 0 0 0 0 0 0 0 0 0 0 0 0 0 0 0 0 0 0 0 0 0 0 0 0 0 0 0 0 0 0 0
ctxt 3867063018
btime 1783935075
processes 5443248
procs_running 1
procs_blocked 0
softirq 2898658857 204 324913842 1705115 918641161 33214 0 7717239 926918238 399464 718330380

/proc/meminfo
MemTotal:       32273192 kB
MemFree:         1732116 kB
MemAvailable:   23098876 kB
Buffers:               0 kB
Cached:         20856092 kB
SwapCached:        15520 kB
Active:         15769060 kB
Inactive:       12431688 kB
Active(anon):    6839684 kB
Inactive(anon):   552380 kB
Active(file):    8929376 kB
Inactive(file): 11879308 kB
Unevictable:           0 kB
Mlocked:               0 kB
SwapTotal:      67108860 kB
SwapFree:       63106556 kB
Zswap:                 0 kB
Zswapped:              0 kB
Dirty:                16 kB
Writeback:           224 kB
AnonPages:       7318032 kB
Mapped:           281716 kB
Shmem:             47772 kB
KReclaimable:    1027296 kB
Slab:            1465520 kB
SReclaimable:    1027296 kB
SUnreclaim:       438224 kB
KernelStack:       34160 kB
PageTables:        44836 kB
SecPageTables:      4112 kB
NFS_Unstable:          0 kB
Bounce:                0 kB
WritebackTmp:          0 kB
CommitLimit:    83245456 kB
Committed_AS:   17730208 kB
VmallocTotal:   34359738367 kB
VmallocUsed:      229724 kB
VmallocChunk:          0 kB
Percpu:            21216 kB
HardwareCorrupted:     0 kB
AnonHugePages:   1112064 kB
ShmemHugePages:        0 kB
ShmemPmdMapped:        0 kB
FileHugePages:         0 kB
FilePmdMapped:         0 kB
CmaTotal:              0 kB
CmaFree:               0 kB
Unaccepted:            0 kB
HugePages_Total:       0
HugePages_Free:        0
HugePages_Rsvd:        0
HugePages_Surp:        0
Hugepagesize:       2048 kB
Hugetlb:               0 kB
DirectMap4k:      389980 kB
DirectMap2M:     5574656 kB
DirectMap1G:    27262976 kB

