/proc/loadavg
2.09 2.00 1.64 1/2107 23

/proc/stat
cpu  119412142 86936 3736051 11901007503 195227916 904113 1420463 0 0 0
cpu0 41249854 53 88521 463370112 4315047 72718 145646 0 0 0
cpu1 7245895 38258 741282 474604885 26150528 117360 156572 0 0 0
cpu2 5450265 307 162564 489774430 13793964 40610 27877 0 0 0
cpu3 4746868 101 89205 495267002 9121308 26288 15397 0 0 0
cpu4 5152407 1389 235881 486649142 17044899 52269 45786 0 0 0
cpu5 5088161 58 87955 495439664 8600212 28753 15169 0 0 0
cpu6 4939955 76 63768 499382432 4842714 23692 24423 0 0 0
cpu7 10433979 22861 650032 474591839 23278004 105303 72587 0 0 0
cpu8 5086554 126 114747 493714886 10261050 38502 36712 0 0 0
cpu9 4984375 60 69496 499075199 5102151 24474 17781 0 0 0
cpu10 4966710 42 65277 500679673 3473288 24565 70932 0 0 0
cpu11 4717440 575 200517 492003414 12118563 56728 98102 0 0 0
cpu12 1716470 39 47571 502947181 4532966 14377 19611 0 0 0
cpu13 2179612 11035 350412 498788115 7824741 33666 22546 0 0 0
cpu14 804823 232 54087 503147229 5226357 14003 13013 0 0 0
cpu15 1037730 59 44997 503889037 4299942 9990 7502 0 0 0
cpu16 1058068 291 53419 504641302 3516671 10304 6136 0 0 0
cpu17 677390 106 57226 504971949 3356297 43823 157915 0 0 0
cpu18 803896 52 59415 504684226 3609269 22983 99786 0 0 0
cpu19 3477207 10449 255256 497219869 8152406 48232 39762 0 0 0
cpu20 711865 204 54923 503409840 4942731 34276 57149 0 0 0
cpu21 757461 140 76502 503850854 4271985 40617 255817 0 0 0
cpu22 748511 73 58822 504971123 3489566 9655 8239 0 0 0
cpu23 1376635 340 54164 503934087 3903248 10911 5989 0 0 0
intr 3817418214 22 0 0 0 0 0 0 0 0 0 0 0 0 0 0 0 8 0 0 0 0 0 0 0 0 0 0 0 1 0 1 1 1 1 0 0 0 0 37 0 0 0 0 0 0 0 0 0 0 0 0 0 0 0 0 0 0 0 0 0 0 0 0 0 2953 1 170681368 161738030 166803976 394016120 95183 763667 144681 105967 227213 183223 85725 592421 124939 90500 70991 165727 77129 286653 93980 81287 104917 73683 74662 600066 173454 100616 70946 80878 30004 0 0 0 0 0 0 2 0 2 2 2 2 2 2 35 2 207 2 0 0 0 0 0 0 0 0 0 0 0 0 0 0 0 0 0 0 0 0 0 0 0 0 0 0 0 0 0 0 0 0 0 0 0 0 0 0 0 0 0 0 0 0 0 0 0 0 0 0 0 0 0 0 0 0 0 0 0 0 0 0 0 0 0 0 0 0 0 0 0 0 0 0 0 0 0 0 0 0 0 0 0 0 0 0 0 0 0 0 0 0 0 0 0 0 0 0 0 0 0 0 0 0 0 0 0 0 0 0 0 0 0 0 0 0 0 0 0 0 0 0 0 0 0 0 0 0 0 0 0 0 0 0 0 0 0 0 0 0 0 0 0 0 0 0 0 0 0 0 0 0 0 0 0 0 0 0 0 0 0 0 0 0 0 0 0 0 0 0 0 0 0 0 0 0 0 0 0 0 0 0 0 0 0 0 0 0 0 0 0 0 0 0 0 0 0 0 0 0 0 0 0 0 0 0 0 0 0 0 0 0 0 0 0 0 0 0 0 0 0 0 0 0 0 0 0 0 0 0 0 0 0 0 0 0 0 0 0 0 0 0 0 0 0 0 0 0 0 0 0 0 0 0 0 0 0 0 0 0 0 0 0 0 0 0 0 0 0 0 0 0 0 0 0 0 0 0 0 0 0 0 0 0 0 0 0 0 0 0 0 0 0 0 0 0 0 0 0 0 0 0 0 0 0 0 0 0 0 0 0 0 0 0 0 0 0 0 0 0 0 0 0 0 0 0 0 0 0 0 0 0 0 0 0 0 0 0 0 0 0 0 0 0 0 0 0 0 0 0 0 0 0 0 0 0 0 0 0 0 0 0 0 0 0 0 0 0 0 0 0 0 0 0 0 0 0 0 0 0 0 0 0 0 0 0 0 0 0 0 0 0 0 0 0 0 0 0 0 0 0 0 0 0 0 0 0 0 0 0 0 0 0 0 0 0 0 0 0 0 0 0 0 0 0 0 0 0 0 0 0 0 0 0 0 0 0 0 0 0 0 0 0 0 0 0 0 0 0 0 0 0 0 0 0 0 0 0 0 0 0 0 0 0 0 0 0 0 0 0 0 0 0 0 0 0 0 0 0 0 0 0 0 0 0 0 0 0 0 0 0 0 0 0 0 0 0 0 0 0 0 0 0 0 0 0 0 0 0 0 0 0 0 0 0 0 0 0 0 0 0 0 0 0 0 0 0 0 0 0 0 0 0 0 0 0 0 0 0 0 0 0 0 0 0 0 0 0 0 0 0 0 0 0 0 0 0 0 0 0 0 0 0 0 0 0 0 0 0 0 0 0 0 0 0 0 0 0 0 0 0 0 0 0 0 0 0 0 0 0 0 0 0 0 0 0 0 0 0 0 0 0 0 0 0 0 0 0 0 0 0 0 0 0 0 0 0 0 0 0 0 0 0 0 0 0 0 0 0 0 0 0 0 0 0 0 0 0 0 0 0 0 0 0 0 0 0 0 0 0 0 0 0 0 0 0 0 0 0 0 0 0 0 0 0 0 0 0 0 0 0 0 0 0 0 0 0 0 0 0 0 0 0 0 0 0 0 0 0 0 0 0 0 0 0 0 0 0 0 0 0 0 0 0 0 0 0 0 0 0 0 0 0 0 0 0 0 0 0 0 0 0 0 0 0 0 0 0 0 0 0 0 0 0 0 0 0 0 0 0 0 0 0 0 0 0 0 0 0 0 0 0 0 0 0 0 0 0 0 0 0 0 0 0 0 0 0 0 0 0 0 0 0 0 0 0 0 0 0 0 0 0 0 0 0 0 0 0 0 0 0 0 0 0 0 0 0 0 0 0 0 0 0 0 0 0 0 0 0 0 0 0 0 0 0 0 0 0 0 0 0 0 0 0 0 0 0 0 0 0 0 0 0 0 0 0 0 0 0 0 0 0 0 0 0 0 0 0 0 0 0 0 0 0 0 0 0 0 0 0 0 0 0 0 0 0 0 0 0 0 0 0 0 0 0 0 0 0 0 0 0 0 0 0 0 0 0 0 0 0 0 0 0 0 0 0 0 0 0 0 0 0 0 0 0 0 0 0 0 0 0 0 0 0 0 0 0 0 0 0 0 0 0 0 0 0 0 0 0 0 0 0 0 0 0 0 0 0 0 0 0 0 0 0 0 0 0 0 0 0 0 0 0 0 0 0 0 0 0 0 0 0 0 0 0 0 0 0 0 0 0 0 0 0 0 0 0 0 0 0 0 0 0 0 0 0 0 0 0 0 0 0 0 0 0 0 0 0 0 0 0 0 0 0 0 0 0 0 0 0 0 0 0 0 0 0 0 0 0 0 0 0 0 0 0 0 0 0 0 0 0 0 0 0 0 0 0 0 0 0 0 0 0 0 0 0 0
ctxt 3867787367
btime 1783935075
processes 5443773
procs_running 1
procs_blocked 0
softirq 2899312853 204 324952832 1706507 918727784 33214 0 7718946 927353321 399464 718420581

/proc/meminfo
MemTotal:       32273192 kB
MemFree:         1678580 kB
MemAvailable:   23106604 kB
Buffers:               0 kB
Cached:         20917388 kB
SwapCached:        15524 kB
Active:         15770952 kB
Inactive:       12492904 kB
Active(anon):    6841444 kB
Inactive(anon):   552376 kB
Active(file):    8929508 kB
Inactive(file): 11940528 kB
Unevictable:           0 kB
Mlocked:               0 kB
SwapTotal:      67108860 kB
SwapFree:       63106556 kB
Zswap:                 0 kB
Zswapped:              0 kB
Dirty:                36 kB
Writeback:             0 kB
AnonPages:       7318636 kB
Mapped:           282004 kB
Shmem:             47772 kB
KReclaimable:    1027208 kB
Slab:            1465332 kB
SReclaimable:    1027208 kB
SUnreclaim:       438124 kB
KernelStack:       34096 kB
PageTables:        44832 kB
SecPageTables:      4112 kB
NFS_Unstable:          0 kB
Bounce:                0 kB
WritebackTmp:          0 kB
CommitLimit:    83245456 kB
Committed_AS:   17731224 kB
VmallocTotal:   34359738367 kB
VmallocUsed:      229724 kB
VmallocChunk:          0 kB
Percpu:            21216 kB
HardwareCorrupted:     0 kB
AnonHugePages:   1112064 kB
ShmemHugePages:        0 kB
ShmemPmdMapped:        0 kB
FileHugePages:         0 kB
FilePmdMapped:         0 kB
CmaTotal:              0 kB
CmaFree:               0 kB
Unaccepted:            0 kB
HugePages_Total:       0
HugePages_Free:        0
HugePages_Rsvd:        0
HugePages_Surp:        0
Hugepagesize:       2048 kB
Hugetlb:               0 kB
DirectMap4k:      389980 kB
DirectMap2M:     5574656 kB
DirectMap1G:    27262976 kB

