/proc/loadavg
2.00 1.83 1.48 1/2099 16

/proc/stat
cpu  119387739 86936 3735750 11900449280 195227686 904042 1420353 0 0 0
cpu0 41248741 53 88385 463347211 4314997 72713 145567 0 0 0
cpu1 7245882 38258 741274 474580642 26150493 117359 156566 0 0 0
cpu2 5427376 307 162564 489773058 13793964 40563 27877 0 0 0
cpu3 4746859 101 89199 495242725 9121297 26288 15396 0 0 0
cpu4 5152368 1389 235869 486624901 17044887 52268 45785 0 0 0
cpu5 5088153 58 87952 495415377 8600203 28753 15169 0 0 0
cpu6 4939946 76 63765 499358139 4842713 23692 24423 0 0 0
cpu7 10433939 22861 650017 474567601 23277992 105302 72586 0 0 0
cpu8 5086548 126 114739 493690598 10261047 38502 36711 0 0 0
cpu9 4984369 60 69490 499050907 5102147 24474 17781 0 0 0
cpu10 4966697 42 65272 500655388 3473284 24565 70932 0 0 0
cpu11 4717396 575 200501 491979215 12118522 56726 98100 0 0 0
cpu12 1716461 39 47567 502922887 4532965 14376 19611 0 0 0
cpu13 2179576 11035 350396 498763874 7824732 33665 22545 0 0 0
cpu14 804822 232 54087 503122923 5226357 14003 13013 0 0 0
cpu15 1037701 59 44990 503864772 4299939 9989 7502 0 0 0
cpu16 1058007 291 53408 504617073 3516668 10303 6135 0 0 0
cpu17 677380 106 57222 504947665 3356292 43822 157912 0 0 0
cpu18 803884 52 59405 504659943 3609267 22982 99785 0 0 0
cpu19 3477178 10449 255244 497195608 8152403 48231 39761 0 0 0
cpu20 711853 204 54917 503385572 4942711 34275 57149 0 0 0
cpu21 757459 140 76496 503826569 4271985 40616 255807 0 0 0
cpu22 748508 73 58819 504946827 3489562 9655 8239 0 0 0
cpu23 1376625 340 54161 503909792 3903248 10911 5989 0 0 0
intr 3817003465 22 0 0 0 0 0 0 0 0 0 0 0 0 0 0 0 8 0 0 0 0 0 0 0 0 0 0 0 1 0 1 1 1 1 0 0 0 0 37 0 0 0 0 0 0 0 0 0 0 0 0 0 0 0 0 0 0 0 0 0 0 0 0 0 2953 1 170676653 161730958 166797046 394007181 95183 763667 144681 105967 227154 183205 85703 592418 124923 90500 70988 165727 77129 286653 93979 81287 104916 73683 74654 600040 173446 100613 70935 80878 30004 0 0 0 0 0 0 2 0 2 2 2 2 2 2 35 2 207 2 0 0 0 0 0 0 0 0 0 0 0 0 0 0 0 0 0 0 0 0 0 0 0 0 0 0 0 0 0 0 0 0 0 0 0 0 0 0 0 0 0 0 0 0 0 0 0 0 0 0 0 0 0 0 0 0 0 0 0 0 0 0 0 0 0 0 0 0 0 0 0 0 0 0 0 0 0 0 0 0 0 0 0 0 0 0 0 0 0 0 0 0 0 0 0 0 0 0 0 0 0 0 0 0 0 0 0 0 0 0 0 0 0 0 0 0 0 0 0 0 0 0 0 0 0 0 0 0 0 0 0 0 0 0 0 0 0 0 0 0 0 0 0 0 0 0 0 0 0 0 0 0 0 0 0 0 0 0 0 0 0 0 0 0 0 0 0 0 0 0 0 0 0 0 0 0 0 0 0 0 0 0 0 0 0 0 0 0 0 0 0 0 0 0 0 0 0 0 0 0 0 0 0 0 0 0 0 0 0 0 0 0 0 0 0 0 0 0 0 0 0 0 0 0 0 0 0 0 0 0 0 0 0 0 0 0 0 0 0 0 0 0 0 0 0 0 0 0 0 0 0 0 0 0 0 0 0 0 0 0 0 0 0 0 0 0 0 0 0 0 0 0 0 0 0 0 0 0 0 0 0 0 0 0 0 0 0 0 0 0 0 0 0 0 0 0 0 0 0 0 0 0 0 0 0 0 0 0 0 0 0 0 0 0 0 0 0 0 0 0 0 0 0 0 0 0 0 0 0 0 0 0 0 0 0 0 0 0 0 0 0 0 0 0 0 0 0 0 0 0 0 0 0 0 0 0 0 0 0 0 0 0 0 0 0 0 0 0 0 0 0 0 0 0 0 0 0 0 0 0 0 0 0 0 0 0 0 0 0 0 0 0 0 0 0 0 0 0 0 0 0 0 0 0 0 0 0 0 0 0 0 0 0 0 0 0 0 0 0 0 0 0 0 0 0 0 0 0 0 0 0 0 0 0 0 0 0 0 0 0 0 0 0 0 0 0 0 0 0 0 0 0 0 0 0 0 0 0 0 0 0 0 0 0 0 0 0 0 0 0 0 0 0 0 0 0 0 0 0 0 0 0 0 0 0 0 0 0 0 0 0 0 0 0 0 0 0 0 0 0 0 0 0 0 0 0 0 0 0 0 0 0 0 0 0 0 0 0 0 0 0 0 0 0 0 0 0 0 0 0 0 0 0 0 0 0 0 0 0 0 0 0 0 0 0 0 0 0 0 0 0 0 0 0 0 0 0 0 0 0 0 0 0 0 0 0 0 0 0 0 0 0 0 0 0 0 0 0 0 0 0 0 0 0 0 0 0 0 0 0 0 0 0 0 0 0 0 0 0 0 0 0 0 0 0 0 0 0 0 0 0 0 0 0 0 0 0 0 0 0 0 0 0 0 0 0 0 0 0 0 0 0 0 0 0 0 0 0 0 0 0 0 0 0 0 0 0 0 0 0 0 0 0 0 0 0 0 0 0 0 0 0 0 0 0 0 0 0 0 0 0 0 0 0 0 0 0 0 0 0 0 0 0 0 0 0 0 0 0 0 0 0 0 0 0 0 0 0 0 0 0 0 0 0 0 0 0 0 0 0 0 0 0 0 0 0 0 0 0 0 0 0 0 0 0 0 0 0 0 0 0 0 0 0 0 0 0 0 0 0 0 0 0 0 0 0 0 0 0 0 0 0 0 0 0 0 0 0 0 0 0 0 0 0 0 0 0 0 0 0 0 0 0 0 0 0 0 0 0 0 0 0 0 0 0 0 0 0 0 0 0 0 0 0 0 0 0 0 0 0 0 0 0 0 0 0 0 0 0 0 0 0 0 0 0 0 0 0 0 0 0 0 0 0 0 0 0 0 0 0 0 0 0 0 0 0 0 0 0 0 0 0 0 0 0 0 0 0 0 0 0 0 0 0 0 0 0 0 0 0 0 0 0 0 0 0 0 0 0 0 0 0 0 0 0 0 0 0 0 0 0 0 0 0 0 0 0 0 0 0 0 0 0 0 0 0 0 0 0 0 0 0 0 0 0 0 0 0 0 0 0 0 0 0 0 0 0 0 0 0 0 0 0 0 0 0 0 0 0 0 0 0 0 0 0 0 0 0 0 0 0 0 0 0 0 0 0 0 0 0 0 0 0 0 0 0 0 0 0 0 0 0 0 0 0 0 0 0 0 0 0 0 0 0 0 0 0 0 0 0 0 0 0 0 0 0 0 0 0 0 0 0 0 0 0 0 0 0 0 0 0 0 0 0 0 0 0 0 0 0 0 0 0 0 0 0 0 0 0 0 0 0 0 0 0 0 0 0 0 0 0 0 0 0 0 0 0 0 0 0 0 0 0 0 0 0 0
ctxt 3867455383
btime 1783935075
processes 5443495
procs_running 1
procs_blocked 0
softirq 2899021743 204 324934778 1705865 918699465 33214 0 7718389 927152026 399464 718378338

/proc/meminfo
MemTotal:       32273192 kB
MemFree:         1708168 kB
MemAvailable:   23105728 kB
Buffers:               0 kB
Cached:         20886932 kB
SwapCached:        15528 kB
Active:         15770168 kB
Inactive:       12462428 kB
Active(anon):    6840660 kB
Inactive(anon):   552380 kB
Active(file):    8929508 kB
Inactive(file): 11910048 kB
Unevictable:           0 kB
Mlocked:               0 kB
SwapTotal:      67108860 kB
SwapFree:       63106556 kB
Zswap:                 0 kB
Zswapped:              0 kB
Dirty:                32 kB
Writeback:             0 kB
AnonPages:       7317764 kB
Mapped:           281880 kB
Shmem:             47772 kB
KReclaimable:    1027224 kB
Slab:            1465180 kB
SReclaimable:    1027224 kB
SUnreclaim:       437956 kB
KernelStack:       33968 kB
PageTables:        44832 kB
SecPageTables:      4112 kB
NFS_Unstable:          0 kB
Bounce:                0 kB
WritebackTmp:          0 kB
CommitLimit:    83245456 kB
Committed_AS:   17732852 kB
VmallocTotal:   34359738367 kB
VmallocUsed:      229660 kB
VmallocChunk:          0 kB
Percpu:            21216 kB
HardwareCorrupted:     0 kB
AnonHugePages:   1112064 kB
ShmemHugePages:        0 kB
ShmemPmdMapped:        0 kB
FileHugePages:         0 kB
FilePmdMapped:         0 kB
CmaTotal:              0 kB
CmaFree:               0 kB
Unaccepted:            0 kB
HugePages_Total:       0
HugePages_Free:        0
HugePages_Rsvd:        0
HugePages_Surp:        0
Hugepagesize:       2048 kB
Hugetlb:               0 kB
DirectMap4k:      389980 kB
DirectMap2M:     5574656 kB
DirectMap1G:    27262976 kB

