/proc/loadavg
2.00 1.84 1.50 2/2101 17

/proc/stat
cpu  119390657 86936 3735803 11900516847 195227717 904051 1420367 0 0 0
cpu0 41249055 53 88424 463349773 4315010 72714 145576 0 0 0
cpu1 7245883 38258 741276 474583574 26150499 117359 156568 0 0 0
cpu2 5429944 307 162564 489773426 13793964 40568 27877 0 0 0
cpu3 4746859 101 89200 495245665 9121297 26288 15396 0 0 0
cpu4 5152374 1389 235870 486627833 17044889 52268 45785 0 0 0
cpu5 5088153 58 87952 495418318 8600204 28753 15169 0 0 0
cpu6 4939948 76 63765 499361076 4842713 23692 24423 0 0 0
cpu7 10433941 22861 650018 474570540 23277992 105302 72586 0 0 0
cpu8 5086551 126 114742 493693534 10261047 38502 36711 0 0 0
cpu9 4984369 60 69491 499053848 5102147 24474 17781 0 0 0
cpu10 4966697 42 65272 500658329 3473284 24565 70932 0 0 0
cpu11 4717402 575 200503 491982141 12118528 56726 98100 0 0 0
cpu12 1716461 39 47567 502925829 4532965 14376 19611 0 0 0
cpu13 2179577 11035 350397 498766814 7824732 33665 22545 0 0 0
cpu14 804822 232 54087 503125865 5226357 14003 13013 0 0 0
cpu15 1037702 59 44990 503867712 4299939 9989 7502 0 0 0
cpu16 1058015 291 53409 504620004 3516668 10303 6135 0 0 0
cpu17 677384 106 57222 504950602 3356292 43822 157912 0 0 0
cpu18 803884 52 59405 504662884 3609267 22983 99785 0 0 0
cpu19 3477178 10449 255245 497198546 8152406 48231 39762 0 0 0
cpu20 711853 204 54917 503388513 4942711 34275 57149 0 0 0
cpu21 757459 140 76496 503829507 4271985 40616 255810 0 0 0
cpu22 748508 73 58819 504949768 3489562 9655 8239 0 0 0
cpu23 1376625 340 54161 503912734 3903248 10911 5989 0 0 0
intr 3817051730 22 0 0 0 0 0 0 0 0 0 0 0 0 0 0 0 8 0 0 0 0 0 0 0 0 0 0 0 1 0 1 1 1 1 0 0 0 0 37 0 0 0 0 0 0 0 0 0 0 0 0 0 0 0 0 0 0 0 0 0 0 0 0 0 2953 1 170677085 161733003 166798253 394008813 95183 763667 144681 105967 227169 183207 85707 592418 124923 90500 70988 165727 77129 286653 93979 81287 104916 73683 74655 600042 173447 100615 70935 80878 30004 0 0 0 0 0 0 2 0 2 2 2 2 2 2 35 2 207 2 0 0 0 0 0 0 0 0 0 0 0 0 0 0 0 0 0 0 0 0 0 0 0 0 0 0 0 0 0 0 0 0 0 0 0 0 0 0 0 0 0 0 0 0 0 0 0 0 0 0 0 0 0 0 0 0 0 0 0 0 0 0 0 0 0 0 0 0 0 0 0 0 0 0 0 0 0 0 0 0 0 0 0 0 0 0 0 0 0 0 0 0 0 0 0 0 0 0 0 0 0 0 0 0 0 0 0 0 0 0 0 0 0 0 0 0 0 0 0 0 0 0 0 0 0 0 0 0 0 0 0 0 0 0 0 0 0 0 0 0 0 0 0 0 0 0 0 0 0 0 0 0 0 0 0 0 0 0 0 0 0 0 0 0 0 0 0 0 0 0 0 0 0 0 0 0 0 0 0 0 0 0 0 0 0 0 0 0 0 0 0 0 0 0 0 0 0 0 0 0 0 0 0 0 0 0 0 0 0 0 0 0 0 0 0 0 0 0 0 0 0 0 0 0 0 0 0 0 0 0 0 0 0 0 0 0 0 0 0 0 0 0 0 0 0 0 0 0 0 0 0 0 0 0 0 0 0 0 0 0 0 0 0 0 0 0 0 0 0 0 0 0 0 0 0 0 0 0 0 0 0 0 0 0 0 0 0 0 0 0 0 0 0 0 0 0 0 0 0 0 0 0 0 0 0 0 0 0 0 0 0 0 0 0 0 0 0 0 0 0 0 0 0 0 0 0 0 0 0 0 0 0 0 0 0 0 0 0 0 0 0 0 0 0 0 0 0 0 0 0 0 0 0 0 0 0 0 0 0 0 0 0 0 0 0 0 0 0 0 0 0 0 0 0 0 0 0 0 0 0 0 0 0 0 0 0 0 0 0 0 0 0 0 0 0 0 0 0 0 0 0 0 0 0 0 0 0 0 0 0 0 0 0 0 0 0 0 0 0 0 0 0 0 0 0 0 0 0 0 0 0 0 0 0 0 0 0 0 0 0 0 0 0 0 0 0 0 0 0 0 0 0 0 0 0 0 0 0 0 0 0 0 0 0 0 0 0 0 0 0 0 0 0 0 0 0 0 0 0 0 0 0 0 0 0 0 0 0 0 0 0 0 0 0 0 0 0 0 0 0 0 0 0 0 0 0 0 0 0 0 0 0 0 0 0 0 0 0 0 0 0 0 0 0 0 0 0 0 0 0 0 0 0 0 0 0 0 0 0 0 0 0 0 0 0 0 0 0 0 0 0 0 0 0 0 0 0 0 0 0 0 0 0 0 0 0 0 0 0 0 0 0 0 0 0 0 0 0 0 0 0 0 0 0 0 0 0 0 0 0 0 0 0 0 0 0 0 0 0 0 0 0 0 0 0 0 0 0 0 0 0 0 0 0 0 0 0 0 0 0 0 0 0 0 0 0 0 0 0 0 0 0 0 0 0 0 0 0 0 0 0 0 0 0 0 0 0 0 0 0 0 0 0 0 0 0 0 0 0 0 0 0 0 0 0 0 0 0 0 0 0 0 0 0 0 0 0 0 0 0 0 0 0 0 0 0 0 0 0 0 0 0 0 0 0 0 0 0 0 0 0 0 0 0 0 0 0 0 0 0 0 0 0 0 0 0 0 0 0 0 0 0 0 0 0 0 0 0 0 0 0 0 0 0 0 0 0 0 0 0 0 0 0 0 0 0 0 0 0 0 0 0 0 0 0 0 0 0 0 0 0 0 0 0 0 0 0 0 0 0 0 0 0 0 0 0 0 0 0 0 0 0 0 0 0 0 0 0 0 0 0 0 0 0 0 0 0 0 0 0 0 0 0 0 0 0 0 0 0 0 0 0 0 0 0 0 0 0 0 0 0 0 0 0 0 0 0 0 0 0 0 0 0 0 0 0 0 0 0 0 0 0 0 0 0 0 0 0 0 0 0 0 0 0 0 0 0 0 0 0 0 0 0 0 0 0 0 0 0 0 0 0 0 0 0 0 0 0 0 0 0 0 0 0 0 0 0 0 0 0 0 0 0 0 0 0 0 0 0 0 0 0 0 0 0 0 0 0 0 0 0 0 0 0 0 0 0 0 0 0 0 0 0 0 0 0 0 0 0 0 0 0 0 0 0 0 0 0 0 0 0 0 0 0 0 0 0 0 0 0 0 0 0 0 0 0 0 0 0 0 0 0 0 0 0 0 0 0 0 0 0 0 0 0 0 0 0 0 0 0 0 0 0 0 0 0 0 0 0 0 0 0 0 0 0 0 0 0 0 0 0 0 0 0 0 0 0 0 0 0 0 0 0 0 0 0 0 0 0 0 0 0 0 0 0 0 0 0 0 0 0 0 0 0 0 0 0 0 0 0 0 0 0 0 0 0 0
ctxt 3867487384
btime 1783935075
processes 5443504
procs_running 2
procs_blocked 0
softirq 2899054544 204 324936840 1706052 918704862 33214 0 7718527 927173635 399464 718381746

/proc/meminfo
MemTotal:       32273192 kB
MemFree:         1699104 kB
MemAvailable:   23105148 kB
Buffers:               0 kB
Cached:         20895448 kB
SwapCached:        15528 kB
Active:         15770668 kB
Inactive:       12470944 kB
Active(anon):    6841192 kB
Inactive(anon):   552380 kB
Active(file):    8929476 kB
Inactive(file): 11918564 kB
Unevictable:           0 kB
Mlocked:               0 kB
SwapTotal:      67108860 kB
SwapFree:       63106556 kB
Zswap:                 0 kB
Zswapped:              0 kB
Dirty:                 8 kB
Writeback:           548 kB
AnonPages:       7318344 kB
Mapped:           281864 kB
Shmem:             47772 kB
KReclaimable:    1027224 kB
Slab:            1465292 kB
SReclaimable:    1027224 kB
SUnreclaim:       438068 kB
KernelStack:       33984 kB
PageTables:        44836 kB
SecPageTables:      4112 kB
NFS_Unstable:          0 kB
Bounce:                0 kB
WritebackTmp:          0 kB
CommitLimit:    83245456 kB
Committed_AS:   17768324 kB
VmallocTotal:   34359738367 kB
VmallocUsed:      229660 kB
VmallocChunk:          0 kB
Percpu:            21216 kB
HardwareCorrupted:     0 kB
AnonHugePages:   1112064 kB
ShmemHugePages:        0 kB
ShmemPmdMapped:        0 kB
FileHugePages:         0 kB
FilePmdMapped:         0 kB
CmaTotal:              0 kB
CmaFree:               0 kB
Unaccepted:            0 kB
HugePages_Total:       0
HugePages_Free:        0
HugePages_Rsvd:        0
HugePages_Surp:        0
Hugepagesize:       2048 kB
Hugetlb:               0 kB
DirectMap4k:      389980 kB
DirectMap2M:     5574656 kB
DirectMap1G:    27262976 kB

