/proc/loadavg
2.05 2.01 1.78 1/2101 33

/proc/stat
cpu  119448096 86936 3736496 11901832761 195228281 904223 1420626 0 0 0
cpu0 41251433 53 88714 463404006 4315155 72727 145766 0 0 0
cpu1 7245932 38258 741303 474640707 26150560 117364 156580 0 0 0
cpu2 5484068 307 162565 489776490 13793964 40680 27879 0 0 0
cpu3 4746891 101 89218 495302850 9121353 26290 15397 0 0 0
cpu4 5152480 1389 235906 486684934 17044930 52272 45788 0 0 0
cpu5 5088172 58 87966 495475565 8600215 28756 15170 0 0 0
cpu6 4939976 76 63776 499418328 4842717 23693 24423 0 0 0
cpu7 10434059 22861 650046 474627669 23278007 105304 72588 0 0 0
cpu8 5086564 126 114758 493750782 10261063 38503 36712 0 0 0
cpu9 4984391 60 69499 499111102 5102160 24475 17781 0 0 0
cpu10 4966714 42 65280 500715587 3473300 24566 70932 0 0 0
cpu11 4717451 575 200525 492039282 12118601 56729 98105 0 0 0
cpu12 1716474 39 47574 502983093 4532980 14377 19611 0 0 0
cpu13 2179657 11035 350449 498823945 7824752 33668 22546 0 0 0
cpu14 804825 232 54089 503183157 5226357 14003 13014 0 0 0
cpu15 1037748 59 45008 503924921 4299957 9991 7503 0 0 0
cpu16 1058122 291 53433 504677163 3516671 10305 6136 0 0 0
cpu17 677414 106 57235 505007832 3356301 43826 157921 0 0 0
cpu18 803899 52 59419 504720151 3609269 22984 99786 0 0 0
cpu19 3477288 10449 255283 497255681 8152408 48235 39763 0 0 0
cpu20 711890 204 54931 503445725 4942737 34278 57150 0 0 0
cpu21 757471 140 76509 503886745 4271990 40619 255832 0 0 0
cpu22 748526 73 58830 505007030 3489568 9656 8239 0 0 0
cpu23 1376638 340 54168 503970004 3903255 10912 5990 0 0 0
intr 3818125363 22 0 0 0 0 0 0 0 0 0 0 0 0 0 0 0 8 0 0 0 0 0 0 0 0 0 0 0 1 0 1 1 1 1 0 0 0 0 37 0 0 0 0 0 0 0 0 0 0 0 0 0 0 0 0 0 0 0 0 0 0 0 0 0 2953 1 170696383 161747288 166807057 394029796 95191 763667 144681 105967 227251 183245 85767 592423 124954 90501 70991 165728 77129 286662 93982 81287 104917 73685 74664 600090 173462 100619 70962 80880 30004 0 0 0 0 0 0 2 0 2 2 2 2 2 2 35 2 207 2 0 0 0 0 0 0 0 0 0 0 0 0 0 0 0 0 0 0 0 0 0 0 0 0 0 0 0 0 0 0 0 0 0 0 0 0 0 0 0 0 0 0 0 0 0 0 0 0 0 0 0 0 0 0 0 0 0 0 0 0 0 0 0 0 0 0 0 0 0 0 0 0 0 0 0 0 0 0 0 0 0 0 0 0 0 0 0 0 0 0 0 0 0 0 0 0 0 0 0 0 0 0 0 0 0 0 0 0 0 0 0 0 0 0 0 0 0 0 0 0 0 0 0 0 0 0 0 0 0 0 0 0 0 0 0 0 0 0 0 0 0 0 0 0 0 0 0 0 0 0 0 0 0 0 0 0 0 0 0 0 0 0 0 0 0 0 0 0 0 0 0 0 0 0 0 0 0 0 0 0 0 0 0 0 0 0 0 0 0 0 0 0 0 0 0 0 0 0 0 0 0 0 0 0 0 0 0 0 0 0 0 0 0 0 0 0 0 0 0 0 0 0 0 0 0 0 0 0 0 0 0 0 0 0 0 0 0 0 0 0 0 0 0 0 0 0 0 0 0 0 0 0 0 0 0 0 0 0 0 0 0 0 0 0 0 0 0 0 0 0 0 0 0 0 0 0 0 0 0 0 0 0 0 0 0 0 0 0 0 0 0 0 0 0 0 0 0 0 0 0 0 0 0 0 0 0 0 0 0 0 0 0 0 0 0 0 0 0 0 0 0 0 0 0 0 0 0 0 0 0 0 0 0 0 0 0 0 0 0 0 0 0 0 0 0 0 0 0 0 0 0 0 0 0 0 0 0 0 0 0 0 0 0 0 0 0 0 0 0 0 0 0 0 0 0 0 0 0 0 0 0 0 0 0 0 0 0 0 0 0 0 0 0 0 0 0 0 0 0 0 0 0 0 0 0 0 0 0 0 0 0 0 0 0 0 0 0 0 0 0 0 0 0 0 0 0 0 0 0 0 0 0 0 0 0 0 0 0 0 0 0 0 0 0 0 0 0 0 0 0 0 0 0 0 0 0 0 0 0 0 0 0 0 0 0 0 0 0 0 0 0 0 0 0 0 0 0 0 0 0 0 0 0 0 0 0 0 0 0 0 0 0 0 0 0 0 0 0 0 0 0 0 0 0 0 0 0 0 0 0 0 0 0 0 0 0 0 0 0 0 0 0 0 0 0 0 0 0 0 0 0 0 0 0 0 0 0 0 0 0 0 0 0 0 0 0 0 0 0 0 0 0 0 0 0 0 0 0 0 0 0 0 0 0 0 0 0 0 0 0 0 0 0 0 0 0 0 0 0 0 0 0 0 0 0 0 0 0 0 0 0 0 0 0 0 0 0 0 0 0 0 0 0 0 0 0 0 0 0 0 0 0 0 0 0 0 0 0 0 0 0 0 0 0 0 0 0 0 0 0 0 0 0 0 0 0 0 0 0 0 0 0 0 0 0 0 0 0 0 0 0 0 0 0 0 0 0 0 0 0 0 0 0 0 0 0 0 0 0 0 0 0 0 0 0 0 0 0 0 0 0 0 0 0 0 0 0 0 0 0 0 0 0 0 0 0 0 0 0 0 0 0 0 0 0 0 0 0 0 0 0 0 0 0 0 0 0 0 0 0 0 0 0 0 0 0 0 0 0 0 0 0 0 0 0 0 0 0 0 0 0 0 0 0 0 0 0 0 0 0 0 0 0 0 0 0 0 0 0 0 0 0 0 0 0 0 0 0 0 0 0 0 0 0 0 0 0 0 0 0 0 0 0 0 0 0 0 0 0 0 0 0 0 0 0 0 0 0 0 0 0 0 0 0 0 0 0 0 0 0 0 0 0 0 0 0 0 0 0 0 0 0 0 0 0 0 0 0 0 0 0 0 0 0 0 0 0 0 0 0 0 0 0 0 0 0 0 0 0 0 0 0 0 0 0 0 0 0 0 0 0 0 0 0 0 0 0 0 0 0 0 0 0 0 0 0 0 0 0 0 0 0 0 0 0 0 0 0 0 0 0 0 0 0 0 0 0 0 0 0 0 0 0 0 0 0 0 0 0 0 0 0 0 0 0 0 0 0 0 0 0 0 0 0 0 0 0 0 0 0 0 0 0 0 0 0 0 0 0 0 0 0 0 0 0 0 0 0 0 0 0 0 0 0 0 0 0 0 0 0 0 0 0 0 0 0 0 0 0 0 0 0 0 0 0 0 0 0 0 0 0 0 0 0 0 0 0 0 0 0 0 0 0 0 0 0 0 0 0 0 0 0 0 0 0 0 0 0 0 0 0 0 0 0 0 0 0 0 0 0 0 0 0 0 0 0 0 0 0 0 0 0 0 0 0 0 0 0 0 0 0 0 0 0 0 0 0
ctxt 3868373296
btime 1783935075
processes 5444083
procs_running 1
procs_blocked 0
softirq 2899742109 204 324979552 1707378 918770082 33214 0 7720107 927650431 399464 718481677

/proc/meminfo
MemTotal:       32273192 kB
MemFree:         1643044 kB
MemAvailable:   23112912 kB
Buffers:               0 kB
Cached:         20959312 kB
SwapCached:        15520 kB
Active:         15767324 kB
Inactive:       12534780 kB
Active(anon):    6837816 kB
Inactive(anon):   552376 kB
Active(file):    8929508 kB
Inactive(file): 11982404 kB
Unevictable:           0 kB
Mlocked:               0 kB
SwapTotal:      67108860 kB
SwapFree:       63106556 kB
Zswap:                 0 kB
Zswapped:              0 kB
Dirty:                92 kB
Writeback:             0 kB
AnonPages:       7312804 kB
Mapped:           282172 kB
Shmem:             47772 kB
KReclaimable:    1027176 kB
Slab:            1465048 kB
SReclaimable:    1027176 kB
SUnreclaim:       437872 kB
KernelStack:       34000 kB
PageTables:        44820 kB
SecPageTables:      4112 kB
NFS_Unstable:          0 kB
Bounce:                0 kB
WritebackTmp:          0 kB
CommitLimit:    83245456 kB
Committed_AS:   17726788 kB
VmallocTotal:   34359738367 kB
VmallocUsed:      229724 kB
VmallocChunk:          0 kB
Percpu:            21216 kB
HardwareCorrupted:     0 kB
AnonHugePages:   1103872 kB
ShmemHugePages:        0 kB
ShmemPmdMapped:        0 kB
FileHugePages:         0 kB
FilePmdMapped:         0 kB
CmaTotal:              0 kB
CmaFree:               0 kB
Unaccepted:            0 kB
HugePages_Total:       0
HugePages_Free:        0
HugePages_Rsvd:        0
HugePages_Surp:        0
Hugepagesize:       2048 kB
Hugetlb:               0 kB
DirectMap4k:      389980 kB
DirectMap2M:     5574656 kB
DirectMap1G:    27262976 kB

