/proc/loadavg
2.00 1.76 1.43 1/2104 13

/proc/stat
cpu  119379139 86936 3735653 11900252455 195227598 904017 1420312 0 0 0
cpu0 41248428 53 88347 463339044 4314982 72711 145539 0 0 0
cpu1 7245869 38258 741269 474572106 26150480 117358 156565 0 0 0
cpu2 5419233 307 162564 489772646 13793964 40546 27876 0 0 0
cpu3 4746857 101 89198 495234163 9121291 26288 15396 0 0 0
cpu4 5152361 1389 235866 486616364 17044865 52268 45784 0 0 0
cpu5 5088147 58 87950 495406816 8600201 28753 15169 0 0 0
cpu6 4939945 76 63764 499349569 4842713 23692 24423 0 0 0
cpu7 10433932 22861 650013 474559044 23277991 105301 72586 0 0 0
cpu8 5086543 126 114730 493682042 10261047 38501 36711 0 0 0
cpu9 4984367 60 69489 499042343 5102144 24474 17781 0 0 0
cpu10 4966694 42 65268 500646827 3473282 24564 70931 0 0 0
cpu11 4717388 575 200497 491970673 12118507 56725 98099 0 0 0
cpu12 1716456 39 47566 502914323 4532964 14376 19611 0 0 0
cpu13 2179555 11035 350387 498755340 7824729 33664 22545 0 0 0
cpu14 804822 232 54087 503114353 5226357 14003 13013 0 0 0
cpu15 1037697 59 44988 503856208 4299939 9989 7502 0 0 0
cpu16 1057998 291 53405 504608515 3516668 10303 6135 0 0 0
cpu17 677369 106 57219 504939110 3356292 43821 157911 0 0 0
cpu18 803882 52 59404 504651383 3609260 22982 99785 0 0 0
cpu19 3477142 10449 255241 497187078 8152403 48231 39761 0 0 0
cpu20 711852 204 54916 503377005 4942711 34275 57148 0 0 0
cpu21 757457 140 76494 503818008 4271985 40615 255802 0 0 0
cpu22 748507 73 58818 504938258 3489561 9655 8238 0 0 0
cpu23 1376624 340 54160 503901223 3903248 10911 5989 0 0 0
intr 3816854865 22 0 0 0 0 0 0 0 0 0 0 0 0 0 0 0 8 0 0 0 0 0 0 0 0 0 0 0 1 0 1 1 1 1 0 0 0 0 37 0 0 0 0 0 0 0 0 0 0 0 0 0 0 0 0 0 0 0 0 0 0 0 0 0 2953 1 170675413 161725690 166793614 394003519 95182 763667 144681 105967 227153 183201 85701 592418 124923 90500 70987 165727 77129 286653 93979 81287 104916 73683 74654 600036 173444 100613 70928 80878 30004 0 0 0 0 0 0 2 0 2 2 2 2 2 2 35 2 207 2 0 0 0 0 0 0 0 0 0 0 0 0 0 0 0 0 0 0 0 0 0 0 0 0 0 0 0 0 0 0 0 0 0 0 0 0 0 0 0 0 0 0 0 0 0 0 0 0 0 0 0 0 0 0 0 0 0 0 0 0 0 0 0 0 0 0 0 0 0 0 0 0 0 0 0 0 0 0 0 0 0 0 0 0 0 0 0 0 0 0 0 0 0 0 0 0 0 0 0 0 0 0 0 0 0 0 0 0 0 0 0 0 0 0 0 0 0 0 0 0 0 0 0 0 0 0 0 0 0 0 0 0 0 0 0 0 0 0 0 0 0 0 0 0 0 0 0 0 0 0 0 0 0 0 0 0 0 0 0 0 0 0 0 0 0 0 0 0 0 0 0 0 0 0 0 0 0 0 0 0 0 0 0 0 0 0 0 0 0 0 0 0 0 0 0 0 0 0 0 0 0 0 0 0 0 0 0 0 0 0 0 0 0 0 0 0 0 0 0 0 0 0 0 0 0 0 0 0 0 0 0 0 0 0 0 0 0 0 0 0 0 0 0 0 0 0 0 0 0 0 0 0 0 0 0 0 0 0 0 0 0 0 0 0 0 0 0 0 0 0 0 0 0 0 0 0 0 0 0 0 0 0 0 0 0 0 0 0 0 0 0 0 0 0 0 0 0 0 0 0 0 0 0 0 0 0 0 0 0 0 0 0 0 0 0 0 0 0 0 0 0 0 0 0 0 0 0 0 0 0 0 0 0 0 0 0 0 0 0 0 0 0 0 0 0 0 0 0 0 0 0 0 0 0 0 0 0 0 0 0 0 0 0 0 0 0 0 0 0 0 0 0 0 0 0 0 0 0 0 0 0 0 0 0 0 0 0 0 0 0 0 0 0 0 0 0 0 0 0 0 0 0 0 0 0 0 0 0 0 0 0 0 0 0 0 0 0 0 0 0 0 0 0 0 0 0 0 0 0 0 0 0 0 0 0 0 0 0 0 0 0 0 0 0 0 0 0 0 0 0 0 0 0 0 0 0 0 0 0 0 0 0 0 0 0 0 0 0 0 0 0 0 0 0 0 0 0 0 0 0 0 0 0 0 0 0 0 0 0 0 0 0 0 0 0 0 0 0 0 0 0 0 0 0 0 0 0 0 0 0 0 0 0 0 0 0 0 0 0 0 0 0 0 0 0 0 0 0 0 0 0 0 0 0 0 0 0 0 0 0 0 0 0 0 0 0 0 0 0 0 0 0 0 0 0 0 0 0 0 0 0 0 0 0 0 0 0 0 0 0 0 0 0 0 0 0 0 0 0 0 0 0 0 0 0 0 0 0 0 0 0 0 0 0 0 0 0 0 0 0 0 0 0 0 0 0 0 0 0 0 0 0 0 0 0 0 0 0 0 0 0 0 0 0 0 0 0 0 0 0 0 0 0 0 0 0 0 0 0 0 0 0 0 0 0 0 0 0 0 0 0 0 0 0 0 0 0 0 0 0 0 0 0 0 0 0 0 0 0 0 0 0 0 0 0 0 0 0 0 0 0 0 0 0 0 0 0 0 0 0 0 0 0 0 0 0 0 0 0 0 0 0 0 0 0 0 0 0 0 0 0 0 0 0 0 0 0 0 0 0 0 0 0 0 0 0 0 0 0 0 0 0 0 0 0 0 0 0 0 0 0 0 0 0 0 0 0 0 0 0 0 0 0 0 0 0 0 0 0 0 0 0 0 0 0 0 0 0 0 0 0 0 0 0 0 0 0 0 0 0 0 0 0 0 0 0 0 0 0 0 0 0 0 0 0 0 0 0 0 0 0 0 0 0 0 0 0 0 0 0 0 0 0 0 0 0 0 0 0 0 0 0 0 0 0 0 0 0 0 0 0 0 0 0 0 0 0 0 0 0 0 0 0 0 0 0 0 0 0 0 0 0 0 0 0 0 0 0 0 0 0 0 0 0 0 0 0 0 0 0 0 0 0 0 0 0 0 0 0 0 0 0 0 0 0 0 0 0 0 0 0 0 0 0 0 0 0 0 0 0 0 0 0 0 0 0 0 0 0 0 0 0 0 0 0 0 0 0 0 0 0 0 0 0 0 0 0 0 0 0 0 0 0 0 0 0 0 0 0 0 0 0 0 0 0 0 0 0 0 0 0 0 0 0 0 0 0 0 0 0 0 0 0 0 0 0 0 0 0 0 0 0 0 0 0 0 0 0 0 0 0 0 0 0 0 0 0 0 0 0 0 0 0 0 0 0 0 0 0 0 0 0 0 0 0 0 0 0 0 0 0 0 0 0 0 0 0 0 0 0 0 0 0 0 0 0 0 0 0 0 0 0 0 0 0 0 0 0 0 0 0 0 0 0 0 0 0
ctxt 3867336857
btime 1783935075
processes 5443410
procs_running 1
procs_blocked 0
softirq 2898914368 204 324928453 1705653 918685504 33214 0 7718191 927080610 399464 718363075

/proc/meminfo
MemTotal:       32273192 kB
MemFree:         1723424 kB
MemAvailable:   23111496 kB
Buffers:               0 kB
Cached:         20877508 kB
SwapCached:        15524 kB
Active:         15768060 kB
Inactive:       12453004 kB
Active(anon):    6838616 kB
Inactive(anon):   552380 kB
Active(file):    8929444 kB
Inactive(file): 11900624 kB
Unevictable:           0 kB
Mlocked:               0 kB
SwapTotal:      67108860 kB
SwapFree:       63106556 kB
Zswap:                 0 kB
Zswapped:              0 kB
Dirty:                 4 kB
Writeback:            48 kB
AnonPages:       7315744 kB
Mapped:           281824 kB
Shmem:             47772 kB
KReclaimable:    1027224 kB
Slab:            1465344 kB
SReclaimable:    1027224 kB
SUnreclaim:       438120 kB
KernelStack:       34032 kB
PageTables:        44956 kB
SecPageTables:      4112 kB
NFS_Unstable:          0 kB
Bounce:                0 kB
WritebackTmp:          0 kB
CommitLimit:    83245456 kB
Committed_AS:   17765380 kB
VmallocTotal:   34359738367 kB
VmallocUsed:      229740 kB
VmallocChunk:          0 kB
Percpu:            21216 kB
HardwareCorrupted:     0 kB
AnonHugePages:   1112064 kB
ShmemHugePages:        0 kB
ShmemPmdMapped:        0 kB
FileHugePages:         0 kB
FilePmdMapped:         0 kB
CmaTotal:              0 kB
CmaFree:               0 kB
Unaccepted:            0 kB
HugePages_Total:       0
HugePages_Free:        0
HugePages_Rsvd:        0
HugePages_Surp:        0
Hugepagesize:       2048 kB
Hugetlb:               0 kB
DirectMap4k:      389980 kB
DirectMap2M:     5574656 kB
DirectMap1G:    27262976 kB

