/proc/loadavg
2.00 2.00 1.74 1/2104 30

/proc/stat
cpu  119437239 86936 3736363 11901584201 195228180 904192 1420575 0 0 0
cpu0 41250957 53 88654 463393791 4315131 72724 145730 0 0 0
cpu1 7245930 38258 741300 474629899 26150555 117364 156578 0 0 0
cpu2 5473858 307 162565 489775898 13793964 40659 27878 0 0 0
cpu3 4746886 101 89214 495292054 9121334 26290 15397 0 0 0
cpu4 5152445 1389 235899 486674171 17044913 52272 45788 0 0 0
cpu5 5088169 58 87962 495464749 8600215 28755 15170 0 0 0
cpu6 4939958 76 63770 499407530 4842717 23693 24423 0 0 0
cpu7 10434048 22861 650044 474616863 23278004 105304 72588 0 0 0
cpu8 5086561 126 114756 493739971 10261056 38503 36712 0 0 0
cpu9 4984388 60 69498 499100284 5102160 24474 17781 0 0 0
cpu10 4966713 42 65280 500704767 3473298 24565 70932 0 0 0
cpu11 4717450 575 200523 492028479 12118588 56728 98104 0 0 0
cpu12 1716473 39 47573 502972270 4532980 14377 19611 0 0 0
cpu13 2179652 11035 350439 498813142 7824752 33668 22546 0 0 0
cpu14 804824 232 54088 503172336 5226357 14003 13014 0 0 0
cpu15 1037745 59 45005 503914110 4299951 9991 7503 0 0 0
cpu16 1058090 291 53428 504666378 3516671 10305 6136 0 0 0
cpu17 677411 106 57234 504997016 3356301 43825 157920 0 0 0
cpu18 803898 52 59418 504709331 3609269 22984 99786 0 0 0
cpu19 3477261 10449 255273 497244897 8152408 48234 39763 0 0 0
cpu20 711887 204 54927 503434913 4942735 34277 57150 0 0 0
cpu21 757466 140 76506 503875940 4271990 40618 255825 0 0 0
cpu22 748521 73 58827 504996216 3489567 9656 8239 0 0 0
cpu23 1376638 340 54167 503959185 3903253 10912 5990 0 0 0
intr 3817940946 22 0 0 0 0 0 0 0 0 0 0 0 0 0 0 0 8 0 0 0 0 0 0 0 0 0 0 0 1 0 1 1 1 1 0 0 0 0 37 0 0 0 0 0 0 0 0 0 0 0 0 0 0 0 0 0 0 0 0 0 0 0 0 0 2953 1 170692066 161741492 166805464 394024772 95185 763667 144681 105967 227236 183239 85761 592423 124954 90501 70991 165727 77129 286653 93982 81287 104917 73685 74663 600084 173461 100616 70959 80880 30004 0 0 0 0 0 0 2 0 2 2 2 2 2 2 35 2 207 2 0 0 0 0 0 0 0 0 0 0 0 0 0 0 0 0 0 0 0 0 0 0 0 0 0 0 0 0 0 0 0 0 0 0 0 0 0 0 0 0 0 0 0 0 0 0 0 0 0 0 0 0 0 0 0 0 0 0 0 0 0 0 0 0 0 0 0 0 0 0 0 0 0 0 0 0 0 0 0 0 0 0 0 0 0 0 0 0 0 0 0 0 0 0 0 0 0 0 0 0 0 0 0 0 0 0 0 0 0 0 0 0 0 0 0 0 0 0 0 0 0 0 0 0 0 0 0 0 0 0 0 0 0 0 0 0 0 0 0 0 0 0 0 0 0 0 0 0 0 0 0 0 0 0 0 0 0 0 0 0 0 0 0 0 0 0 0 0 0 0 0 0 0 0 0 0 0 0 0 0 0 0 0 0 0 0 0 0 0 0 0 0 0 0 0 0 0 0 0 0 0 0 0 0 0 0 0 0 0 0 0 0 0 0 0 0 0 0 0 0 0 0 0 0 0 0 0 0 0 0 0 0 0 0 0 0 0 0 0 0 0 0 0 0 0 0 0 0 0 0 0 0 0 0 0 0 0 0 0 0 0 0 0 0 0 0 0 0 0 0 0 0 0 0 0 0 0 0 0 0 0 0 0 0 0 0 0 0 0 0 0 0 0 0 0 0 0 0 0 0 0 0 0 0 0 0 0 0 0 0 0 0 0 0 0 0 0 0 0 0 0 0 0 0 0 0 0 0 0 0 0 0 0 0 0 0 0 0 0 0 0 0 0 0 0 0 0 0 0 0 0 0 0 0 0 0 0 0 0 0 0 0 0 0 0 0 0 0 0 0 0 0 0 0 0 0 0 0 0 0 0 0 0 0 0 0 0 0 0 0 0 0 0 0 0 0 0 0 0 0 0 0 0 0 0 0 0 0 0 0 0 0 0 0 0 0 0 0 0 0 0 0 0 0 0 0 0 0 0 0 0 0 0 0 0 0 0 0 0 0 0 0 0 0 0 0 0 0 0 0 0 0 0 0 0 0 0 0 0 0 0 0 0 0 0 0 0 0 0 0 0 0 0 0 0 0 0 0 0 0 0 0 0 0 0 0 0 0 0 0 0 0 0 0 0 0 0 0 0 0 0 0 0 0 0 0 0 0 0 0 0 0 0 0 0 0 0 0 0 0 0 0 0 0 0 0 0 0 0 0 0 0 0 0 0 0 0 0 0 0 0 0 0 0 0 0 0 0 0 0 0 0 0 0 0 0 0 0 0 0 0 0 0 0 0 0 0 0 0 0 0 0 0 0 0 0 0 0 0 0 0 0 0 0 0 0 0 0 0 0 0 0 0 0 0 0 0 0 0 0 0 0 0 0 0 0 0 0 0 0 0 0 0 0 0 0 0 0 0 0 0 0 0 0 0 0 0 0 0 0 0 0 0 0 0 0 0 0 0 0 0 0 0 0 0 0 0 0 0 0 0 0 0 0 0 0 0 0 0 0 0 0 0 0 0 0 0 0 0 0 0 0 0 0 0 0 0 0 0 0 0 0 0 0 0 0 0 0 0 0 0 0 0 0 0 0 0 0 0 0 0 0 0 0 0 0 0 0 0 0 0 0 0 0 0 0 0 0 0 0 0 0 0 0 0 0 0 0 0 0 0 0 0 0 0 0 0 0 0 0 0 0 0 0 0 0 0 0 0 0 0 0 0 0 0 0 0 0 0 0 0 0 0 0 0 0 0 0 0 0 0 0 0 0 0 0 0 0 0 0 0 0 0 0 0 0 0 0 0 0 0 0 0 0 0 0 0 0 0 0 0 0 0 0 0 0 0 0 0 0 0 0 0 0 0 0 0 0 0 0 0 0 0 0 0 0 0 0 0 0 0 0 0 0 0 0 0 0 0 0 0 0 0 0 0 0 0 0 0 0 0 0 0 0 0 0 0 0 0 0 0 0 0 0 0 0 0 0 0 0 0 0 0 0 0 0 0 0 0 0 0 0 0 0 0 0 0 0 0 0 0 0 0 0 0 0 0 0 0 0 0 0 0 0 0 0 0 0 0 0 0 0 0 0 0 0 0 0 0 0 0 0 0 0 0 0 0 0 0 0 0 0 0 0 0 0 0 0 0 0 0 0 0 0 0 0 0 0 0 0 0 0 0 0 0 0 0 0 0 0 0 0 0 0 0 0 0 0 0 0 0 0 0 0 0 0 0 0 0 0 0 0 0 0 0 0 0 0 0 0 0 0 0 0 0 0 0 0 0 0 0 0 0 0 0 0 0 0 0 0 0 0 0 0 0 0 0 0 0 0 0 0 0 0 0 0 0 0 0 0 0 0 0 0 0 0 0 0 0 0 0 0 0 0 0 0 0
ctxt 3868231182
btime 1783935075
processes 5443980
procs_running 1
procs_blocked 0
softirq 2899614927 204 324971824 1707105 918753062 33214 0 7719792 927563959 399464 718466303

/proc/meminfo
MemTotal:       32273192 kB
MemFree:         1651356 kB
MemAvailable:   23108676 kB
Buffers:               0 kB
Cached:         20946744 kB
SwapCached:        15520 kB
Active:         15771848 kB
Inactive:       12522264 kB
Active(anon):    6842372 kB
Inactive(anon):   552376 kB
Active(file):    8929476 kB
Inactive(file): 11969888 kB
Unevictable:           0 kB
Mlocked:               0 kB
SwapTotal:      67108860 kB
SwapFree:       63106556 kB
Zswap:                 0 kB
Zswapped:              0 kB
Dirty:                28 kB
Writeback:             0 kB
AnonPages:       7317300 kB
Mapped:           282124 kB
Shmem:             47772 kB
KReclaimable:    1027176 kB
Slab:            1465088 kB
SReclaimable:    1027176 kB
SUnreclaim:       437912 kB
KernelStack:       34048 kB
PageTables:        44828 kB
SecPageTables:      4112 kB
NFS_Unstable:          0 kB
Bounce:                0 kB
WritebackTmp:          0 kB
CommitLimit:    83245456 kB
Committed_AS:   17750728 kB
VmallocTotal:   34359738367 kB
VmallocUsed:      229724 kB
VmallocChunk:          0 kB
Percpu:            21216 kB
HardwareCorrupted:     0 kB
AnonHugePages:   1103872 kB
ShmemHugePages:        0 kB
ShmemPmdMapped:        0 kB
FileHugePages:         0 kB
FilePmdMapped:         0 kB
CmaTotal:              0 kB
CmaFree:               0 kB
Unaccepted:            0 kB
HugePages_Total:       0
HugePages_Free:        0
HugePages_Rsvd:        0
HugePages_Surp:        0
Hugepagesize:       2048 kB
Hugetlb:               0 kB
DirectMap4k:      389980 kB
DirectMap2M:     5574656 kB
DirectMap1G:    27262976 kB

