/proc/loadavg
2.08 2.02 1.77 1/2101 32

/proc/stat
cpu  119445457 86936 3736471 11901773299 195228243 904215 1420614 0 0 0
cpu0 41251432 53 88713 463401429 4315154 72726 145757 0 0 0
cpu1 7245932 38258 741302 474638120 26150558 117364 156580 0 0 0
cpu2 5481484 307 162565 489776488 13793964 40674 27879 0 0 0
cpu3 4746889 101 89217 495300268 9121346 26290 15397 0 0 0
cpu4 5152467 1389 235903 486682373 17044915 52272 45788 0 0 0
cpu5 5088171 58 87964 495472976 8600215 28756 15170 0 0 0
cpu6 4939966 76 63772 499415751 4842717 23693 24423 0 0 0
cpu7 10434058 22861 650045 474625083 23278004 105304 72588 0 0 0
cpu8 5086563 126 114757 493748199 10261056 38503 36712 0 0 0
cpu9 4984391 60 69499 499108511 5102160 24475 17781 0 0 0
cpu10 4966714 42 65280 500712995 3473300 24566 70932 0 0 0
cpu11 4717451 575 200525 492036694 12118599 56729 98105 0 0 0
cpu12 1716473 39 47574 502980502 4532980 14377 19611 0 0 0
cpu13 2179656 11035 350448 498821357 7824752 33668 22546 0 0 0
cpu14 804825 232 54088 503180567 5226357 14003 13014 0 0 0
cpu15 1037747 59 45006 503922335 4299956 9991 7503 0 0 0
cpu16 1058107 291 53431 504674589 3516671 10305 6136 0 0 0
cpu17 677413 106 57235 505005243 3356301 43825 157921 0 0 0
cpu18 803899 52 59419 504717560 3609269 22984 99786 0 0 0
cpu19 3477285 10449 255282 497253095 8152408 48235 39763 0 0 0
cpu20 711889 204 54930 503443139 4942735 34278 57150 0 0 0
cpu21 757470 140 76508 503884159 4271990 40618 255831 0 0 0
cpu22 748524 73 58828 505004442 3489568 9656 8239 0 0 0
cpu23 1376638 340 54168 503967414 3903255 10912 5990 0 0 0
intr 3818076954 22 0 0 0 0 0 0 0 0 0 0 0 0 0 0 0 8 0 0 0 0 0 0 0 0 0 0 0 1 0 1 1 1 1 0 0 0 0 37 0 0 0 0 0 0 0 0 0 0 0 0 0 0 0 0 0 0 0 0 0 0 0 0 0 2953 1 170695047 161747127 166805895 394028416 95191 763667 144681 105967 227251 183245 85767 592423 124954 90501 70991 165728 77129 286661 93982 81287 104917 73685 74664 600088 173462 100619 70962 80880 30004 0 0 0 0 0 0 2 0 2 2 2 2 2 2 35 2 207 2 0 0 0 0 0 0 0 0 0 0 0 0 0 0 0 0 0 0 0 0 0 0 0 0 0 0 0 0 0 0 0 0 0 0 0 0 0 0 0 0 0 0 0 0 0 0 0 0 0 0 0 0 0 0 0 0 0 0 0 0 0 0 0 0 0 0 0 0 0 0 0 0 0 0 0 0 0 0 0 0 0 0 0 0 0 0 0 0 0 0 0 0 0 0 0 0 0 0 0 0 0 0 0 0 0 0 0 0 0 0 0 0 0 0 0 0 0 0 0 0 0 0 0 0 0 0 0 0 0 0 0 0 0 0 0 0 0 0 0 0 0 0 0 0 0 0 0 0 0 0 0 0 0 0 0 0 0 0 0 0 0 0 0 0 0 0 0 0 0 0 0 0 0 0 0 0 0 0 0 0 0 0 0 0 0 0 0 0 0 0 0 0 0 0 0 0 0 0 0 0 0 0 0 0 0 0 0 0 0 0 0 0 0 0 0 0 0 0 0 0 0 0 0 0 0 0 0 0 0 0 0 0 0 0 0 0 0 0 0 0 0 0 0 0 0 0 0 0 0 0 0 0 0 0 0 0 0 0 0 0 0 0 0 0 0 0 0 0 0 0 0 0 0 0 0 0 0 0 0 0 0 0 0 0 0 0 0 0 0 0 0 0 0 0 0 0 0 0 0 0 0 0 0 0 0 0 0 0 0 0 0 0 0 0 0 0 0 0 0 0 0 0 0 0 0 0 0 0 0 0 0 0 0 0 0 0 0 0 0 0 0 0 0 0 0 0 0 0 0 0 0 0 0 0 0 0 0 0 0 0 0 0 0 0 0 0 0 0 0 0 0 0 0 0 0 0 0 0 0 0 0 0 0 0 0 0 0 0 0 0 0 0 0 0 0 0 0 0 0 0 0 0 0 0 0 0 0 0 0 0 0 0 0 0 0 0 0 0 0 0 0 0 0 0 0 0 0 0 0 0 0 0 0 0 0 0 0 0 0 0 0 0 0 0 0 0 0 0 0 0 0 0 0 0 0 0 0 0 0 0 0 0 0 0 0 0 0 0 0 0 0 0 0 0 0 0 0 0 0 0 0 0 0 0 0 0 0 0 0 0 0 0 0 0 0 0 0 0 0 0 0 0 0 0 0 0 0 0 0 0 0 0 0 0 0 0 0 0 0 0 0 0 0 0 0 0 0 0 0 0 0 0 0 0 0 0 0 0 0 0 0 0 0 0 0 0 0 0 0 0 0 0 0 0 0 0 0 0 0 0 0 0 0 0 0 0 0 0 0 0 0 0 0 0 0 0 0 0 0 0 0 0 0 0 0 0 0 0 0 0 0 0 0 0 0 0 0 0 0 0 0 0 0 0 0 0 0 0 0 0 0 0 0 0 0 0 0 0 0 0 0 0 0 0 0 0 0 0 0 0 0 0 0 0 0 0 0 0 0 0 0 0 0 0 0 0 0 0 0 0 0 0 0 0 0 0 0 0 0 0 0 0 0 0 0 0 0 0 0 0 0 0 0 0 0 0 0 0 0 0 0 0 0 0 0 0 0 0 0 0 0 0 0 0 0 0 0 0 0 0 0 0 0 0 0 0 0 0 0 0 0 0 0 0 0 0 0 0 0 0 0 0 0 0 0 0 0 0 0 0 0 0 0 0 0 0 0 0 0 0 0 0 0 0 0 0 0 0 0 0 0 0 0 0 0 0 0 0 0 0 0 0 0 0 0 0 0 0 0 0 0 0 0 0 0 0 0 0 0 0 0 0 0 0 0 0 0 0 0 0 0 0 0 0 0 0 0 0 0 0 0 0 0 0 0 0 0 0 0 0 0 0 0 0 0 0 0 0 0 0 0 0 0 0 0 0 0 0 0 0 0 0 0 0 0 0 0 0 0 0 0 0 0 0 0 0 0 0 0 0 0 0 0 0 0 0 0 0 0 0 0 0 0 0 0 0 0 0 0 0 0 0 0 0 0 0 0 0 0 0 0 0 0 0 0 0 0 0 0 0 0 0 0 0 0 0 0 0 0 0 0 0 0 0 0 0 0 0 0 0 0 0 0 0 0 0 0 0 0 0 0 0 0 0 0 0 0 0 0 0 0 0 0 0 0 0 0 0 0 0 0 0 0 0 0 0 0 0 0 0 0 0 0 0 0 0 0 0 0 0 0 0 0 0 0 0 0 0 0 0 0 0 0 0 0 0 0 0 0 0 0 0 0 0 0 0 0 0 0 0 0 0 0 0 0 0 0 0 0 0 0 0 0 0 0 0 0 0 0 0 0 0 0 0 0 0 0 0 0 0 0 0 0 0 0 0 0 0 0 0 0 0 0 0 0 0 0 0 0 0 0 0 0 0 0 0 0
ctxt 3868329034
btime 1783935075
processes 5444037
procs_running 1
procs_blocked 0
softirq 2899706268 204 324977413 1707351 918765965 33214 0 7720065 927626300 399464 718476292

/proc/meminfo
MemTotal:       32273192 kB
MemFree:         1633316 kB
MemAvailable:   23103156 kB
Buffers:               0 kB
Cached:         20959264 kB
SwapCached:        15520 kB
Active:         15772052 kB
Inactive:       12534784 kB
Active(anon):    6842576 kB
Inactive(anon):   552376 kB
Active(file):    8929476 kB
Inactive(file): 11982408 kB
Unevictable:           0 kB
Mlocked:               0 kB
SwapTotal:      67108860 kB
SwapFree:       63106556 kB
Zswap:                 0 kB
Zswapped:              0 kB
Dirty:               116 kB
Writeback:           216 kB
AnonPages:       7317528 kB
Mapped:           282148 kB
Shmem:             47772 kB
KReclaimable:    1027176 kB
Slab:            1465100 kB
SReclaimable:    1027176 kB
SUnreclaim:       437924 kB
KernelStack:       33984 kB
PageTables:        44832 kB
SecPageTables:      4112 kB
NFS_Unstable:          0 kB
Bounce:                0 kB
WritebackTmp:          0 kB
CommitLimit:    83245456 kB
Committed_AS:   17748980 kB
VmallocTotal:   34359738367 kB
VmallocUsed:      229692 kB
VmallocChunk:          0 kB
Percpu:            21216 kB
HardwareCorrupted:     0 kB
AnonHugePages:   1103872 kB
ShmemHugePages:        0 kB
ShmemPmdMapped:        0 kB
FileHugePages:         0 kB
FilePmdMapped:         0 kB
CmaTotal:              0 kB
CmaFree:               0 kB
Unaccepted:            0 kB
HugePages_Total:       0
HugePages_Free:        0
HugePages_Rsvd:        0
HugePages_Surp:        0
Hugepagesize:       2048 kB
Hugetlb:               0 kB
DirectMap4k:      389980 kB
DirectMap2M:     5574656 kB
DirectMap1G:    27262976 kB

