/proc/loadavg
2.01 2.00 1.69 1/2107 26

/proc/stat
cpu  119422914 86936 3736188 11901255938 195228030 904144 1420511 0 0 0
cpu0 41250322 53 88575 463380317 4315086 72721 145684 0 0 0
cpu1 7245915 38258 741289 474615655 26150544 117360 156574 0 0 0
cpu2 5460382 307 162564 489775107 13793964 40631 27878 0 0 0
cpu3 4746870 101 89207 495277805 9121317 26289 15397 0 0 0
cpu4 5152423 1389 235889 486659923 17044905 52270 45787 0 0 0
cpu5 5088163 58 87957 495450472 8600215 28754 15169 0 0 0
cpu6 4939956 76 63769 499393244 4842714 23693 24423 0 0 0
cpu7 10433999 22861 650039 474602627 23278004 105303 72588 0 0 0
cpu8 5086558 126 114753 493725686 10261054 38503 36712 0 0 0
cpu9 4984375 60 69496 499086011 5102154 24474 17781 0 0 0
cpu10 4966711 42 65278 500690486 3473288 24565 70932 0 0 0
cpu11 4717445 575 200520 492014210 12118572 56728 98103 0 0 0
cpu12 1716472 39 47573 502957984 4532973 14377 19611 0 0 0
cpu13 2179646 11035 350428 498798867 7824752 33668 22546 0 0 0
cpu14 804823 232 54087 503158044 5226357 14003 13013 0 0 0
cpu15 1037740 59 45001 503899836 4299942 9991 7503 0 0 0
cpu16 1058072 291 53423 504652109 3516671 10304 6136 0 0 0
cpu17 677392 106 57228 504982755 3356297 43824 157917 0 0 0
cpu18 803897 52 59415 504695040 3609269 22983 99786 0 0 0
cpu19 3477238 10449 255266 497230636 8152406 48233 39763 0 0 0
cpu20 711887 204 54926 503420626 4942733 34277 57150 0 0 0
cpu21 757462 140 76504 503861665 4271985 40617 255820 0 0 0
cpu22 748519 73 58825 504981926 3489567 9655 8239 0 0 0
cpu23 1376636 340 54165 503944897 3903251 10911 5990 0 0 0
intr 3817598809 22 0 0 0 0 0 0 0 0 0 0 0 0 0 0 0 8 0 0 0 0 0 0 0 0 0 0 0 1 0 1 1 1 1 0 0 0 0 37 0 0 0 0 0 0 0 0 0 0 0 0 0 0 0 0 0 0 0 0 0 0 0 0 0 2953 1 170685788 161738555 166804448 394019381 95185 763667 144681 105967 227217 183229 85742 592423 124939 90500 70991 165727 77129 286653 93981 81287 104917 73684 74662 600074 173456 100616 70954 80878 30004 0 0 0 0 0 0 2 0 2 2 2 2 2 2 35 2 207 2 0 0 0 0 0 0 0 0 0 0 0 0 0 0 0 0 0 0 0 0 0 0 0 0 0 0 0 0 0 0 0 0 0 0 0 0 0 0 0 0 0 0 0 0 0 0 0 0 0 0 0 0 0 0 0 0 0 0 0 0 0 0 0 0 0 0 0 0 0 0 0 0 0 0 0 0 0 0 0 0 0 0 0 0 0 0 0 0 0 0 0 0 0 0 0 0 0 0 0 0 0 0 0 0 0 0 0 0 0 0 0 0 0 0 0 0 0 0 0 0 0 0 0 0 0 0 0 0 0 0 0 0 0 0 0 0 0 0 0 0 0 0 0 0 0 0 0 0 0 0 0 0 0 0 0 0 0 0 0 0 0 0 0 0 0 0 0 0 0 0 0 0 0 0 0 0 0 0 0 0 0 0 0 0 0 0 0 0 0 0 0 0 0 0 0 0 0 0 0 0 0 0 0 0 0 0 0 0 0 0 0 0 0 0 0 0 0 0 0 0 0 0 0 0 0 0 0 0 0 0 0 0 0 0 0 0 0 0 0 0 0 0 0 0 0 0 0 0 0 0 0 0 0 0 0 0 0 0 0 0 0 0 0 0 0 0 0 0 0 0 0 0 0 0 0 0 0 0 0 0 0 0 0 0 0 0 0 0 0 0 0 0 0 0 0 0 0 0 0 0 0 0 0 0 0 0 0 0 0 0 0 0 0 0 0 0 0 0 0 0 0 0 0 0 0 0 0 0 0 0 0 0 0 0 0 0 0 0 0 0 0 0 0 0 0 0 0 0 0 0 0 0 0 0 0 0 0 0 0 0 0 0 0 0 0 0 0 0 0 0 0 0 0 0 0 0 0 0 0 0 0 0 0 0 0 0 0 0 0 0 0 0 0 0 0 0 0 0 0 0 0 0 0 0 0 0 0 0 0 0 0 0 0 0 0 0 0 0 0 0 0 0 0 0 0 0 0 0 0 0 0 0 0 0 0 0 0 0 0 0 0 0 0 0 0 0 0 0 0 0 0 0 0 0 0 0 0 0 0 0 0 0 0 0 0 0 0 0 0 0 0 0 0 0 0 0 0 0 0 0 0 0 0 0 0 0 0 0 0 0 0 0 0 0 0 0 0 0 0 0 0 0 0 0 0 0 0 0 0 0 0 0 0 0 0 0 0 0 0 0 0 0 0 0 0 0 0 0 0 0 0 0 0 0 0 0 0 0 0 0 0 0 0 0 0 0 0 0 0 0 0 0 0 0 0 0 0 0 0 0 0 0 0 0 0 0 0 0 0 0 0 0 0 0 0 0 0 0 0 0 0 0 0 0 0 0 0 0 0 0 0 0 0 0 0 0 0 0 0 0 0 0 0 0 0 0 0 0 0 0 0 0 0 0 0 0 0 0 0 0 0 0 0 0 0 0 0 0 0 0 0 0 0 0 0 0 0 0 0 0 0 0 0 0 0 0 0 0 0 0 0 0 0 0 0 0 0 0 0 0 0 0 0 0 0 0 0 0 0 0 0 0 0 0 0 0 0 0 0 0 0 0 0 0 0 0 0 0 0 0 0 0 0 0 0 0 0 0 0 0 0 0 0 0 0 0 0 0 0 0 0 0 0 0 0 0 0 0 0 0 0 0 0 0 0 0 0 0 0 0 0 0 0 0 0 0 0 0 0 0 0 0 0 0 0 0 0 0 0 0 0 0 0 0 0 0 0 0 0 0 0 0 0 0 0 0 0 0 0 0 0 0 0 0 0 0 0 0 0 0 0 0 0 0 0 0 0 0 0 0 0 0 0 0 0 0 0 0 0 0 0 0 0 0 0 0 0 0 0 0 0 0 0 0 0 0 0 0 0 0 0 0 0 0 0 0 0 0 0 0 0 0 0 0 0 0 0 0 0 0 0 0 0 0 0 0 0 0 0 0 0 0 0 0 0 0 0 0 0 0 0 0 0 0 0 0 0 0 0 0 0 0 0 0 0 0 0 0 0 0 0 0 0 0 0 0 0 0 0 0 0 0 0 0 0 0 0 0 0 0 0 0 0 0 0 0 0 0 0 0 0 0 0 0 0 0 0 0 0 0 0 0 0 0 0 0 0 0 0 0 0 0 0 0 0 0 0 0 0 0 0 0 0 0 0 0 0 0 0 0 0 0 0 0 0 0 0 0 0 0 0 0 0 0 0 0 0 0 0 0 0 0 0 0 0 0 0 0 0 0 0 0 0 0 0 0 0 0 0 0 0 0 0 0 0 0 0 0 0 0 0 0 0 0 0 0 0 0 0 0 0 0 0 0 0 0 0 0 0 0 0 0 0 0 0 0 0 0 0 0 0 0 0 0 0 0 0 0 0 0 0 0 0 0 0 0 0
ctxt 3867928116
btime 1783935075
processes 5443862
procs_running 1
procs_blocked 0
softirq 2899437283 204 324961125 1706705 918736871 33214 0 7719098 927439111 399464 718441491

/proc/meminfo
MemTotal:       32273192 kB
MemFree:         1661660 kB
MemAvailable:   23102248 kB
Buffers:               0 kB
Cached:         20929972 kB
SwapCached:        15524 kB
Active:         15776900 kB
Inactive:       12505468 kB
Active(anon):    6847392 kB
Inactive(anon):   552376 kB
Active(file):    8929508 kB
Inactive(file): 11953092 kB
Unevictable:           0 kB
Mlocked:               0 kB
SwapTotal:      67108860 kB
SwapFree:       63106556 kB
Zswap:                 0 kB
Zswapped:              0 kB
Dirty:                24 kB
Writeback:             0 kB
AnonPages:       7324628 kB
Mapped:           282404 kB
Shmem:             47792 kB
KReclaimable:    1027208 kB
Slab:            1465280 kB
SReclaimable:    1027208 kB
SUnreclaim:       438072 kB
KernelStack:       34096 kB
PageTables:        45000 kB
SecPageTables:      4112 kB
NFS_Unstable:          0 kB
Bounce:                0 kB
WritebackTmp:          0 kB
CommitLimit:    83245456 kB
Committed_AS:   17763432 kB
VmallocTotal:   34359738367 kB
VmallocUsed:      229760 kB
VmallocChunk:          0 kB
Percpu:            21216 kB
HardwareCorrupted:     0 kB
AnonHugePages:   1112064 kB
ShmemHugePages:        0 kB
ShmemPmdMapped:        0 kB
FileHugePages:         0 kB
FilePmdMapped:         0 kB
CmaTotal:              0 kB
CmaFree:               0 kB
Unaccepted:            0 kB
HugePages_Total:       0
HugePages_Free:        0
HugePages_Rsvd:        0
HugePages_Surp:        0
Hugepagesize:       2048 kB
Hugetlb:               0 kB
DirectMap4k:      389980 kB
DirectMap2M:     5574656 kB
DirectMap1G:    27262976 kB

