/proc/loadavg
2.07 1.58 1.31 1/2116 9

/proc/stat
cpu  119362759 86936 3735457 11899876264 195227336 903968 1420232 0 0 0
cpu0 41247649 53 88252 463323641 4314948 72708 145485 0 0 0
cpu1 7245843 38258 741263 474555772 26150469 117357 156561 0 0 0
cpu2 5403908 307 162564 489771620 13793964 40515 27876 0 0 0
cpu3 4746854 101 89196 495217854 9121221 26287 15396 0 0 0
cpu4 5152332 1389 235858 486600034 17044856 52266 45781 0 0 0
cpu5 5088142 58 87946 495390451 8600198 28752 15169 0 0 0
cpu6 4939938 76 63761 499333198 4842713 23691 24423 0 0 0
cpu7 10433916 22861 650002 474542690 23277990 105301 72585 0 0 0
cpu8 5086533 126 114721 493665686 10261041 38501 36711 0 0 0
cpu9 4984362 60 69487 499025984 5102126 24474 17781 0 0 0
cpu10 4966691 42 65266 500630457 3473275 24564 70931 0 0 0
cpu11 4717370 575 200490 491954391 12118432 56724 98098 0 0 0
cpu12 1716452 39 47564 502897950 4532960 14376 19610 0 0 0
cpu13 2179515 11035 350371 498739031 7824720 33663 22545 0 0 0
cpu14 804822 232 54086 503097971 5226357 14003 13013 0 0 0
cpu15 1037688 59 44984 503839841 4299938 9988 7502 0 0 0
cpu16 1057991 291 53401 504592146 3516666 10302 6135 0 0 0
cpu17 677367 106 57216 504922745 3356285 43820 157908 0 0 0
cpu18 803879 52 59402 504635007 3609260 22982 99785 0 0 0
cpu19 3477074 10449 255235 497170772 8152403 48230 39761 0 0 0
cpu20 711851 204 54915 503360625 4942711 34274 57148 0 0 0
cpu21 757453 140 76491 503801650 4271983 40614 255790 0 0 0
cpu22 748505 73 58816 504921881 3489560 9654 8238 0 0 0
cpu23 1376612 340 54155 503884859 3903248 10910 5989 0 0 0
intr 3816556699 22 0 0 0 0 0 0 0 0 0 0 0 0 0 0 0 8 0 0 0 0 0 0 0 0 0 0 0 1 0 1 1 1 1 0 0 0 0 37 0 0 0 0 0 0 0 0 0 0 0 0 0 0 0 0 0 0 0 0 0 0 0 0 0 2953 1 170672917 161725048 166773231 393992232 95182 763667 144681 105967 227115 183187 85676 592402 124923 90499 70985 165727 77129 286653 93979 81274 104915 73683 74654 600023 173443 100612 70922 80878 30004 0 0 0 0 0 0 2 0 2 2 2 2 2 2 35 2 207 2 0 0 0 0 0 0 0 0 0 0 0 0 0 0 0 0 0 0 0 0 0 0 0 0 0 0 0 0 0 0 0 0 0 0 0 0 0 0 0 0 0 0 0 0 0 0 0 0 0 0 0 0 0 0 0 0 0 0 0 0 0 0 0 0 0 0 0 0 0 0 0 0 0 0 0 0 0 0 0 0 0 0 0 0 0 0 0 0 0 0 0 0 0 0 0 0 0 0 0 0 0 0 0 0 0 0 0 0 0 0 0 0 0 0 0 0 0 0 0 0 0 0 0 0 0 0 0 0 0 0 0 0 0 0 0 0 0 0 0 0 0 0 0 0 0 0 0 0 0 0 0 0 0 0 0 0 0 0 0 0 0 0 0 0 0 0 0 0 0 0 0 0 0 0 0 0 0 0 0 0 0 0 0 0 0 0 0 0 0 0 0 0 0 0 0 0 0 0 0 0 0 0 0 0 0 0 0 0 0 0 0 0 0 0 0 0 0 0 0 0 0 0 0 0 0 0 0 0 0 0 0 0 0 0 0 0 0 0 0 0 0 0 0 0 0 0 0 0 0 0 0 0 0 0 0 0 0 0 0 0 0 0 0 0 0 0 0 0 0 0 0 0 0 0 0 0 0 0 0 0 0 0 0 0 0 0 0 0 0 0 0 0 0 0 0 0 0 0 0 0 0 0 0 0 0 0 0 0 0 0 0 0 0 0 0 0 0 0 0 0 0 0 0 0 0 0 0 0 0 0 0 0 0 0 0 0 0 0 0 0 0 0 0 0 0 0 0 0 0 0 0 0 0 0 0 0 0 0 0 0 0 0 0 0 0 0 0 0 0 0 0 0 0 0 0 0 0 0 0 0 0 0 0 0 0 0 0 0 0 0 0 0 0 0 0 0 0 0 0 0 0 0 0 0 0 0 0 0 0 0 0 0 0 0 0 0 0 0 0 0 0 0 0 0 0 0 0 0 0 0 0 0 0 0 0 0 0 0 0 0 0 0 0 0 0 0 0 0 0 0 0 0 0 0 0 0 0 0 0 0 0 0 0 0 0 0 0 0 0 0 0 0 0 0 0 0 0 0 0 0 0 0 0 0 0 0 0 0 0 0 0 0 0 0 0 0 0 0 0 0 0 0 0 0 0 0 0 0 0 0 0 0 0 0 0 0 0 0 0 0 0 0 0 0 0 0 0 0 0 0 0 0 0 0 0 0 0 0 0 0 0 0 0 0 0 0 0 0 0 0 0 0 0 0 0 0 0 0 0 0 0 0 0 0 0 0 0 0 0 0 0 0 0 0 0 0 0 0 0 0 0 0 0 0 0 0 0 0 0 0 0 0 0 0 0 0 0 0 0 0 0 0 0 0 0 0 0 0 0 0 0 0 0 0 0 0 0 0 0 0 0 0 0 0 0 0 0 0 0 0 0 0 0 0 0 0 0 0 0 0 0 0 0 0 0 0 0 0 0 0 0 0 0 0 0 0 0 0 0 0 0 0 0 0 0 0 0 0 0 0 0 0 0 0 0 0 0 0 0 0 0 0 0 0 0 0 0 0 0 0 0 0 0 0 0 0 0 0 0 0 0 0 0 0 0 0 0 0 0 0 0 0 0 0 0 0 0 0 0 0 0 0 0 0 0 0 0 0 0 0 0 0 0 0 0 0 0 0 0 0 0 0 0 0 0 0 0 0 0 0 0 0 0 0 0 0 0 0 0 0 0 0 0 0 0 0 0 0 0 0 0 0 0 0 0 0 0 0 0 0 0 0 0 0 0 0 0 0 0 0 0 0 0 0 0 0 0 0 0 0 0 0 0 0 0 0 0 0 0 0 0 0 0 0 0 0 0 0 0 0 0 0 0 0 0 0 0 0 0 0 0 0 0 0 0 0 0 0 0 0 0 0 0 0 0 0 0 0 0 0 0 0 0 0 0 0 0 0 0 0 0 0 0 0 0 0 0 0 0 0 0 0 0 0 0 0 0 0 0 0 0 0 0 0 0 0 0 0 0 0 0 0 0 0 0 0 0 0 0 0 0 0 0 0 0 0 0 0 0 0 0 0 0 0 0 0 0 0 0 0 0 0 0 0 0 0 0 0 0 0 0 0 0 0 0 0 0 0 0 0 0 0 0 0 0 0 0 0 0 0 0 0 0 0 0 0 0 0 0 0 0 0 0 0 0 0 0 0 0 0 0 0 0 0 0 0 0 0 0 0 0 0 0 0 0 0 0 0 0 0 0 0 0 0 0 0 0 0 0 0 0 0 0 0 0 0 0 0 0 0 0 0 0 0 0 0 0 0 0 0 0 0 0 0 0 0 0 0 0 0 0 0 0 0 0 0 0 0 0 0 0 0 0 0 0 0 0
ctxt 3867110116
btime 1783935075
processes 5443291
procs_running 1
procs_blocked 0
softirq 2898695538 204 324915888 1705122 918650288 33214 0 7717333 926937904 399464 718336121

/proc/meminfo
MemTotal:       32273192 kB
MemFree:         1728452 kB
MemAvailable:   23093388 kB
Buffers:               0 kB
Cached:         20854288 kB
SwapCached:        15524 kB
Active:         15774484 kB
Inactive:       12429864 kB
Active(anon):    6845108 kB
Inactive(anon):   552380 kB
Active(file):    8929376 kB
Inactive(file): 11877484 kB
Unevictable:           0 kB
Mlocked:               0 kB
SwapTotal:      67108860 kB
SwapFree:       63106556 kB
Zswap:                 0 kB
Zswapped:              0 kB
Dirty:               372 kB
Writeback:             0 kB
AnonPages:       7323416 kB
Mapped:           282068 kB
Shmem:             47792 kB
KReclaimable:    1027296 kB
Slab:            1465468 kB
SReclaimable:    1027296 kB
SUnreclaim:       438172 kB
KernelStack:       34240 kB
PageTables:        45016 kB
SecPageTables:      4112 kB
NFS_Unstable:          0 kB
Bounce:                0 kB
WritebackTmp:          0 kB
CommitLimit:    83245456 kB
Committed_AS:   17780744 kB
VmallocTotal:   34359738367 kB
VmallocUsed:      229856 kB
VmallocChunk:          0 kB
Percpu:            21216 kB
HardwareCorrupted:     0 kB
AnonHugePages:   1112064 kB
ShmemHugePages:        0 kB
ShmemPmdMapped:        0 kB
FileHugePages:         0 kB
FilePmdMapped:         0 kB
CmaTotal:              0 kB
CmaFree:               0 kB
Unaccepted:            0 kB
HugePages_Total:       0
HugePages_Free:        0
HugePages_Rsvd:        0
HugePages_Surp:        0
Hugepagesize:       2048 kB
Hugetlb:               0 kB
DirectMap4k:      389980 kB
DirectMap2M:     5574656 kB
DirectMap1G:    27262976 kB

