/proc/loadavg
2.00 1.78 1.44 1/2099 14

/proc/stat
cpu  119381619 86936 3735671 11900308642 195227613 904024 1420324 0 0 0
cpu0 41248428 53 88348 463341478 4314983 72711 145547 0 0 0
cpu1 7245874 38258 741271 474574541 26150485 117358 156565 0 0 0
cpu2 5421673 307 162564 489772648 13793964 40551 27876 0 0 0
cpu3 4746858 101 89198 495236608 9121292 26288 15396 0 0 0
cpu4 5152361 1389 235866 486618810 17044865 52268 45784 0 0 0
cpu5 5088147 58 87950 495409262 8600202 28753 15169 0 0 0
cpu6 4939946 76 63764 499352016 4842713 23692 24423 0 0 0
cpu7 10433934 22861 650014 474561488 23277991 105301 72586 0 0 0
cpu8 5086543 126 114733 493684485 10261047 38501 36711 0 0 0
cpu9 4984367 60 69489 499044789 5102144 24474 17781 0 0 0
cpu10 4966695 42 65269 500649272 3473282 24565 70931 0 0 0
cpu11 4717389 575 200498 491973110 12118515 56725 98099 0 0 0
cpu12 1716456 39 47566 502916770 4532964 14376 19611 0 0 0
cpu13 2179562 11035 350390 498757777 7824729 33665 22545 0 0 0
cpu14 804822 232 54087 503116800 5226357 14003 13013 0 0 0
cpu15 1037698 59 44988 503858654 4299939 9989 7502 0 0 0
cpu16 1058005 291 53408 504610952 3516668 10303 6135 0 0 0
cpu17 677371 106 57220 504941555 3356292 43821 157911 0 0 0
cpu18 803883 52 59404 504653829 3609260 22982 99785 0 0 0
cpu19 3477154 10449 255242 497189511 8152403 48231 39761 0 0 0
cpu20 711852 204 54917 503379451 4942711 34275 57148 0 0 0
cpu21 757457 140 76495 503820452 4271985 40615 255803 0 0 0
cpu22 748507 73 58819 504940704 3489561 9655 8238 0 0 0
cpu23 1376625 340 54161 503903669 3903248 10911 5989 0 0 0
intr 3816895402 22 0 0 0 0 0 0 0 0 0 0 0 0 0 0 0 8 0 0 0 0 0 0 0 0 0 0 0 1 0 1 1 1 1 0 0 0 0 37 0 0 0 0 0 0 0 0 0 0 0 0 0 0 0 0 0 0 0 0 0 0 0 0 0 2953 1 170675681 161726464 166794849 394004294 95182 763667 144681 105967 227153 183201 85701 592418 124923 90500 70987 165727 77129 286653 93979 81287 104916 73683 74654 600036 173444 100613 70931 80878 30004 0 0 0 0 0 0 2 0 2 2 2 2 2 2 35 2 207 2 0 0 0 0 0 0 0 0 0 0 0 0 0 0 0 0 0 0 0 0 0 0 0 0 0 0 0 0 0 0 0 0 0 0 0 0 0 0 0 0 0 0 0 0 0 0 0 0 0 0 0 0 0 0 0 0 0 0 0 0 0 0 0 0 0 0 0 0 0 0 0 0 0 0 0 0 0 0 0 0 0 0 0 0 0 0 0 0 0 0 0 0 0 0 0 0 0 0 0 0 0 0 0 0 0 0 0 0 0 0 0 0 0 0 0 0 0 0 0 0 0 0 0 0 0 0 0 0 0 0 0 0 0 0 0 0 0 0 0 0 0 0 0 0 0 0 0 0 0 0 0 0 0 0 0 0 0 0 0 0 0 0 0 0 0 0 0 0 0 0 0 0 0 0 0 0 0 0 0 0 0 0 0 0 0 0 0 0 0 0 0 0 0 0 0 0 0 0 0 0 0 0 0 0 0 0 0 0 0 0 0 0 0 0 0 0 0 0 0 0 0 0 0 0 0 0 0 0 0 0 0 0 0 0 0 0 0 0 0 0 0 0 0 0 0 0 0 0 0 0 0 0 0 0 0 0 0 0 0 0 0 0 0 0 0 0 0 0 0 0 0 0 0 0 0 0 0 0 0 0 0 0 0 0 0 0 0 0 0 0 0 0 0 0 0 0 0 0 0 0 0 0 0 0 0 0 0 0 0 0 0 0 0 0 0 0 0 0 0 0 0 0 0 0 0 0 0 0 0 0 0 0 0 0 0 0 0 0 0 0 0 0 0 0 0 0 0 0 0 0 0 0 0 0 0 0 0 0 0 0 0 0 0 0 0 0 0 0 0 0 0 0 0 0 0 0 0 0 0 0 0 0 0 0 0 0 0 0 0 0 0 0 0 0 0 0 0 0 0 0 0 0 0 0 0 0 0 0 0 0 0 0 0 0 0 0 0 0 0 0 0 0 0 0 0 0 0 0 0 0 0 0 0 0 0 0 0 0 0 0 0 0 0 0 0 0 0 0 0 0 0 0 0 0 0 0 0 0 0 0 0 0 0 0 0 0 0 0 0 0 0 0 0 0 0 0 0 0 0 0 0 0 0 0 0 0 0 0 0 0 0 0 0 0 0 0 0 0 0 0 0 0 0 0 0 0 0 0 0 0 0 0 0 0 0 0 0 0 0 0 0 0 0 0 0 0 0 0 0 0 0 0 0 0 0 0 0 0 0 0 0 0 0 0 0 0 0 0 0 0 0 0 0 0 0 0 0 0 0 0 0 0 0 0 0 0 0 0 0 0 0 0 0 0 0 0 0 0 0 0 0 0 0 0 0 0 0 0 0 0 0 0 0 0 0 0 0 0 0 0 0 0 0 0 0 0 0 0 0 0 0 0 0 0 0 0 0 0 0 0 0 0 0 0 0 0 0 0 0 0 0 0 0 0 0 0 0 0 0 0 0 0 0 0 0 0 0 0 0 0 0 0 0 0 0 0 0 0 0 0 0 0 0 0 0 0 0 0 0 0 0 0 0 0 0 0 0 0 0 0 0 0 0 0 0 0 0 0 0 0 0 0 0 0 0 0 0 0 0 0 0 0 0 0 0 0 0 0 0 0 0 0 0 0 0 0 0 0 0 0 0 0 0 0 0 0 0 0 0 0 0 0 0 0 0 0 0 0 0 0 0 0 0 0 0 0 0 0 0 0 0 0 0 0 0 0 0 0 0 0 0 0 0 0 0 0 0 0 0 0 0 0 0 0 0 0 0 0 0 0 0 0 0 0 0 0 0 0 0 0 0 0 0 0 0 0 0 0 0 0 0 0 0 0 0 0 0 0 0 0 0 0 0 0 0 0 0 0 0 0 0 0 0 0 0 0 0 0 0 0 0 0 0 0 0 0 0 0 0 0 0 0 0 0 0 0 0 0 0 0 0 0 0 0 0 0 0 0 0 0 0 0 0 0 0 0 0 0 0 0 0 0 0 0 0 0 0 0 0 0 0 0 0 0 0 0 0 0 0 0 0 0 0 0 0 0 0 0 0 0 0 0 0 0 0 0 0 0 0 0 0 0 0 0 0 0 0 0 0 0 0 0 0 0 0 0 0 0 0 0 0 0 0 0 0 0 0 0 0 0 0 0 0 0 0 0 0 0 0 0 0 0 0 0 0 0 0 0 0 0 0 0 0 0 0 0 0 0 0 0 0 0 0 0 0 0 0 0 0 0 0 0 0 0 0 0 0 0 0 0 0 0 0 0 0 0 0 0 0 0 0 0 0 0 0 0 0 0 0 0 0 0 0 0 0 0 0 0 0 0 0 0 0 0 0 0 0 0 0 0 0 0 0 0 0 0 0 0 0 0 0 0 0 0 0 0 0
ctxt 3867374282
btime 1783935075
processes 5443439
procs_running 1
procs_blocked 0
softirq 2898943284 204 324930154 1705674 918688574 33214 0 7718213 927100229 399464 718367558

/proc/meminfo
MemTotal:       32273192 kB
MemFree:         1723180 kB
MemAvailable:   23111908 kB
Buffers:               0 kB
Cached:         20878100 kB
SwapCached:        15524 kB
Active:         15769608 kB
Inactive:       12453596 kB
Active(anon):    6840100 kB
Inactive(anon):   552380 kB
Active(file):    8929508 kB
Inactive(file): 11901216 kB
Unevictable:           0 kB
Mlocked:               0 kB
SwapTotal:      67108860 kB
SwapFree:       63106556 kB
Zswap:                 0 kB
Zswapped:              0 kB
Dirty:                28 kB
Writeback:             0 kB
AnonPages:       7317212 kB
Mapped:           281844 kB
Shmem:             47772 kB
KReclaimable:    1027224 kB
Slab:            1465284 kB
SReclaimable:    1027224 kB
SUnreclaim:       438060 kB
KernelStack:       33968 kB
PageTables:        44828 kB
SecPageTables:      4112 kB
NFS_Unstable:          0 kB
Bounce:                0 kB
WritebackTmp:          0 kB
CommitLimit:    83245456 kB
Committed_AS:   17732120 kB
VmallocTotal:   34359738367 kB
VmallocUsed:      229708 kB
VmallocChunk:          0 kB
Percpu:            21216 kB
HardwareCorrupted:     0 kB
AnonHugePages:   1112064 kB
ShmemHugePages:        0 kB
ShmemPmdMapped:        0 kB
FileHugePages:         0 kB
FilePmdMapped:         0 kB
CmaTotal:              0 kB
CmaFree:               0 kB
Unaccepted:            0 kB
HugePages_Total:       0
HugePages_Free:        0
HugePages_Rsvd:        0
HugePages_Surp:        0
Hugepagesize:       2048 kB
Hugetlb:               0 kB
DirectMap4k:      389980 kB
DirectMap2M:     5574656 kB
DirectMap1G:    27262976 kB

