/proc/loadavg
2.12 1.53 1.29 1/2111 8

/proc/stat
cpu  119360105 86936 3735416 11899815815 195227215 903960 1420217 0 0 0
cpu0 41247491 53 88233 463321200 4314941 72707 145476 0 0 0
cpu1 7245837 38258 741260 474553144 26150469 117357 156561 0 0 0
cpu2 5401464 307 162564 489771432 13793964 40510 27876 0 0 0
cpu3 4746853 101 89196 495215291 9121149 26287 15396 0 0 0
cpu4 5152329 1389 235855 486597405 17044856 52266 45781 0 0 0
cpu5 5088141 58 87945 495387817 8600196 28752 15169 0 0 0
cpu6 4939938 76 63761 499330561 4842713 23691 24423 0 0 0
cpu7 10433914 22861 650001 474540058 23277990 105301 72585 0 0 0
cpu8 5086529 126 114719 493663053 10261041 38501 36711 0 0 0
cpu9 4984361 60 69486 499023384 5102091 24473 17781 0 0 0
cpu10 4966689 42 65264 500627823 3473275 24564 70931 0 0 0
cpu11 4717364 575 200488 491951763 12118432 56724 98098 0 0 0
cpu12 1716452 39 47564 502895313 4532960 14376 19610 0 0 0
cpu13 2179515 11035 350370 498736397 7824717 33663 22545 0 0 0
cpu14 804822 232 54086 503095334 5226357 14003 13013 0 0 0
cpu15 1037688 59 44984 503837205 4299938 9988 7501 0 0 0
cpu16 1057988 291 53400 504589513 3516666 10302 6135 0 0 0
cpu17 677366 106 57215 504920109 3356285 43820 157908 0 0 0
cpu18 803879 52 59402 504632370 3609260 22982 99785 0 0 0
cpu19 3477057 10449 255234 497168152 8152403 48230 39761 0 0 0
cpu20 711850 204 54914 503357990 4942711 34274 57148 0 0 0
cpu21 757453 140 76491 503799015 4271983 40614 255787 0 0 0
cpu22 748505 73 58816 504919246 3489559 9654 8238 0 0 0
cpu23 1376607 340 54153 503882228 3903248 10910 5989 0 0 0
intr 3816502822 22 0 0 0 0 0 0 0 0 0 0 0 0 0 0 0 8 0 0 0 0 0 0 0 0 0 0 0 1 0 1 1 1 1 0 0 0 0 37 0 0 0 0 0 0 0 0 0 0 0 0 0 0 0 0 0 0 0 0 0 0 0 0 0 2953 1 170672560 161724938 166767649 393988168 95182 763667 144681 105967 227114 183185 85676 592402 124923 90499 70985 165727 77129 286653 93979 81272 104915 73683 74653 600021 173443 100612 70919 80878 30004 0 0 0 0 0 0 2 0 2 2 2 2 2 2 35 2 207 2 0 0 0 0 0 0 0 0 0 0 0 0 0 0 0 0 0 0 0 0 0 0 0 0 0 0 0 0 0 0 0 0 0 0 0 0 0 0 0 0 0 0 0 0 0 0 0 0 0 0 0 0 0 0 0 0 0 0 0 0 0 0 0 0 0 0 0 0 0 0 0 0 0 0 0 0 0 0 0 0 0 0 0 0 0 0 0 0 0 0 0 0 0 0 0 0 0 0 0 0 0 0 0 0 0 0 0 0 0 0 0 0 0 0 0 0 0 0 0 0 0 0 0 0 0 0 0 0 0 0 0 0 0 0 0 0 0 0 0 0 0 0 0 0 0 0 0 0 0 0 0 0 0 0 0 0 0 0 0 0 0 0 0 0 0 0 0 0 0 0 0 0 0 0 0 0 0 0 0 0 0 0 0 0 0 0 0 0 0 0 0 0 0 0 0 0 0 0 0 0 0 0 0 0 0 0 0 0 0 0 0 0 0 0 0 0 0 0 0 0 0 0 0 0 0 0 0 0 0 0 0 0 0 0 0 0 0 0 0 0 0 0 0 0 0 0 0 0 0 0 0 0 0 0 0 0 0 0 0 0 0 0 0 0 0 0 0 0 0 0 0 0 0 0 0 0 0 0 0 0 0 0 0 0 0 0 0 0 0 0 0 0 0 0 0 0 0 0 0 0 0 0 0 0 0 0 0 0 0 0 0 0 0 0 0 0 0 0 0 0 0 0 0 0 0 0 0 0 0 0 0 0 0 0 0 0 0 0 0 0 0 0 0 0 0 0 0 0 0 0 0 0 0 0 0 0 0 0 0 0 0 0 0 0 0 0 0 0 0 0 0 0 0 0 0 0 0 0 0 0 0 0 0 0 0 0 0 0 0 0 0 0 0 0 0 0 0 0 0 0 0 0 0 0 0 0 0 0 0 0 0 0 0 0 0 0 0 0 0 0 0 0 0 0 0 0 0 0 0 0 0 0 0 0 0 0 0 0 0 0 0 0 0 0 0 0 0 0 0 0 0 0 0 0 0 0 0 0 0 0 0 0 0 0 0 0 0 0 0 0 0 0 0 0 0 0 0 0 0 0 0 0 0 0 0 0 0 0 0 0 0 0 0 0 0 0 0 0 0 0 0 0 0 0 0 0 0 0 0 0 0 0 0 0 0 0 0 0 0 0 0 0 0 0 0 0 0 0 0 0 0 0 0 0 0 0 0 0 0 0 0 0 0 0 0 0 0 0 0 0 0 0 0 0 0 0 0 0 0 0 0 0 0 0 0 0 0 0 0 0 0 0 0 0 0 0 0 0 0 0 0 0 0 0 0 0 0 0 0 0 0 0 0 0 0 0 0 0 0 0 0 0 0 0 0 0 0 0 0 0 0 0 0 0 0 0 0 0 0 0 0 0 0 0 0 0 0 0 0 0 0 0 0 0 0 0 0 0 0 0 0 0 0 0 0 0 0 0 0 0 0 0 0 0 0 0 0 0 0 0 0 0 0 0 0 0 0 0 0 0 0 0 0 0 0 0 0 0 0 0 0 0 0 0 0 0 0 0 0 0 0 0 0 0 0 0 0 0 0 0 0 0 0 0 0 0 0 0 0 0 0 0 0 0 0 0 0 0 0 0 0 0 0 0 0 0 0 0 0 0 0 0 0 0 0 0 0 0 0 0 0 0 0 0 0 0 0 0 0 0 0 0 0 0 0 0 0 0 0 0 0 0 0 0 0 0 0 0 0 0 0 0 0 0 0 0 0 0 0 0 0 0 0 0 0 0 0 0 0 0 0 0 0 0 0 0 0 0 0 0 0 0 0 0 0 0 0 0 0 0 0 0 0 0 0 0 0 0 0 0 0 0 0 0 0 0 0 0 0 0 0 0 0 0 0 0 0 0 0 0 0 0 0 0 0 0 0 0 0 0 0 0 0 0 0 0 0 0 0 0 0 0 0 0 0 0 0 0 0 0 0 0 0 0 0 0 0 0 0 0 0 0 0 0 0 0 0 0 0 0 0 0 0 0 0 0 0 0 0 0 0 0 0 0 0 0 0 0 0 0 0 0 0 0 0 0 0 0 0 0 0 0 0 0 0 0 0 0 0 0 0 0 0 0 0 0 0 0 0 0 0 0 0 0 0 0 0 0 0 0 0 0 0 0 0 0 0 0 0 0 0 0 0 0 0 0 0 0 0 0 0 0 0 0 0 0 0 0 0 0 0 0 0 0 0 0 0 0 0 0 0 0 0 0 0 0 0 0 0 0 0 0 0 0 0 0 0 0 0 0 0 0 0 0 0 0 0 0 0 0 0 0 0 0 0 0 0 0 0 0 0 0 0 0 0 0 0 0 0 0 0 0 0 0 0 0 0
ctxt 3867060388
btime 1783935075
processes 5443247
procs_running 1
procs_blocked 0
softirq 2898655686 204 324913657 1705042 918640068 33214 0 7717192 926916854 399464 718329991

/proc/meminfo
MemTotal:       32273192 kB
MemFree:         1721496 kB
MemAvailable:   23084064 kB
Buffers:               0 kB
Cached:         20851900 kB
SwapCached:        15520 kB
Active:         15769060 kB
Inactive:       12427496 kB
Active(anon):    6839684 kB
Inactive(anon):   552380 kB
Active(file):    8929376 kB
Inactive(file): 11875116 kB
Unevictable:           0 kB
Mlocked:               0 kB
SwapTotal:      67108860 kB
SwapFree:       63106556 kB
Zswap:                 0 kB
Zswapped:              0 kB
Dirty:                12 kB
Writeback:             0 kB
AnonPages:       7318028 kB
Mapped:           281716 kB
Shmem:             47772 kB
KReclaimable:    1027296 kB
Slab:            1465424 kB
SReclaimable:    1027296 kB
SUnreclaim:       438128 kB
KernelStack:       34160 kB
PageTables:        44836 kB
SecPageTables:      4112 kB
NFS_Unstable:          0 kB
Bounce:                0 kB
WritebackTmp:          0 kB
CommitLimit:    83245456 kB
Committed_AS:   17728148 kB
VmallocTotal:   34359738367 kB
VmallocUsed:      229724 kB
VmallocChunk:          0 kB
Percpu:            21216 kB
HardwareCorrupted:     0 kB
AnonHugePages:   1112064 kB
ShmemHugePages:        0 kB
ShmemPmdMapped:        0 kB
FileHugePages:         0 kB
FilePmdMapped:         0 kB
CmaTotal:              0 kB
CmaFree:               0 kB
Unaccepted:            0 kB
HugePages_Total:       0
HugePages_Free:        0
HugePages_Rsvd:        0
HugePages_Surp:        0
Hugepagesize:       2048 kB
Hugetlb:               0 kB
DirectMap4k:      389980 kB
DirectMap2M:     5574656 kB
DirectMap1G:    27262976 kB

