/proc/loadavg
2.00 1.84 1.50 1/2098 17

/proc/stat
cpu  119390499 86936 3735782 11900512620 195227708 904050 1420366 0 0 0
cpu0 41248900 53 88405 463349770 4315004 72713 145576 0 0 0
cpu1 7245883 38258 741276 474583392 26150497 117359 156567 0 0 0
cpu2 5429944 307 162564 489773242 13793964 40568 27877 0 0 0
cpu3 4746859 101 89200 495245481 9121297 26288 15396 0 0 0
cpu4 5152374 1389 235870 486627649 17044889 52268 45785 0 0 0
cpu5 5088153 58 87952 495418134 8600204 28753 15169 0 0 0
cpu6 4939947 76 63765 499360893 4842713 23692 24423 0 0 0
cpu7 10433941 22861 650018 474570356 23277992 105302 72586 0 0 0
cpu8 5086551 126 114742 493693350 10261047 38502 36711 0 0 0
cpu9 4984369 60 69491 499053664 5102147 24474 17781 0 0 0
cpu10 4966697 42 65272 500658145 3473284 24565 70932 0 0 0
cpu11 4717401 575 200503 491981958 12118528 56726 98100 0 0 0
cpu12 1716461 39 47567 502925645 4532965 14376 19611 0 0 0
cpu13 2179577 11035 350397 498766630 7824732 33665 22545 0 0 0
cpu14 804822 232 54087 503125681 5226357 14003 13013 0 0 0
cpu15 1037702 59 44990 503867528 4299939 9989 7502 0 0 0
cpu16 1058014 291 53409 504619821 3516668 10303 6135 0 0 0
cpu17 677384 106 57222 504950418 3356292 43822 157912 0 0 0
cpu18 803884 52 59405 504662700 3609267 22983 99785 0 0 0
cpu19 3477178 10449 255245 497198363 8152405 48231 39762 0 0 0
cpu20 711853 204 54917 503388329 4942711 34275 57149 0 0 0
cpu21 757459 140 76496 503829324 4271985 40616 255809 0 0 0
cpu22 748508 73 58819 504949584 3489562 9655 8239 0 0 0
cpu23 1376625 340 54161 503912550 3903248 10911 5989 0 0 0
intr 3817047589 22 0 0 0 0 0 0 0 0 0 0 0 0 0 0 0 8 0 0 0 0 0 0 0 0 0 0 0 1 0 1 1 1 1 0 0 0 0 37 0 0 0 0 0 0 0 0 0 0 0 0 0 0 0 0 0 0 0 0 0 0 0 0 0 2953 1 170677031 161732882 166797934 394008401 95183 763667 144681 105967 227169 183207 85707 592418 124923 90500 70988 165727 77129 286653 93979 81287 104916 73683 74654 600042 173447 100615 70935 80878 30004 0 0 0 0 0 0 2 0 2 2 2 2 2 2 35 2 207 2 0 0 0 0 0 0 0 0 0 0 0 0 0 0 0 0 0 0 0 0 0 0 0 0 0 0 0 0 0 0 0 0 0 0 0 0 0 0 0 0 0 0 0 0 0 0 0 0 0 0 0 0 0 0 0 0 0 0 0 0 0 0 0 0 0 0 0 0 0 0 0 0 0 0 0 0 0 0 0 0 0 0 0 0 0 0 0 0 0 0 0 0 0 0 0 0 0 0 0 0 0 0 0 0 0 0 0 0 0 0 0 0 0 0 0 0 0 0 0 0 0 0 0 0 0 0 0 0 0 0 0 0 0 0 0 0 0 0 0 0 0 0 0 0 0 0 0 0 0 0 0 0 0 0 0 0 0 0 0 0 0 0 0 0 0 0 0 0 0 0 0 0 0 0 0 0 0 0 0 0 0 0 0 0 0 0 0 0 0 0 0 0 0 0 0 0 0 0 0 0 0 0 0 0 0 0 0 0 0 0 0 0 0 0 0 0 0 0 0 0 0 0 0 0 0 0 0 0 0 0 0 0 0 0 0 0 0 0 0 0 0 0 0 0 0 0 0 0 0 0 0 0 0 0 0 0 0 0 0 0 0 0 0 0 0 0 0 0 0 0 0 0 0 0 0 0 0 0 0 0 0 0 0 0 0 0 0 0 0 0 0 0 0 0 0 0 0 0 0 0 0 0 0 0 0 0 0 0 0 0 0 0 0 0 0 0 0 0 0 0 0 0 0 0 0 0 0 0 0 0 0 0 0 0 0 0 0 0 0 0 0 0 0 0 0 0 0 0 0 0 0 0 0 0 0 0 0 0 0 0 0 0 0 0 0 0 0 0 0 0 0 0 0 0 0 0 0 0 0 0 0 0 0 0 0 0 0 0 0 0 0 0 0 0 0 0 0 0 0 0 0 0 0 0 0 0 0 0 0 0 0 0 0 0 0 0 0 0 0 0 0 0 0 0 0 0 0 0 0 0 0 0 0 0 0 0 0 0 0 0 0 0 0 0 0 0 0 0 0 0 0 0 0 0 0 0 0 0 0 0 0 0 0 0 0 0 0 0 0 0 0 0 0 0 0 0 0 0 0 0 0 0 0 0 0 0 0 0 0 0 0 0 0 0 0 0 0 0 0 0 0 0 0 0 0 0 0 0 0 0 0 0 0 0 0 0 0 0 0 0 0 0 0 0 0 0 0 0 0 0 0 0 0 0 0 0 0 0 0 0 0 0 0 0 0 0 0 0 0 0 0 0 0 0 0 0 0 0 0 0 0 0 0 0 0 0 0 0 0 0 0 0 0 0 0 0 0 0 0 0 0 0 0 0 0 0 0 0 0 0 0 0 0 0 0 0 0 0 0 0 0 0 0 0 0 0 0 0 0 0 0 0 0 0 0 0 0 0 0 0 0 0 0 0 0 0 0 0 0 0 0 0 0 0 0 0 0 0 0 0 0 0 0 0 0 0 0 0 0 0 0 0 0 0 0 0 0 0 0 0 0 0 0 0 0 0 0 0 0 0 0 0 0 0 0 0 0 0 0 0 0 0 0 0 0 0 0 0 0 0 0 0 0 0 0 0 0 0 0 0 0 0 0 0 0 0 0 0 0 0 0 0 0 0 0 0 0 0 0 0 0 0 0 0 0 0 0 0 0 0 0 0 0 0 0 0 0 0 0 0 0 0 0 0 0 0 0 0 0 0 0 0 0 0 0 0 0 0 0 0 0 0 0 0 0 0 0 0 0 0 0 0 0 0 0 0 0 0 0 0 0 0 0 0 0 0 0 0 0 0 0 0 0 0 0 0 0 0 0 0 0 0 0 0 0 0 0 0 0 0 0 0 0 0 0 0 0 0 0 0 0 0 0 0 0 0 0 0 0 0 0 0 0 0 0 0 0 0 0 0 0 0 0 0 0 0 0 0 0 0 0 0 0 0 0 0 0 0 0 0 0 0 0 0 0 0 0 0 0 0 0 0 0 0 0 0 0 0 0 0 0 0 0 0 0 0 0 0 0 0 0 0 0 0 0 0 0 0 0 0 0 0 0 0 0 0 0 0 0 0 0 0 0 0 0 0 0 0 0 0 0 0 0 0 0 0 0 0 0 0 0 0 0 0 0 0 0 0 0 0 0 0 0 0 0 0 0 0 0 0 0 0 0 0 0 0 0 0 0 0 0 0 0 0 0 0 0 0 0 0 0 0 0 0 0 0 0 0 0 0 0 0 0 0 0 0 0 0 0 0 0 0 0 0 0 0 0 0 0 0 0 0 0 0 0 0 0 0 0 0 0 0 0 0 0 0 0 0 0 0 0 0 0 0 0 0 0 0 0 0 0 0 0 0 0 0 0 0 0 0 0 0 0 0 0 0 0
ctxt 3867484339
btime 1783935075
processes 5443501
procs_running 1
procs_blocked 0
softirq 2899051223 204 324936664 1705962 918703937 33214 0 7718473 927172031 399464 718381274

/proc/meminfo
MemTotal:       32273192 kB
MemFree:         1707984 kB
MemAvailable:   23109800 kB
Buffers:               0 kB
Cached:         20891256 kB
SwapCached:        15528 kB
Active:         15768040 kB
Inactive:       12466716 kB
Active(anon):    6838564 kB
Inactive(anon):   552380 kB
Active(file):    8929476 kB
Inactive(file): 11914336 kB
Unevictable:           0 kB
Mlocked:               0 kB
SwapTotal:      67108860 kB
SwapFree:       63106556 kB
Zswap:                 0 kB
Zswapped:              0 kB
Dirty:                 8 kB
Writeback:             0 kB
AnonPages:       7315672 kB
Mapped:           281880 kB
Shmem:             47772 kB
KReclaimable:    1027224 kB
Slab:            1465184 kB
SReclaimable:    1027224 kB
SUnreclaim:       437960 kB
KernelStack:       33952 kB
PageTables:        44824 kB
SecPageTables:      4112 kB
NFS_Unstable:          0 kB
Bounce:                0 kB
WritebackTmp:          0 kB
CommitLimit:    83245456 kB
Committed_AS:   17746336 kB
VmallocTotal:   34359738367 kB
VmallocUsed:      229612 kB
VmallocChunk:          0 kB
Percpu:            21216 kB
HardwareCorrupted:     0 kB
AnonHugePages:   1112064 kB
ShmemHugePages:        0 kB
ShmemPmdMapped:        0 kB
FileHugePages:         0 kB
FilePmdMapped:         0 kB
CmaTotal:              0 kB
CmaFree:               0 kB
Unaccepted:            0 kB
HugePages_Total:       0
HugePages_Free:        0
HugePages_Rsvd:        0
HugePages_Surp:        0
Hugepagesize:       2048 kB
Hugetlb:               0 kB
DirectMap4k:      389980 kB
DirectMap2M:     5574656 kB
DirectMap1G:    27262976 kB

