/proc/loadavg
2.00 2.00 1.73 1/2104 29

/proc/stat
cpu  119434761 86936 3736350 11901527987 195228161 904184 1420564 0 0 0
cpu0 41250956 53 88653 463391356 4315130 72724 145722 0 0 0
cpu1 7245926 38258 741298 474627459 26150554 117363 156577 0 0 0
cpu2 5471417 307 162564 489775896 13793964 40654 27878 0 0 0
cpu3 4746885 101 89214 495289613 9121329 26290 15397 0 0 0
cpu4 5152443 1389 235898 486671728 17044913 52271 45788 0 0 0
cpu5 5088168 58 87962 495462305 8600215 28755 15170 0 0 0
cpu6 4939957 76 63770 499405085 4842717 23693 24423 0 0 0
cpu7 10434044 22861 650043 474614420 23278004 105304 72588 0 0 0
cpu8 5086559 126 114755 493737526 10261056 38503 36712 0 0 0
cpu9 4984388 60 69498 499097836 5102160 24474 17781 0 0 0
cpu10 4966713 42 65280 500702323 3473294 24565 70932 0 0 0
cpu11 4717449 575 200522 492026035 12118586 56728 98104 0 0 0
cpu12 1716473 39 47573 502969823 4532980 14377 19611 0 0 0
cpu13 2179650 11035 350438 498810698 7824752 33668 22546 0 0 0
cpu14 804824 232 54088 503169888 5226357 14003 13014 0 0 0
cpu15 1037745 59 45005 503911664 4299949 9991 7503 0 0 0
cpu16 1058083 291 53427 504663940 3516671 10305 6136 0 0 0
cpu17 677408 106 57233 504994573 3356301 43825 157919 0 0 0
cpu18 803898 52 59417 504706883 3609269 22984 99786 0 0 0
cpu19 3477258 10449 255273 497242454 8152406 48234 39763 0 0 0
cpu20 711887 204 54927 503432466 4942735 34277 57150 0 0 0
cpu21 757465 140 76506 503873498 4271989 40617 255824 0 0 0
cpu22 748520 73 58827 504993770 3489567 9655 8239 0 0 0
cpu23 1376637 340 54167 503956737 3903253 10912 5990 0 0 0
intr 3817898699 22 0 0 0 0 0 0 0 0 0 0 0 0 0 0 0 8 0 0 0 0 0 0 0 0 0 0 0 1 0 1 1 1 1 0 0 0 0 37 0 0 0 0 0 0 0 0 0 0 0 0 0 0 0 0 0 0 0 0 0 0 0 0 0 2953 1 170691234 161739657 166805257 394023879 95185 763667 144681 105967 227235 183237 85761 592423 124954 90501 70991 165727 77129 286653 93982 81287 104917 73685 74662 600082 173460 100616 70959 80880 30004 0 0 0 0 0 0 2 0 2 2 2 2 2 2 35 2 207 2 0 0 0 0 0 0 0 0 0 0 0 0 0 0 0 0 0 0 0 0 0 0 0 0 0 0 0 0 0 0 0 0 0 0 0 0 0 0 0 0 0 0 0 0 0 0 0 0 0 0 0 0 0 0 0 0 0 0 0 0 0 0 0 0 0 0 0 0 0 0 0 0 0 0 0 0 0 0 0 0 0 0 0 0 0 0 0 0 0 0 0 0 0 0 0 0 0 0 0 0 0 0 0 0 0 0 0 0 0 0 0 0 0 0 0 0 0 0 0 0 0 0 0 0 0 0 0 0 0 0 0 0 0 0 0 0 0 0 0 0 0 0 0 0 0 0 0 0 0 0 0 0 0 0 0 0 0 0 0 0 0 0 0 0 0 0 0 0 0 0 0 0 0 0 0 0 0 0 0 0 0 0 0 0 0 0 0 0 0 0 0 0 0 0 0 0 0 0 0 0 0 0 0 0 0 0 0 0 0 0 0 0 0 0 0 0 0 0 0 0 0 0 0 0 0 0 0 0 0 0 0 0 0 0 0 0 0 0 0 0 0 0 0 0 0 0 0 0 0 0 0 0 0 0 0 0 0 0 0 0 0 0 0 0 0 0 0 0 0 0 0 0 0 0 0 0 0 0 0 0 0 0 0 0 0 0 0 0 0 0 0 0 0 0 0 0 0 0 0 0 0 0 0 0 0 0 0 0 0 0 0 0 0 0 0 0 0 0 0 0 0 0 0 0 0 0 0 0 0 0 0 0 0 0 0 0 0 0 0 0 0 0 0 0 0 0 0 0 0 0 0 0 0 0 0 0 0 0 0 0 0 0 0 0 0 0 0 0 0 0 0 0 0 0 0 0 0 0 0 0 0 0 0 0 0 0 0 0 0 0 0 0 0 0 0 0 0 0 0 0 0 0 0 0 0 0 0 0 0 0 0 0 0 0 0 0 0 0 0 0 0 0 0 0 0 0 0 0 0 0 0 0 0 0 0 0 0 0 0 0 0 0 0 0 0 0 0 0 0 0 0 0 0 0 0 0 0 0 0 0 0 0 0 0 0 0 0 0 0 0 0 0 0 0 0 0 0 0 0 0 0 0 0 0 0 0 0 0 0 0 0 0 0 0 0 0 0 0 0 0 0 0 0 0 0 0 0 0 0 0 0 0 0 0 0 0 0 0 0 0 0 0 0 0 0 0 0 0 0 0 0 0 0 0 0 0 0 0 0 0 0 0 0 0 0 0 0 0 0 0 0 0 0 0 0 0 0 0 0 0 0 0 0 0 0 0 0 0 0 0 0 0 0 0 0 0 0 0 0 0 0 0 0 0 0 0 0 0 0 0 0 0 0 0 0 0 0 0 0 0 0 0 0 0 0 0 0 0 0 0 0 0 0 0 0 0 0 0 0 0 0 0 0 0 0 0 0 0 0 0 0 0 0 0 0 0 0 0 0 0 0 0 0 0 0 0 0 0 0 0 0 0 0 0 0 0 0 0 0 0 0 0 0 0 0 0 0 0 0 0 0 0 0 0 0 0 0 0 0 0 0 0 0 0 0 0 0 0 0 0 0 0 0 0 0 0 0 0 0 0 0 0 0 0 0 0 0 0 0 0 0 0 0 0 0 0 0 0 0 0 0 0 0 0 0 0 0 0 0 0 0 0 0 0 0 0 0 0 0 0 0 0 0 0 0 0 0 0 0 0 0 0 0 0 0 0 0 0 0 0 0 0 0 0 0 0 0 0 0 0 0 0 0 0 0 0 0 0 0 0 0 0 0 0 0 0 0 0 0 0 0 0 0 0 0 0 0 0 0 0 0 0 0 0 0 0 0 0 0 0 0 0 0 0 0 0 0 0 0 0 0 0 0 0 0 0 0 0 0 0 0 0 0 0 0 0 0 0 0 0 0 0 0 0 0 0 0 0 0 0 0 0 0 0 0 0 0 0 0 0 0 0 0 0 0 0 0 0 0 0 0 0 0 0 0 0 0 0 0 0 0 0 0 0 0 0 0 0 0 0 0 0 0 0 0 0 0 0 0 0 0 0 0 0 0 0 0 0 0 0 0 0 0 0 0 0 0 0 0 0 0 0 0 0 0 0 0 0 0 0 0 0 0 0 0 0 0 0 0 0 0 0 0 0 0 0 0 0 0 0 0 0 0 0 0 0 0 0 0 0 0 0 0 0 0 0 0 0 0 0 0 0 0 0 0 0 0 0 0 0 0 0 0 0 0 0 0 0 0 0 0 0 0 0 0 0 0 0 0 0 0 0 0 0 0 0 0 0 0 0 0 0 0 0 0 0 0 0 0 0 0 0 0 0 0 0 0 0 0 0 0 0 0 0 0 0 0 0 0 0 0 0 0 0 0 0 0
ctxt 3868201623
btime 1783935075
processes 5443970
procs_running 1
procs_blocked 0
softirq 2899583886 204 324969931 1707102 918749185 33214 0 7719654 927542613 399464 718462519

/proc/meminfo
MemTotal:       32273192 kB
MemFree:         1647308 kB
MemAvailable:   23104644 kB
Buffers:               0 kB
Cached:         20946748 kB
SwapCached:        15524 kB
Active:         15774928 kB
Inactive:       12522248 kB
Active(anon):    6845420 kB
Inactive(anon):   552376 kB
Active(file):    8929508 kB
Inactive(file): 11969872 kB
Unevictable:           0 kB
Mlocked:               0 kB
SwapTotal:      67108860 kB
SwapFree:       63106556 kB
Zswap:                 0 kB
Zswapped:              0 kB
Dirty:                44 kB
Writeback:           172 kB
AnonPages:       7322496 kB
Mapped:           282456 kB
Shmem:             47792 kB
KReclaimable:    1027176 kB
Slab:            1465236 kB
SReclaimable:    1027176 kB
SUnreclaim:       438060 kB
KernelStack:       34032 kB
PageTables:        45004 kB
SecPageTables:      4112 kB
NFS_Unstable:          0 kB
Bounce:                0 kB
WritebackTmp:          0 kB
CommitLimit:    83245456 kB
Committed_AS:   17761388 kB
VmallocTotal:   34359738367 kB
VmallocUsed:      229760 kB
VmallocChunk:          0 kB
Percpu:            21216 kB
HardwareCorrupted:     0 kB
AnonHugePages:   1112064 kB
ShmemHugePages:        0 kB
ShmemPmdMapped:        0 kB
FileHugePages:         0 kB
FilePmdMapped:         0 kB
CmaTotal:              0 kB
CmaFree:               0 kB
Unaccepted:            0 kB
HugePages_Total:       0
HugePages_Free:        0
HugePages_Rsvd:        0
HugePages_Surp:        0
Hugepagesize:       2048 kB
Hugetlb:               0 kB
DirectMap4k:      389980 kB
DirectMap2M:     5574656 kB
DirectMap1G:    27262976 kB

