/proc/loadavg
2.14 2.00 1.63 1/2107 22

/proc/stat
cpu  119409513 86936 3736030 11900948069 195227891 904105 1420451 0 0 0
cpu0 41249853 53 88521 463367538 4315045 72718 145637 0 0 0
cpu1 7245893 38258 741281 474602307 26150521 117360 156572 0 0 0
cpu2 5447684 307 162564 489774427 13793964 40605 27877 0 0 0
cpu3 4746868 101 89204 495264415 9121308 26288 15397 0 0 0
cpu4 5152404 1389 235878 486646560 17044899 52269 45786 0 0 0
cpu5 5088160 58 87955 495437077 8600211 28753 15169 0 0 0
cpu6 4939955 76 63767 499379844 4842714 23692 24423 0 0 0
cpu7 10433977 22861 650031 474589252 23278003 105303 72587 0 0 0
cpu8 5086554 126 114747 493712297 10261050 38502 36712 0 0 0
cpu9 4984375 60 69496 499072610 5102151 24474 17781 0 0 0
cpu10 4966709 42 65277 500677085 3473288 24565 70932 0 0 0
cpu11 4717439 575 200516 492000831 12118558 56728 98102 0 0 0
cpu12 1716469 39 47570 502944594 4532966 14377 19611 0 0 0
cpu13 2179601 11035 350410 498785542 7824741 33666 22546 0 0 0
cpu14 804823 232 54087 503144641 5226357 14003 13013 0 0 0
cpu15 1037722 59 44996 503886458 4299942 9990 7502 0 0 0
cpu16 1058067 291 53419 504638715 3516671 10304 6136 0 0 0
cpu17 677389 106 57225 504969365 3356294 43823 157915 0 0 0
cpu18 803894 52 59414 504681640 3609269 22983 99786 0 0 0
cpu19 3477198 10449 255251 497217294 8152406 48232 39762 0 0 0
cpu20 711860 204 54921 503407266 4942723 34276 57149 0 0 0
cpu21 757461 140 76502 503848267 4271985 40617 255817 0 0 0
cpu22 748511 73 58822 504968535 3489566 9655 8239 0 0 0
cpu23 1376634 340 54164 503931499 3903248 10911 5989 0 0 0
intr 3817372736 22 0 0 0 0 0 0 0 0 0 0 0 0 0 0 0 8 0 0 0 0 0 0 0 0 0 0 0 1 0 1 1 1 1 0 0 0 0 37 0 0 0 0 0 0 0 0 0 0 0 0 0 0 0 0 0 0 0 0 0 0 0 0 0 2953 1 170680429 161737940 166803866 394015531 95183 763667 144681 105967 227199 183221 85721 592421 124939 90500 70991 165727 77129 286653 93980 81287 104917 73683 74662 600066 173454 100616 70946 80878 30004 0 0 0 0 0 0 2 0 2 2 2 2 2 2 35 2 207 2 0 0 0 0 0 0 0 0 0 0 0 0 0 0 0 0 0 0 0 0 0 0 0 0 0 0 0 0 0 0 0 0 0 0 0 0 0 0 0 0 0 0 0 0 0 0 0 0 0 0 0 0 0 0 0 0 0 0 0 0 0 0 0 0 0 0 0 0 0 0 0 0 0 0 0 0 0 0 0 0 0 0 0 0 0 0 0 0 0 0 0 0 0 0 0 0 0 0 0 0 0 0 0 0 0 0 0 0 0 0 0 0 0 0 0 0 0 0 0 0 0 0 0 0 0 0 0 0 0 0 0 0 0 0 0 0 0 0 0 0 0 0 0 0 0 0 0 0 0 0 0 0 0 0 0 0 0 0 0 0 0 0 0 0 0 0 0 0 0 0 0 0 0 0 0 0 0 0 0 0 0 0 0 0 0 0 0 0 0 0 0 0 0 0 0 0 0 0 0 0 0 0 0 0 0 0 0 0 0 0 0 0 0 0 0 0 0 0 0 0 0 0 0 0 0 0 0 0 0 0 0 0 0 0 0 0 0 0 0 0 0 0 0 0 0 0 0 0 0 0 0 0 0 0 0 0 0 0 0 0 0 0 0 0 0 0 0 0 0 0 0 0 0 0 0 0 0 0 0 0 0 0 0 0 0 0 0 0 0 0 0 0 0 0 0 0 0 0 0 0 0 0 0 0 0 0 0 0 0 0 0 0 0 0 0 0 0 0 0 0 0 0 0 0 0 0 0 0 0 0 0 0 0 0 0 0 0 0 0 0 0 0 0 0 0 0 0 0 0 0 0 0 0 0 0 0 0 0 0 0 0 0 0 0 0 0 0 0 0 0 0 0 0 0 0 0 0 0 0 0 0 0 0 0 0 0 0 0 0 0 0 0 0 0 0 0 0 0 0 0 0 0 0 0 0 0 0 0 0 0 0 0 0 0 0 0 0 0 0 0 0 0 0 0 0 0 0 0 0 0 0 0 0 0 0 0 0 0 0 0 0 0 0 0 0 0 0 0 0 0 0 0 0 0 0 0 0 0 0 0 0 0 0 0 0 0 0 0 0 0 0 0 0 0 0 0 0 0 0 0 0 0 0 0 0 0 0 0 0 0 0 0 0 0 0 0 0 0 0 0 0 0 0 0 0 0 0 0 0 0 0 0 0 0 0 0 0 0 0 0 0 0 0 0 0 0 0 0 0 0 0 0 0 0 0 0 0 0 0 0 0 0 0 0 0 0 0 0 0 0 0 0 0 0 0 0 0 0 0 0 0 0 0 0 0 0 0 0 0 0 0 0 0 0 0 0 0 0 0 0 0 0 0 0 0 0 0 0 0 0 0 0 0 0 0 0 0 0 0 0 0 0 0 0 0 0 0 0 0 0 0 0 0 0 0 0 0 0 0 0 0 0 0 0 0 0 0 0 0 0 0 0 0 0 0 0 0 0 0 0 0 0 0 0 0 0 0 0 0 0 0 0 0 0 0 0 0 0 0 0 0 0 0 0 0 0 0 0 0 0 0 0 0 0 0 0 0 0 0 0 0 0 0 0 0 0 0 0 0 0 0 0 0 0 0 0 0 0 0 0 0 0 0 0 0 0 0 0 0 0 0 0 0 0 0 0 0 0 0 0 0 0 0 0 0 0 0 0 0 0 0 0 0 0 0 0 0 0 0 0 0 0 0 0 0 0 0 0 0 0 0 0 0 0 0 0 0 0 0 0 0 0 0 0 0 0 0 0 0 0 0 0 0 0 0 0 0 0 0 0 0 0 0 0 0 0 0 0 0 0 0 0 0 0 0 0 0 0 0 0 0 0 0 0 0 0 0 0 0 0 0 0 0 0 0 0 0 0 0 0 0 0 0 0 0 0 0 0 0 0 0 0 0 0 0 0 0 0 0 0 0 0 0 0 0 0 0 0 0 0 0 0 0 0 0 0 0 0 0 0 0 0 0 0 0 0 0 0 0 0 0 0 0 0 0 0 0 0 0 0 0 0 0 0 0 0 0 0 0 0 0 0 0 0 0 0 0 0 0 0 0 0 0 0 0 0 0 0 0 0 0 0 0 0 0 0 0 0 0 0 0 0 0 0 0 0 0 0 0 0 0 0 0 0 0 0 0 0 0 0 0 0 0 0 0 0 0 0 0 0 0 0 0 0 0 0 0 0 0 0 0 0 0 0 0 0 0 0 0 0 0 0 0 0 0 0 0 0 0 0 0 0 0 0 0 0 0 0 0 0 0 0 0 0 0 0 0 0 0 0 0 0 0 0 0 0 0 0 0 0 0 0 0 0 0 0 0 0 0 0 0 0 0 0 0 0 0 0 0 0 0 0 0 0 0 0 0 0 0 0 0 0 0 0 0 0 0
ctxt 3867746857
btime 1783935075
processes 5443737
procs_running 1
procs_blocked 0
softirq 2899281165 204 324950757 1706494 918725986 33214 0 7718935 927331204 399464 718414907

/proc/meminfo
MemTotal:       32273192 kB
MemFree:         1669188 kB
MemAvailable:   23097088 kB
Buffers:               0 kB
Cached:         20917296 kB
SwapCached:        15524 kB
Active:         15768264 kB
Inactive:       12492812 kB
Active(anon):    6838788 kB
Inactive(anon):   552376 kB
Active(file):    8929476 kB
Inactive(file): 11940436 kB
Unevictable:           0 kB
Mlocked:               0 kB
SwapTotal:      67108860 kB
SwapFree:       63106556 kB
Zswap:                 0 kB
Zswapped:              0 kB
Dirty:                12 kB
Writeback:             0 kB
AnonPages:       7315972 kB
Mapped:           282284 kB
Shmem:             47772 kB
KReclaimable:    1027208 kB
Slab:            1465320 kB
SReclaimable:    1027208 kB
SUnreclaim:       438112 kB
KernelStack:       34080 kB
PageTables:        45020 kB
SecPageTables:      4112 kB
NFS_Unstable:          0 kB
Bounce:                0 kB
WritebackTmp:          0 kB
CommitLimit:    83245456 kB
Committed_AS:   17747860 kB
VmallocTotal:   34359738367 kB
VmallocUsed:      229692 kB
VmallocChunk:          0 kB
Percpu:            21216 kB
HardwareCorrupted:     0 kB
AnonHugePages:   1112064 kB
ShmemHugePages:        0 kB
ShmemPmdMapped:        0 kB
FileHugePages:         0 kB
FilePmdMapped:         0 kB
CmaTotal:              0 kB
CmaFree:               0 kB
Unaccepted:            0 kB
HugePages_Total:       0
HugePages_Free:        0
HugePages_Rsvd:        0
HugePages_Surp:        0
Hugepagesize:       2048 kB
Hugetlb:               0 kB
DirectMap4k:      389980 kB
DirectMap2M:     5574656 kB
DirectMap1G:    27262976 kB

