/proc/loadavg
1.98 1.46 1.25 1/2114 7

/proc/stat
cpu  119357492 86936 3735403 11899756571 195227202 903953 1420205 0 0 0
cpu0 41247491 53 88233 463318634 4314940 72707 145467 0 0 0
cpu1 7245836 38258 741260 474550566 26150469 117357 156561 0 0 0
cpu2 5398892 307 162564 489771430 13793964 40504 27875 0 0 0
cpu3 4746853 101 89196 495212717 9121144 26287 15396 0 0 0
cpu4 5152319 1389 235853 486594838 17044856 52265 45780 0 0 0
cpu5 5088140 58 87945 495385239 8600195 28752 15169 0 0 0
cpu6 4939937 76 63761 499327983 4842712 23691 24423 0 0 0
cpu7 10433911 22861 650000 474537484 23277989 105300 72585 0 0 0
cpu8 5086528 126 114719 493660475 10261041 38501 36711 0 0 0
cpu9 4984360 60 69485 499020807 5102091 24473 17781 0 0 0
cpu10 4966689 42 65264 500625245 3473275 24564 70931 0 0 0
cpu11 4717362 575 200488 491949188 12118430 56724 98098 0 0 0
cpu12 1716452 39 47564 502892734 4532960 14376 19610 0 0 0
cpu13 2179515 11035 350370 498733818 7824717 33663 22545 0 0 0
cpu14 804822 232 54086 503092755 5226357 14003 13013 0 0 0
cpu15 1037688 59 44983 503834628 4299938 9988 7501 0 0 0
cpu16 1057988 291 53400 504586934 3516666 10302 6135 0 0 0
cpu17 677363 106 57214 504917535 3356285 43820 157907 0 0 0
cpu18 803879 52 59402 504629791 3609260 22982 99785 0 0 0
cpu19 3477050 10449 255233 497165581 8152403 48230 39761 0 0 0
cpu20 711850 204 54914 503355410 4942711 34274 57148 0 0 0
cpu21 757453 140 76491 503796437 4271983 40614 255786 0 0 0
cpu22 748504 73 58816 504916666 3489559 9654 8238 0 0 0
cpu23 1376596 340 54151 503879664 3903246 10910 5989 0 0 0
intr 3816459696 22 0 0 0 0 0 0 0 0 0 0 0 0 0 0 0 8 0 0 0 0 0 0 0 0 0 0 0 1 0 1 1 1 1 0 0 0 0 37 0 0 0 0 0 0 0 0 0 0 0 0 0 0 0 0 0 0 0 0 0 0 0 0 0 2953 1 170671972 161724827 166765115 393987097 95182 763667 144681 105967 227113 183183 85676 592402 124923 90498 70984 165727 77129 286653 93979 81271 104915 73683 74653 600019 173443 100612 70919 80878 30004 0 0 0 0 0 0 2 0 2 2 2 2 2 2 35 2 207 2 0 0 0 0 0 0 0 0 0 0 0 0 0 0 0 0 0 0 0 0 0 0 0 0 0 0 0 0 0 0 0 0 0 0 0 0 0 0 0 0 0 0 0 0 0 0 0 0 0 0 0 0 0 0 0 0 0 0 0 0 0 0 0 0 0 0 0 0 0 0 0 0 0 0 0 0 0 0 0 0 0 0 0 0 0 0 0 0 0 0 0 0 0 0 0 0 0 0 0 0 0 0 0 0 0 0 0 0 0 0 0 0 0 0 0 0 0 0 0 0 0 0 0 0 0 0 0 0 0 0 0 0 0 0 0 0 0 0 0 0 0 0 0 0 0 0 0 0 0 0 0 0 0 0 0 0 0 0 0 0 0 0 0 0 0 0 0 0 0 0 0 0 0 0 0 0 0 0 0 0 0 0 0 0 0 0 0 0 0 0 0 0 0 0 0 0 0 0 0 0 0 0 0 0 0 0 0 0 0 0 0 0 0 0 0 0 0 0 0 0 0 0 0 0 0 0 0 0 0 0 0 0 0 0 0 0 0 0 0 0 0 0 0 0 0 0 0 0 0 0 0 0 0 0 0 0 0 0 0 0 0 0 0 0 0 0 0 0 0 0 0 0 0 0 0 0 0 0 0 0 0 0 0 0 0 0 0 0 0 0 0 0 0 0 0 0 0 0 0 0 0 0 0 0 0 0 0 0 0 0 0 0 0 0 0 0 0 0 0 0 0 0 0 0 0 0 0 0 0 0 0 0 0 0 0 0 0 0 0 0 0 0 0 0 0 0 0 0 0 0 0 0 0 0 0 0 0 0 0 0 0 0 0 0 0 0 0 0 0 0 0 0 0 0 0 0 0 0 0 0 0 0 0 0 0 0 0 0 0 0 0 0 0 0 0 0 0 0 0 0 0 0 0 0 0 0 0 0 0 0 0 0 0 0 0 0 0 0 0 0 0 0 0 0 0 0 0 0 0 0 0 0 0 0 0 0 0 0 0 0 0 0 0 0 0 0 0 0 0 0 0 0 0 0 0 0 0 0 0 0 0 0 0 0 0 0 0 0 0 0 0 0 0 0 0 0 0 0 0 0 0 0 0 0 0 0 0 0 0 0 0 0 0 0 0 0 0 0 0 0 0 0 0 0 0 0 0 0 0 0 0 0 0 0 0 0 0 0 0 0 0 0 0 0 0 0 0 0 0 0 0 0 0 0 0 0 0 0 0 0 0 0 0 0 0 0 0 0 0 0 0 0 0 0 0 0 0 0 0 0 0 0 0 0 0 0 0 0 0 0 0 0 0 0 0 0 0 0 0 0 0 0 0 0 0 0 0 0 0 0 0 0 0 0 0 0 0 0 0 0 0 0 0 0 0 0 0 0 0 0 0 0 0 0 0 0 0 0 0 0 0 0 0 0 0 0 0 0 0 0 0 0 0 0 0 0 0 0 0 0 0 0 0 0 0 0 0 0 0 0 0 0 0 0 0 0 0 0 0 0 0 0 0 0 0 0 0 0 0 0 0 0 0 0 0 0 0 0 0 0 0 0 0 0 0 0 0 0 0 0 0 0 0 0 0 0 0 0 0 0 0 0 0 0 0 0 0 0 0 0 0 0 0 0 0 0 0 0 0 0 0 0 0 0 0 0 0 0 0 0 0 0 0 0 0 0 0 0 0 0 0 0 0 0 0 0 0 0 0 0 0 0 0 0 0 0 0 0 0 0 0 0 0 0 0 0 0 0 0 0 0 0 0 0 0 0 0 0 0 0 0 0 0 0 0 0 0 0 0 0 0 0 0 0 0 0 0 0 0 0 0 0 0 0 0 0 0 0 0 0 0 0 0 0 0 0 0 0 0 0 0 0 0 0 0 0 0 0 0 0 0 0 0 0 0 0 0 0 0 0 0 0 0 0 0 0 0 0 0 0 0 0 0 0 0 0 0 0 0 0 0 0 0 0 0 0 0 0 0 0 0 0 0 0 0 0 0 0 0 0 0 0 0 0 0 0 0 0 0 0 0 0 0 0 0 0 0 0 0 0 0 0 0 0 0 0 0 0 0 0 0 0 0 0 0 0 0 0 0 0 0 0 0 0 0 0 0 0 0 0 0 0 0 0 0 0 0 0 0 0 0 0 0 0 0 0 0 0 0 0 0 0 0 0 0 0 0 0 0 0 0 0 0 0 0 0 0 0 0 0 0 0 0 0 0 0 0 0 0 0 0 0 0 0 0 0 0 0 0 0 0 0 0 0 0 0 0 0 0 0 0 0 0 0 0 0 0 0 0 0 0 0 0 0 0 0 0 0 0 0 0 0 0 0 0 0 0 0 0 0 0 0 0 0 0 0 0 0 0 0 0 0 0 0 0 0 0
ctxt 3867032103
btime 1783935075
processes 5443240
procs_running 1
procs_blocked 0
softirq 2898624901 204 324911734 1705041 918635466 33214 0 7717060 926895559 399464 718327159

/proc/meminfo
MemTotal:       32273192 kB
MemFree:         1711876 kB
MemAvailable:   23074384 kB
Buffers:               0 kB
Cached:         20851820 kB
SwapCached:        15520 kB
Active:         15764392 kB
Inactive:       12427404 kB
Active(anon):    6834984 kB
Inactive(anon):   552380 kB
Active(file):    8929408 kB
Inactive(file): 11875024 kB
Unevictable:           0 kB
Mlocked:               0 kB
SwapTotal:      67108860 kB
SwapFree:       63106556 kB
Zswap:                 0 kB
Zswapped:              0 kB
Dirty:               208 kB
Writeback:            64 kB
AnonPages:       7313516 kB
Mapped:           281716 kB
Shmem:             47772 kB
KReclaimable:    1027296 kB
Slab:            1465532 kB
SReclaimable:    1027296 kB
SUnreclaim:       438236 kB
KernelStack:       34192 kB
PageTables:        44824 kB
SecPageTables:      4112 kB
NFS_Unstable:          0 kB
Bounce:                0 kB
WritebackTmp:          0 kB
CommitLimit:    83245456 kB
Committed_AS:   17742944 kB
VmallocTotal:   34359738367 kB
VmallocUsed:      229788 kB
VmallocChunk:          0 kB
Percpu:            21216 kB
HardwareCorrupted:     0 kB
AnonHugePages:   1112064 kB
ShmemHugePages:        0 kB
ShmemPmdMapped:        0 kB
FileHugePages:         0 kB
FilePmdMapped:         0 kB
CmaTotal:              0 kB
CmaFree:               0 kB
Unaccepted:            0 kB
HugePages_Total:       0
HugePages_Free:        0
HugePages_Rsvd:        0
HugePages_Surp:        0
Hugepagesize:       2048 kB
Hugetlb:               0 kB
DirectMap4k:      389980 kB
DirectMap2M:     5574656 kB
DirectMap1G:    27262976 kB

