/proc/loadavg
2.02 2.00 1.68 1/2108 25

/proc/stat
cpu  119420425 86936 3736166 11901199716 195228015 904137 1420501 0 0 0
cpu0 41250321 53 88574 463377881 4315085 72720 145675 0 0 0
cpu1 7245907 38258 741286 474613219 26150542 117360 156574 0 0 0
cpu2 5457940 307 162564 489775105 13793964 40626 27878 0 0 0
cpu3 4746869 101 89206 495275359 9121315 26289 15397 0 0 0
cpu4 5152416 1389 235889 486657486 17044902 52270 45787 0 0 0
cpu5 5088162 58 87956 495448025 8600215 28754 15169 0 0 0
cpu6 4939955 76 63769 499390796 4842714 23692 24423 0 0 0
cpu7 10433996 22861 650035 474600185 23278004 105303 72587 0 0 0
cpu8 5086558 126 114753 493723238 10261053 38503 36712 0 0 0
cpu9 4984375 60 69496 499083566 5102151 24474 17781 0 0 0
cpu10 4966710 42 65278 500688039 3473288 24565 70932 0 0 0
cpu11 4717444 575 200519 492011765 12118570 56728 98103 0 0 0
cpu12 1716472 39 47572 502955536 4532973 14377 19611 0 0 0
cpu13 2179642 11035 350423 498796429 7824751 33668 22546 0 0 0
cpu14 804823 232 54087 503155595 5226357 14003 13013 0 0 0
cpu15 1037739 59 45001 503897389 4299942 9991 7503 0 0 0
cpu16 1058070 291 53421 504649663 3516671 10304 6136 0 0 0
cpu17 677390 106 57227 504980310 3356297 43823 157917 0 0 0
cpu18 803897 52 59415 504692591 3609269 22983 99786 0 0 0
cpu19 3477234 10449 255264 497228194 8152406 48233 39763 0 0 0
cpu20 711879 204 54925 503418186 4942733 34276 57150 0 0 0
cpu21 757462 140 76503 503859217 4271985 40617 255820 0 0 0
cpu22 748516 73 58825 504979481 3489567 9655 8239 0 0 0
cpu23 1376636 340 54165 503942449 3903251 10911 5989 0 0 0
intr 3817558065 22 0 0 0 0 0 0 0 0 0 0 0 0 0 0 0 8 0 0 0 0 0 0 0 0 0 0 0 1 0 1 1 1 1 0 0 0 0 37 0 0 0 0 0 0 0 0 0 0 0 0 0 0 0 0 0 0 0 0 0 0 0 0 0 2953 1 170685102 161738519 166804307 394019000 95185 763667 144681 105967 227216 183227 85742 592423 124939 90500 70991 165727 77129 286653 93981 81287 104917 73683 74662 600072 173456 100616 70950 80878 30004 0 0 0 0 0 0 2 0 2 2 2 2 2 2 35 2 207 2 0 0 0 0 0 0 0 0 0 0 0 0 0 0 0 0 0 0 0 0 0 0 0 0 0 0 0 0 0 0 0 0 0 0 0 0 0 0 0 0 0 0 0 0 0 0 0 0 0 0 0 0 0 0 0 0 0 0 0 0 0 0 0 0 0 0 0 0 0 0 0 0 0 0 0 0 0 0 0 0 0 0 0 0 0 0 0 0 0 0 0 0 0 0 0 0 0 0 0 0 0 0 0 0 0 0 0 0 0 0 0 0 0 0 0 0 0 0 0 0 0 0 0 0 0 0 0 0 0 0 0 0 0 0 0 0 0 0 0 0 0 0 0 0 0 0 0 0 0 0 0 0 0 0 0 0 0 0 0 0 0 0 0 0 0 0 0 0 0 0 0 0 0 0 0 0 0 0 0 0 0 0 0 0 0 0 0 0 0 0 0 0 0 0 0 0 0 0 0 0 0 0 0 0 0 0 0 0 0 0 0 0 0 0 0 0 0 0 0 0 0 0 0 0 0 0 0 0 0 0 0 0 0 0 0 0 0 0 0 0 0 0 0 0 0 0 0 0 0 0 0 0 0 0 0 0 0 0 0 0 0 0 0 0 0 0 0 0 0 0 0 0 0 0 0 0 0 0 0 0 0 0 0 0 0 0 0 0 0 0 0 0 0 0 0 0 0 0 0 0 0 0 0 0 0 0 0 0 0 0 0 0 0 0 0 0 0 0 0 0 0 0 0 0 0 0 0 0 0 0 0 0 0 0 0 0 0 0 0 0 0 0 0 0 0 0 0 0 0 0 0 0 0 0 0 0 0 0 0 0 0 0 0 0 0 0 0 0 0 0 0 0 0 0 0 0 0 0 0 0 0 0 0 0 0 0 0 0 0 0 0 0 0 0 0 0 0 0 0 0 0 0 0 0 0 0 0 0 0 0 0 0 0 0 0 0 0 0 0 0 0 0 0 0 0 0 0 0 0 0 0 0 0 0 0 0 0 0 0 0 0 0 0 0 0 0 0 0 0 0 0 0 0 0 0 0 0 0 0 0 0 0 0 0 0 0 0 0 0 0 0 0 0 0 0 0 0 0 0 0 0 0 0 0 0 0 0 0 0 0 0 0 0 0 0 0 0 0 0 0 0 0 0 0 0 0 0 0 0 0 0 0 0 0 0 0 0 0 0 0 0 0 0 0 0 0 0 0 0 0 0 0 0 0 0 0 0 0 0 0 0 0 0 0 0 0 0 0 0 0 0 0 0 0 0 0 0 0 0 0 0 0 0 0 0 0 0 0 0 0 0 0 0 0 0 0 0 0 0 0 0 0 0 0 0 0 0 0 0 0 0 0 0 0 0 0 0 0 0 0 0 0 0 0 0 0 0 0 0 0 0 0 0 0 0 0 0 0 0 0 0 0 0 0 0 0 0 0 0 0 0 0 0 0 0 0 0 0 0 0 0 0 0 0 0 0 0 0 0 0 0 0 0 0 0 0 0 0 0 0 0 0 0 0 0 0 0 0 0 0 0 0 0 0 0 0 0 0 0 0 0 0 0 0 0 0 0 0 0 0 0 0 0 0 0 0 0 0 0 0 0 0 0 0 0 0 0 0 0 0 0 0 0 0 0 0 0 0 0 0 0 0 0 0 0 0 0 0 0 0 0 0 0 0 0 0 0 0 0 0 0 0 0 0 0 0 0 0 0 0 0 0 0 0 0 0 0 0 0 0 0 0 0 0 0 0 0 0 0 0 0 0 0 0 0 0 0 0 0 0 0 0 0 0 0 0 0 0 0 0 0 0 0 0 0 0 0 0 0 0 0 0 0 0 0 0 0 0 0 0 0 0 0 0 0 0 0 0 0 0 0 0 0 0 0 0 0 0 0 0 0 0 0 0 0 0 0 0 0 0 0 0 0 0 0 0 0 0 0 0 0 0 0 0 0 0 0 0 0 0 0 0 0 0 0 0 0 0 0 0 0 0 0 0 0 0 0 0 0 0 0 0 0 0 0 0 0 0 0 0 0 0 0 0 0 0 0 0 0 0 0 0 0 0 0 0 0 0 0 0 0 0 0 0 0 0 0 0 0 0 0 0 0 0 0 0 0 0 0 0 0 0 0 0 0 0 0 0 0 0 0 0 0 0 0 0 0 0 0 0 0 0 0 0 0 0 0 0 0 0 0 0 0 0 0 0 0 0 0 0 0 0 0 0 0 0 0 0 0 0 0 0 0 0 0 0 0 0 0 0 0 0 0 0 0 0 0 0 0 0 0 0 0 0 0 0 0 0 0 0 0 0 0 0 0 0 0 0 0 0 0 0 0 0 0 0 0 0 0 0 0 0 0 0 0 0 0 0 0 0 0 0 0 0 0 0 0
ctxt 3867893491
btime 1783935075
processes 5443830
procs_running 1
procs_blocked 0
softirq 2899409219 204 324959302 1706703 918735508 33214 0 7719088 927419025 399464 718436711

/proc/meminfo
MemTotal:       32273192 kB
MemFree:         1654660 kB
MemAvailable:   23095208 kB
Buffers:               0 kB
Cached:         20929940 kB
SwapCached:        15524 kB
Active:         15769000 kB
Inactive:       12505460 kB
Active(anon):    6839524 kB
Inactive(anon):   552376 kB
Active(file):    8929476 kB
Inactive(file): 11953084 kB
Unevictable:           0 kB
Mlocked:               0 kB
SwapTotal:      67108860 kB
SwapFree:       63106556 kB
Zswap:                 0 kB
Zswapped:              0 kB
Dirty:               200 kB
Writeback:             0 kB
AnonPages:       7316652 kB
Mapped:           282048 kB
Shmem:             47772 kB
KReclaimable:    1027208 kB
Slab:            1465276 kB
SReclaimable:    1027208 kB
SUnreclaim:       438068 kB
KernelStack:       34096 kB
PageTables:        44820 kB
SecPageTables:      4112 kB
NFS_Unstable:          0 kB
Bounce:                0 kB
WritebackTmp:          0 kB
CommitLimit:    83245456 kB
Committed_AS:   17746568 kB
VmallocTotal:   34359738367 kB
VmallocUsed:      229724 kB
VmallocChunk:          0 kB
Percpu:            21216 kB
HardwareCorrupted:     0 kB
AnonHugePages:   1112064 kB
ShmemHugePages:        0 kB
ShmemPmdMapped:        0 kB
FileHugePages:         0 kB
FilePmdMapped:         0 kB
CmaTotal:              0 kB
CmaFree:               0 kB
Unaccepted:            0 kB
HugePages_Total:       0
HugePages_Free:        0
HugePages_Rsvd:        0
HugePages_Surp:        0
Hugepagesize:       2048 kB
Hugetlb:               0 kB
DirectMap4k:      389980 kB
DirectMap2M:     5574656 kB
DirectMap1G:    27262976 kB

