/proc/loadavg
2.11 1.95 1.58 1/2105 20

/proc/stat
cpu  119401127 86936 3735914 11900754759 195227796 904081 1420415 0 0 0
cpu0 41249385 53 88466 463359702 4315025 72716 145610 0 0 0
cpu1 7245888 38258 741279 474593914 26150507 117359 156570 0 0 0
cpu2 5439906 307 162564 489773805 13793964 40588 27877 0 0 0
cpu3 4746866 101 89202 495256009 9121304 26288 15397 0 0 0
cpu4 5152401 1389 235876 486638154 17044894 52269 45786 0 0 0
cpu5 5088156 58 87954 495428671 8600207 28753 15169 0 0 0
cpu6 4939954 76 63767 499371428 4842714 23692 24423 0 0 0
cpu7 10433949 22861 650023 474580879 23278001 105302 72586 0 0 0
cpu8 5086553 126 114746 493703885 10261049 38502 36712 0 0 0
cpu9 4984374 60 69495 499064200 5102147 24474 17781 0 0 0
cpu10 4966707 42 65275 500668677 3473285 24565 70932 0 0 0
cpu11 4717426 575 200512 491992456 12118537 56727 98102 0 0 0
cpu12 1716466 39 47569 502936181 4532966 14377 19611 0 0 0
cpu13 2179579 11035 350400 498777166 7824735 33665 22545 0 0 0
cpu14 804823 232 54087 503136225 5226357 14003 13013 0 0 0
cpu15 1037713 59 44992 503878058 4299939 9990 7502 0 0 0
cpu16 1058058 291 53414 504630316 3516668 10303 6136 0 0 0
cpu17 677387 106 57224 504960953 3356294 43822 157914 0 0 0
cpu18 803890 52 59410 504673234 3609267 22983 99786 0 0 0
cpu19 3477181 10449 255247 497208901 8152406 48232 39762 0 0 0
cpu20 711856 204 54919 503398859 4942721 34276 57149 0 0 0
cpu21 757459 140 76500 503839858 4271985 40616 255814 0 0 0
cpu22 748509 73 58821 504960124 3489563 9655 8239 0 0 0
cpu23 1376628 340 54162 503923092 3903248 10911 5989 0 0 0
intr 3817231210 22 0 0 0 0 0 0 0 0 0 0 0 0 0 0 0 8 0 0 0 0 0 0 0 0 0 0 0 1 0 1 1 1 1 0 0 0 0 37 0 0 0 0 0 0 0 0 0 0 0 0 0 0 0 0 0 0 0 0 0 0 0 0 0 2953 1 170678754 161737562 166801247 394012412 95183 763667 144681 105967 227177 183215 85721 592419 124924 90500 70990 165727 77129 286653 93979 81287 104917 73683 74661 600060 173450 100616 70942 80878 30004 0 0 0 0 0 0 2 0 2 2 2 2 2 2 35 2 207 2 0 0 0 0 0 0 0 0 0 0 0 0 0 0 0 0 0 0 0 0 0 0 0 0 0 0 0 0 0 0 0 0 0 0 0 0 0 0 0 0 0 0 0 0 0 0 0 0 0 0 0 0 0 0 0 0 0 0 0 0 0 0 0 0 0 0 0 0 0 0 0 0 0 0 0 0 0 0 0 0 0 0 0 0 0 0 0 0 0 0 0 0 0 0 0 0 0 0 0 0 0 0 0 0 0 0 0 0 0 0 0 0 0 0 0 0 0 0 0 0 0 0 0 0 0 0 0 0 0 0 0 0 0 0 0 0 0 0 0 0 0 0 0 0 0 0 0 0 0 0 0 0 0 0 0 0 0 0 0 0 0 0 0 0 0 0 0 0 0 0 0 0 0 0 0 0 0 0 0 0 0 0 0 0 0 0 0 0 0 0 0 0 0 0 0 0 0 0 0 0 0 0 0 0 0 0 0 0 0 0 0 0 0 0 0 0 0 0 0 0 0 0 0 0 0 0 0 0 0 0 0 0 0 0 0 0 0 0 0 0 0 0 0 0 0 0 0 0 0 0 0 0 0 0 0 0 0 0 0 0 0 0 0 0 0 0 0 0 0 0 0 0 0 0 0 0 0 0 0 0 0 0 0 0 0 0 0 0 0 0 0 0 0 0 0 0 0 0 0 0 0 0 0 0 0 0 0 0 0 0 0 0 0 0 0 0 0 0 0 0 0 0 0 0 0 0 0 0 0 0 0 0 0 0 0 0 0 0 0 0 0 0 0 0 0 0 0 0 0 0 0 0 0 0 0 0 0 0 0 0 0 0 0 0 0 0 0 0 0 0 0 0 0 0 0 0 0 0 0 0 0 0 0 0 0 0 0 0 0 0 0 0 0 0 0 0 0 0 0 0 0 0 0 0 0 0 0 0 0 0 0 0 0 0 0 0 0 0 0 0 0 0 0 0 0 0 0 0 0 0 0 0 0 0 0 0 0 0 0 0 0 0 0 0 0 0 0 0 0 0 0 0 0 0 0 0 0 0 0 0 0 0 0 0 0 0 0 0 0 0 0 0 0 0 0 0 0 0 0 0 0 0 0 0 0 0 0 0 0 0 0 0 0 0 0 0 0 0 0 0 0 0 0 0 0 0 0 0 0 0 0 0 0 0 0 0 0 0 0 0 0 0 0 0 0 0 0 0 0 0 0 0 0 0 0 0 0 0 0 0 0 0 0 0 0 0 0 0 0 0 0 0 0 0 0 0 0 0 0 0 0 0 0 0 0 0 0 0 0 0 0 0 0 0 0 0 0 0 0 0 0 0 0 0 0 0 0 0 0 0 0 0 0 0 0 0 0 0 0 0 0 0 0 0 0 0 0 0 0 0 0 0 0 0 0 0 0 0 0 0 0 0 0 0 0 0 0 0 0 0 0 0 0 0 0 0 0 0 0 0 0 0 0 0 0 0 0 0 0 0 0 0 0 0 0 0 0 0 0 0 0 0 0 0 0 0 0 0 0 0 0 0 0 0 0 0 0 0 0 0 0 0 0 0 0 0 0 0 0 0 0 0 0 0 0 0 0 0 0 0 0 0 0 0 0 0 0 0 0 0 0 0 0 0 0 0 0 0 0 0 0 0 0 0 0 0 0 0 0 0 0 0 0 0 0 0 0 0 0 0 0 0 0 0 0 0 0 0 0 0 0 0 0 0 0 0 0 0 0 0 0 0 0 0 0 0 0 0 0 0 0 0 0 0 0 0 0 0 0 0 0 0 0 0 0 0 0 0 0 0 0 0 0 0 0 0 0 0 0 0 0 0 0 0 0 0 0 0 0 0 0 0 0 0 0 0 0 0 0 0 0 0 0 0 0 0 0 0 0 0 0 0 0 0 0 0 0 0 0 0 0 0 0 0 0 0 0 0 0 0 0 0 0 0 0 0 0 0 0 0 0 0 0 0 0 0 0 0 0 0 0 0 0 0 0 0 0 0 0 0 0 0 0 0 0 0 0 0 0 0 0 0 0 0 0 0 0 0 0 0 0 0 0 0 0 0 0 0 0 0 0 0 0 0 0 0 0 0 0 0 0 0 0 0 0 0 0 0 0 0 0 0 0 0 0 0 0 0 0 0 0 0 0 0 0 0 0 0 0 0 0 0 0 0 0 0 0 0 0 0 0 0 0 0 0 0 0 0 0 0 0 0 0 0 0 0 0 0 0 0 0 0 0 0 0 0 0 0 0 0 0 0 0 0 0 0 0 0 0 0 0 0 0 0 0 0 0 0 0 0 0 0 0 0 0 0 0 0 0 0 0 0 0 0 0 0 0 0 0 0 0 0 0 0 0 0 0 0 0 0 0 0 0 0 0 0 0
ctxt 3867636274
btime 1783935075
processes 5443658
procs_running 1
procs_blocked 0
softirq 2899182557 204 324944526 1706268 918717948 33214 0 7718741 927261593 399464 718400599

/proc/meminfo
MemTotal:       32273192 kB
MemFree:         1691904 kB
MemAvailable:   23106808 kB
Buffers:               0 kB
Cached:         20904260 kB
SwapCached:        15524 kB
Active:         15770848 kB
Inactive:       12479784 kB
Active(anon):    6841340 kB
Inactive(anon):   552376 kB
Active(file):    8929508 kB
Inactive(file): 11927408 kB
Unevictable:           0 kB
Mlocked:               0 kB
SwapTotal:      67108860 kB
SwapFree:       63106556 kB
Zswap:                 0 kB
Zswapped:              0 kB
Dirty:                12 kB
Writeback:             0 kB
AnonPages:       7318504 kB
Mapped:           281956 kB
Shmem:             47772 kB
KReclaimable:    1027208 kB
Slab:            1465264 kB
SReclaimable:    1027208 kB
SUnreclaim:       438056 kB
KernelStack:       34064 kB
PageTables:        44832 kB
SecPageTables:      4112 kB
NFS_Unstable:          0 kB
Bounce:                0 kB
WritebackTmp:          0 kB
CommitLimit:    83245456 kB
Committed_AS:   17733352 kB
VmallocTotal:   34359738367 kB
VmallocUsed:      229724 kB
VmallocChunk:          0 kB
Percpu:            21216 kB
HardwareCorrupted:     0 kB
AnonHugePages:   1112064 kB
ShmemHugePages:        0 kB
ShmemPmdMapped:        0 kB
FileHugePages:         0 kB
FilePmdMapped:         0 kB
CmaTotal:              0 kB
CmaFree:               0 kB
Unaccepted:            0 kB
HugePages_Total:       0
HugePages_Free:        0
HugePages_Rsvd:        0
HugePages_Surp:        0
Hugepagesize:       2048 kB
Hugetlb:               0 kB
DirectMap4k:      389980 kB
DirectMap2M:     5574656 kB
DirectMap1G:    27262976 kB

