/proc/loadavg
2.00 2.00 1.73 1/2104 29

/proc/stat
cpu  119434607 86936 3736329 11901523755 195228154 904184 1420563 0 0 0
cpu0 41250803 53 88633 463391351 4315124 72724 145722 0 0 0
cpu1 7245925 38258 741297 474627277 26150554 117363 156577 0 0 0
cpu2 5471417 307 162564 489775712 13793964 40654 27878 0 0 0
cpu3 4746885 101 89214 495289429 9121329 26290 15397 0 0 0
cpu4 5152443 1389 235898 486671544 17044913 52271 45788 0 0 0
cpu5 5088168 58 87962 495462121 8600215 28755 15170 0 0 0
cpu6 4939957 76 63770 499404901 4842717 23693 24423 0 0 0
cpu7 10434043 22861 650043 474614237 23278004 105304 72588 0 0 0
cpu8 5086559 126 114755 493737342 10261056 38503 36712 0 0 0
cpu9 4984388 60 69498 499097652 5102160 24474 17781 0 0 0
cpu10 4966713 42 65280 500702139 3473294 24565 70932 0 0 0
cpu11 4717449 575 200522 492025851 12118586 56728 98104 0 0 0
cpu12 1716473 39 47573 502969639 4532980 14377 19611 0 0 0
cpu13 2179650 11035 350437 498810514 7824752 33668 22546 0 0 0
cpu14 804824 232 54088 503169704 5226357 14003 13014 0 0 0
cpu15 1037745 59 45005 503911480 4299949 9991 7503 0 0 0
cpu16 1058083 291 53427 504663756 3516671 10305 6136 0 0 0
cpu17 677408 106 57233 504994389 3356301 43825 157919 0 0 0
cpu18 803898 52 59417 504706700 3609269 22984 99786 0 0 0
cpu19 3477258 10449 255273 497242271 8152406 48234 39763 0 0 0
cpu20 711887 204 54927 503432282 4942735 34277 57150 0 0 0
cpu21 757465 140 76506 503873314 4271989 40617 255823 0 0 0
cpu22 748520 73 58827 504993586 3489567 9655 8239 0 0 0
cpu23 1376637 340 54167 503956553 3903253 10912 5990 0 0 0
intr 3817895358 22 0 0 0 0 0 0 0 0 0 0 0 0 0 0 0 8 0 0 0 0 0 0 0 0 0 0 0 1 0 1 1 1 1 0 0 0 0 37 0 0 0 0 0 0 0 0 0 0 0 0 0 0 0 0 0 0 0 0 0 0 0 0 0 2953 1 170690994 161739513 166805255 394023495 95185 763667 144681 105967 227235 183237 85761 592423 124954 90501 70991 165727 77129 286653 93982 81287 104917 73685 74662 600082 173460 100616 70959 80880 30004 0 0 0 0 0 0 2 0 2 2 2 2 2 2 35 2 207 2 0 0 0 0 0 0 0 0 0 0 0 0 0 0 0 0 0 0 0 0 0 0 0 0 0 0 0 0 0 0 0 0 0 0 0 0 0 0 0 0 0 0 0 0 0 0 0 0 0 0 0 0 0 0 0 0 0 0 0 0 0 0 0 0 0 0 0 0 0 0 0 0 0 0 0 0 0 0 0 0 0 0 0 0 0 0 0 0 0 0 0 0 0 0 0 0 0 0 0 0 0 0 0 0 0 0 0 0 0 0 0 0 0 0 0 0 0 0 0 0 0 0 0 0 0 0 0 0 0 0 0 0 0 0 0 0 0 0 0 0 0 0 0 0 0 0 0 0 0 0 0 0 0 0 0 0 0 0 0 0 0 0 0 0 0 0 0 0 0 0 0 0 0 0 0 0 0 0 0 0 0 0 0 0 0 0 0 0 0 0 0 0 0 0 0 0 0 0 0 0 0 0 0 0 0 0 0 0 0 0 0 0 0 0 0 0 0 0 0 0 0 0 0 0 0 0 0 0 0 0 0 0 0 0 0 0 0 0 0 0 0 0 0 0 0 0 0 0 0 0 0 0 0 0 0 0 0 0 0 0 0 0 0 0 0 0 0 0 0 0 0 0 0 0 0 0 0 0 0 0 0 0 0 0 0 0 0 0 0 0 0 0 0 0 0 0 0 0 0 0 0 0 0 0 0 0 0 0 0 0 0 0 0 0 0 0 0 0 0 0 0 0 0 0 0 0 0 0 0 0 0 0 0 0 0 0 0 0 0 0 0 0 0 0 0 0 0 0 0 0 0 0 0 0 0 0 0 0 0 0 0 0 0 0 0 0 0 0 0 0 0 0 0 0 0 0 0 0 0 0 0 0 0 0 0 0 0 0 0 0 0 0 0 0 0 0 0 0 0 0 0 0 0 0 0 0 0 0 0 0 0 0 0 0 0 0 0 0 0 0 0 0 0 0 0 0 0 0 0 0 0 0 0 0 0 0 0 0 0 0 0 0 0 0 0 0 0 0 0 0 0 0 0 0 0 0 0 0 0 0 0 0 0 0 0 0 0 0 0 0 0 0 0 0 0 0 0 0 0 0 0 0 0 0 0 0 0 0 0 0 0 0 0 0 0 0 0 0 0 0 0 0 0 0 0 0 0 0 0 0 0 0 0 0 0 0 0 0 0 0 0 0 0 0 0 0 0 0 0 0 0 0 0 0 0 0 0 0 0 0 0 0 0 0 0 0 0 0 0 0 0 0 0 0 0 0 0 0 0 0 0 0 0 0 0 0 0 0 0 0 0 0 0 0 0 0 0 0 0 0 0 0 0 0 0 0 0 0 0 0 0 0 0 0 0 0 0 0 0 0 0 0 0 0 0 0 0 0 0 0 0 0 0 0 0 0 0 0 0 0 0 0 0 0 0 0 0 0 0 0 0 0 0 0 0 0 0 0 0 0 0 0 0 0 0 0 0 0 0 0 0 0 0 0 0 0 0 0 0 0 0 0 0 0 0 0 0 0 0 0 0 0 0 0 0 0 0 0 0 0 0 0 0 0 0 0 0 0 0 0 0 0 0 0 0 0 0 0 0 0 0 0 0 0 0 0 0 0 0 0 0 0 0 0 0 0 0 0 0 0 0 0 0 0 0 0 0 0 0 0 0 0 0 0 0 0 0 0 0 0 0 0 0 0 0 0 0 0 0 0 0 0 0 0 0 0 0 0 0 0 0 0 0 0 0 0 0 0 0 0 0 0 0 0 0 0 0 0 0 0 0 0 0 0 0 0 0 0 0 0 0 0 0 0 0 0 0 0 0 0 0 0 0 0 0 0 0 0 0 0 0 0 0 0 0 0 0 0 0 0 0 0 0 0 0 0 0 0 0 0 0 0 0 0 0 0 0 0 0 0 0 0 0 0 0 0 0 0 0 0 0 0 0 0 0 0 0 0 0 0 0 0 0 0 0 0 0 0 0 0 0 0 0 0 0 0 0 0 0 0 0 0 0 0 0 0 0 0 0 0 0 0 0 0 0 0 0 0 0 0 0 0 0 0 0 0 0 0 0 0 0 0 0 0 0 0 0 0 0 0 0 0 0 0 0 0 0 0 0 0 0 0 0 0 0 0 0 0 0 0 0 0 0 0 0 0 0 0 0 0 0 0 0 0 0 0 0 0 0 0 0 0 0 0 0 0 0 0 0 0 0 0 0 0 0 0 0 0 0 0 0 0 0 0 0 0 0 0 0 0 0 0 0 0 0 0 0 0 0 0 0 0 0 0 0 0 0 0 0 0 0 0 0 0 0 0 0 0 0 0 0 0 0 0 0 0 0 0 0 0 0 0 0 0 0 0 0 0 0 0 0 0 0 0 0 0 0
ctxt 3868199469
btime 1783935075
processes 5443970
procs_running 1
procs_blocked 0
softirq 2899581348 204 324969783 1707015 918748413 33214 0 7719589 927541378 399464 718462288

/proc/meminfo
MemTotal:       32273192 kB
MemFree:         1652964 kB
MemAvailable:   23106116 kB
Buffers:               0 kB
Cached:         20942564 kB
SwapCached:        15524 kB
Active:         15774916 kB
Inactive:       12518064 kB
Active(anon):    6845408 kB
Inactive(anon):   552376 kB
Active(file):    8929508 kB
Inactive(file): 11965688 kB
Unevictable:           0 kB
Mlocked:               0 kB
SwapTotal:      67108860 kB
SwapFree:       63106556 kB
Zswap:                 0 kB
Zswapped:              0 kB
Dirty:                40 kB
Writeback:             0 kB
AnonPages:       7322496 kB
Mapped:           282456 kB
Shmem:             47792 kB
KReclaimable:    1027176 kB
Slab:            1465108 kB
SReclaimable:    1027176 kB
SUnreclaim:       437932 kB
KernelStack:       34048 kB
PageTables:        45004 kB
SecPageTables:      4112 kB
NFS_Unstable:          0 kB
Bounce:                0 kB
WritebackTmp:          0 kB
CommitLimit:    83245456 kB
Committed_AS:   17761388 kB
VmallocTotal:   34359738367 kB
VmallocUsed:      229760 kB
VmallocChunk:          0 kB
Percpu:            21216 kB
HardwareCorrupted:     0 kB
AnonHugePages:   1112064 kB
ShmemHugePages:        0 kB
ShmemPmdMapped:        0 kB
FileHugePages:         0 kB
FilePmdMapped:         0 kB
CmaTotal:              0 kB
CmaFree:               0 kB
Unaccepted:            0 kB
HugePages_Total:       0
HugePages_Free:        0
HugePages_Rsvd:        0
HugePages_Surp:        0
Hugepagesize:       2048 kB
Hugetlb:               0 kB
DirectMap4k:      389980 kB
DirectMap2M:     5574656 kB
DirectMap1G:    27262976 kB

