/proc/loadavg
2.01 1.73 1.41 2/2104 12

/proc/stat
cpu  119375658 86936 3735616 11900172605 195227533 904007 1420296 0 0 0
cpu0 41248271 53 88328 463335764 4314975 72710 145528 0 0 0
cpu1 7245856 38258 741267 474568647 26150477 117358 156564 0 0 0
cpu2 5415969 307 162564 489772440 13793964 40539 27876 0 0 0
cpu3 4746857 101 89198 495230689 9121288 26287 15396 0 0 0
cpu4 5152360 1389 235865 486612888 17044865 52268 45784 0 0 0
cpu5 5088147 58 87950 495403339 8600201 28753 15169 0 0 0
cpu6 4939945 76 63764 499346091 4842713 23692 24423 0 0 0
cpu7 10433931 22861 650012 474555569 23277991 105301 72585 0 0 0
cpu8 5086540 126 114728 493678571 10261046 38501 36711 0 0 0
cpu9 4984366 60 69488 499038871 5102140 24474 17781 0 0 0
cpu10 4966693 42 65267 500643356 3473278 24564 70931 0 0 0
cpu11 4717387 575 200497 491967229 12118475 56725 98099 0 0 0
cpu12 1716454 39 47565 502910848 4532964 14376 19611 0 0 0
cpu13 2179550 11035 350384 498751874 7824726 33664 22545 0 0 0
cpu14 804822 232 54087 503110876 5226357 14003 13013 0 0 0
cpu15 1037695 59 44987 503852735 4299938 9989 7502 0 0 0
cpu16 1057996 291 53404 504605044 3516666 10303 6135 0 0 0
cpu17 677369 106 57218 504935638 3356289 43821 157910 0 0 0
cpu18 803881 52 59404 504647907 3609260 22982 99785 0 0 0
cpu19 3477118 10449 255239 497183626 8152403 48231 39761 0 0 0
cpu20 711852 204 54916 503373528 4942711 34274 57148 0 0 0
cpu21 757455 140 76494 503814535 4271985 40615 255800 0 0 0
cpu22 748507 73 58818 504934782 3489561 9655 8238 0 0 0
cpu23 1376624 340 54160 503897747 3903248 10911 5989 0 0 0
intr 3816789737 22 0 0 0 0 0 0 0 0 0 0 0 0 0 0 0 8 0 0 0 0 0 0 0 0 0 0 0 1 0 1 1 1 1 0 0 0 0 37 0 0 0 0 0 0 0 0 0 0 0 0 0 0 0 0 0 0 0 0 0 0 0 0 0 2953 1 170674718 161725556 166789220 394000913 95182 763667 144681 105967 227138 183197 85698 592418 124923 90500 70987 165727 77129 286653 93979 81287 104915 73683 74654 600031 173443 100612 70927 80878 30004 0 0 0 0 0 0 2 0 2 2 2 2 2 2 35 2 207 2 0 0 0 0 0 0 0 0 0 0 0 0 0 0 0 0 0 0 0 0 0 0 0 0 0 0 0 0 0 0 0 0 0 0 0 0 0 0 0 0 0 0 0 0 0 0 0 0 0 0 0 0 0 0 0 0 0 0 0 0 0 0 0 0 0 0 0 0 0 0 0 0 0 0 0 0 0 0 0 0 0 0 0 0 0 0 0 0 0 0 0 0 0 0 0 0 0 0 0 0 0 0 0 0 0 0 0 0 0 0 0 0 0 0 0 0 0 0 0 0 0 0 0 0 0 0 0 0 0 0 0 0 0 0 0 0 0 0 0 0 0 0 0 0 0 0 0 0 0 0 0 0 0 0 0 0 0 0 0 0 0 0 0 0 0 0 0 0 0 0 0 0 0 0 0 0 0 0 0 0 0 0 0 0 0 0 0 0 0 0 0 0 0 0 0 0 0 0 0 0 0 0 0 0 0 0 0 0 0 0 0 0 0 0 0 0 0 0 0 0 0 0 0 0 0 0 0 0 0 0 0 0 0 0 0 0 0 0 0 0 0 0 0 0 0 0 0 0 0 0 0 0 0 0 0 0 0 0 0 0 0 0 0 0 0 0 0 0 0 0 0 0 0 0 0 0 0 0 0 0 0 0 0 0 0 0 0 0 0 0 0 0 0 0 0 0 0 0 0 0 0 0 0 0 0 0 0 0 0 0 0 0 0 0 0 0 0 0 0 0 0 0 0 0 0 0 0 0 0 0 0 0 0 0 0 0 0 0 0 0 0 0 0 0 0 0 0 0 0 0 0 0 0 0 0 0 0 0 0 0 0 0 0 0 0 0 0 0 0 0 0 0 0 0 0 0 0 0 0 0 0 0 0 0 0 0 0 0 0 0 0 0 0 0 0 0 0 0 0 0 0 0 0 0 0 0 0 0 0 0 0 0 0 0 0 0 0 0 0 0 0 0 0 0 0 0 0 0 0 0 0 0 0 0 0 0 0 0 0 0 0 0 0 0 0 0 0 0 0 0 0 0 0 0 0 0 0 0 0 0 0 0 0 0 0 0 0 0 0 0 0 0 0 0 0 0 0 0 0 0 0 0 0 0 0 0 0 0 0 0 0 0 0 0 0 0 0 0 0 0 0 0 0 0 0 0 0 0 0 0 0 0 0 0 0 0 0 0 0 0 0 0 0 0 0 0 0 0 0 0 0 0 0 0 0 0 0 0 0 0 0 0 0 0 0 0 0 0 0 0 0 0 0 0 0 0 0 0 0 0 0 0 0 0 0 0 0 0 0 0 0 0 0 0 0 0 0 0 0 0 0 0 0 0 0 0 0 0 0 0 0 0 0 0 0 0 0 0 0 0 0 0 0 0 0 0 0 0 0 0 0 0 0 0 0 0 0 0 0 0 0 0 0 0 0 0 0 0 0 0 0 0 0 0 0 0 0 0 0 0 0 0 0 0 0 0 0 0 0 0 0 0 0 0 0 0 0 0 0 0 0 0 0 0 0 0 0 0 0 0 0 0 0 0 0 0 0 0 0 0 0 0 0 0 0 0 0 0 0 0 0 0 0 0 0 0 0 0 0 0 0 0 0 0 0 0 0 0 0 0 0 0 0 0 0 0 0 0 0 0 0 0 0 0 0 0 0 0 0 0 0 0 0 0 0 0 0 0 0 0 0 0 0 0 0 0 0 0 0 0 0 0 0 0 0 0 0 0 0 0 0 0 0 0 0 0 0 0 0 0 0 0 0 0 0 0 0 0 0 0 0 0 0 0 0 0 0 0 0 0 0 0 0 0 0 0 0 0 0 0 0 0 0 0 0 0 0 0 0 0 0 0 0 0 0 0 0 0 0 0 0 0 0 0 0 0 0 0 0 0 0 0 0 0 0 0 0 0 0 0 0 0 0 0 0 0 0 0 0 0 0 0 0 0 0 0 0 0 0 0 0 0 0 0 0 0 0 0 0 0 0 0 0 0 0 0 0 0 0 0 0 0 0 0 0 0 0 0 0 0 0 0 0 0 0 0 0 0 0 0 0 0 0 0 0 0 0 0 0 0 0 0 0 0 0 0 0 0 0 0 0 0 0 0 0 0 0 0 0 0 0 0 0 0 0 0 0 0 0 0 0 0 0 0 0 0 0 0 0 0 0 0 0 0 0 0 0 0 0 0 0 0 0 0 0 0 0 0 0 0 0 0 0 0 0 0 0 0 0 0 0 0 0 0 0 0 0 0 0 0 0 0 0 0 0 0 0 0 0 0 0 0 0 0 0 0 0 0 0 0 0 0 0 0 0 0 0 0 0 0 0 0 0 0 0 0 0 0 0 0 0 0 0 0 0 0 0 0 0 0 0 0 0 0 0 0 0
ctxt 3867293183
btime 1783935075
processes 5443388
procs_running 3
procs_blocked 0
softirq 2898864995 204 324925725 1705545 918677543 33214 0 7718093 927048416 399464 718356791

/proc/meminfo
MemTotal:       32273192 kB
MemFree:         1727884 kB
MemAvailable:   23110356 kB
Buffers:               0 kB
Cached:         20871848 kB
SwapCached:        15524 kB
Active:         15770416 kB
Inactive:       12447368 kB
Active(anon):    6840936 kB
Inactive(anon):   552380 kB
Active(file):    8929480 kB
Inactive(file): 11894988 kB
Unevictable:           0 kB
Mlocked:               0 kB
SwapTotal:      67108860 kB
SwapFree:       63106556 kB
Zswap:                 0 kB
Zswapped:              0 kB
Dirty:                32 kB
Writeback:           220 kB
AnonPages:       7318584 kB
Mapped:           281800 kB
Shmem:             47772 kB
KReclaimable:    1027224 kB
Slab:            1465424 kB
SReclaimable:    1027224 kB
SUnreclaim:       438200 kB
KernelStack:       34048 kB
PageTables:        44956 kB
SecPageTables:      4112 kB
NFS_Unstable:          0 kB
Bounce:                0 kB
WritebackTmp:          0 kB
CommitLimit:    83245456 kB
Committed_AS:   17731980 kB
VmallocTotal:   34359738367 kB
VmallocUsed:      229788 kB
VmallocChunk:          0 kB
Percpu:            21216 kB
HardwareCorrupted:     0 kB
AnonHugePages:   1112064 kB
ShmemHugePages:        0 kB
ShmemPmdMapped:        0 kB
FileHugePages:         0 kB
FilePmdMapped:         0 kB
CmaTotal:              0 kB
CmaFree:               0 kB
Unaccepted:            0 kB
HugePages_Total:       0
HugePages_Free:        0
HugePages_Rsvd:        0
HugePages_Surp:        0
Hugepagesize:       2048 kB
Hugetlb:               0 kB
DirectMap4k:      389980 kB
DirectMap2M:     5574656 kB
DirectMap1G:    27262976 kB

