/proc/loadavg
2.00 2.00 1.75 2/2106 31

/proc/stat
cpu  119440564 86936 3736411 11901660520 195228210 904201 1420591 0 0 0
cpu0 41251120 53 88677 463396905 4315140 72725 145741 0 0 0
cpu1 7245931 38258 741302 474633216 26150556 117364 156579 0 0 0
cpu2 5476970 307 162565 489776102 13793964 40665 27879 0 0 0
cpu3 4746888 101 89216 495295369 9121339 26290 15397 0 0 0
cpu4 5152448 1389 235901 486677487 17044915 52272 45788 0 0 0
cpu5 5088171 58 87964 495468069 8600215 28756 15170 0 0 0
cpu6 4939961 76 63771 499410849 4842717 23693 24423 0 0 0
cpu7 10434050 22861 650044 474620184 23278004 105304 72588 0 0 0
cpu8 5086562 126 114757 493743292 10261056 38503 36712 0 0 0
cpu9 4984391 60 69499 499103603 5102160 24475 17781 0 0 0
cpu10 4966714 42 65280 500708087 3473300 24566 70932 0 0 0
cpu11 4717451 575 200523 492031793 12118595 56728 98105 0 0 0
cpu12 1716473 39 47574 502975593 4532980 14377 19611 0 0 0
cpu13 2179653 11035 350443 498816458 7824752 33668 22546 0 0 0
cpu14 804825 232 54088 503175658 5226357 14003 13014 0 0 0
cpu15 1037745 59 45006 503917429 4299954 9991 7503 0 0 0
cpu16 1058107 291 53431 504669682 3516671 10305 6136 0 0 0
cpu17 677411 106 57234 505000338 3356301 43825 157920 0 0 0
cpu18 803899 52 59419 504712652 3609269 22984 99786 0 0 0
cpu19 3477270 10449 255276 497248207 8152408 48234 39763 0 0 0
cpu20 711887 204 54928 503438234 4942735 34277 57150 0 0 0
cpu21 757466 140 76507 503879259 4271990 40618 255827 0 0 0
cpu22 748523 73 58828 504999537 3489567 9656 8239 0 0 0
cpu23 1376638 340 54168 503962505 3903255 10912 5990 0 0 0
intr 3817999295 22 0 0 0 0 0 0 0 0 0 0 0 0 0 0 0 8 0 0 0 0 0 0 0 0 0 0 0 1 0 1 1 1 1 0 0 0 0 37 0 0 0 0 0 0 0 0 0 0 0 0 0 0 0 0 0 0 0 0 0 0 0 0 0 2953 1 170693419 161743892 166805700 394026354 95191 763667 144681 105967 227237 183241 85761 592423 124954 90501 70991 165727 77129 286653 93982 81287 104917 73685 74664 600086 173461 100619 70959 80880 30004 0 0 0 0 0 0 2 0 2 2 2 2 2 2 35 2 207 2 0 0 0 0 0 0 0 0 0 0 0 0 0 0 0 0 0 0 0 0 0 0 0 0 0 0 0 0 0 0 0 0 0 0 0 0 0 0 0 0 0 0 0 0 0 0 0 0 0 0 0 0 0 0 0 0 0 0 0 0 0 0 0 0 0 0 0 0 0 0 0 0 0 0 0 0 0 0 0 0 0 0 0 0 0 0 0 0 0 0 0 0 0 0 0 0 0 0 0 0 0 0 0 0 0 0 0 0 0 0 0 0 0 0 0 0 0 0 0 0 0 0 0 0 0 0 0 0 0 0 0 0 0 0 0 0 0 0 0 0 0 0 0 0 0 0 0 0 0 0 0 0 0 0 0 0 0 0 0 0 0 0 0 0 0 0 0 0 0 0 0 0 0 0 0 0 0 0 0 0 0 0 0 0 0 0 0 0 0 0 0 0 0 0 0 0 0 0 0 0 0 0 0 0 0 0 0 0 0 0 0 0 0 0 0 0 0 0 0 0 0 0 0 0 0 0 0 0 0 0 0 0 0 0 0 0 0 0 0 0 0 0 0 0 0 0 0 0 0 0 0 0 0 0 0 0 0 0 0 0 0 0 0 0 0 0 0 0 0 0 0 0 0 0 0 0 0 0 0 0 0 0 0 0 0 0 0 0 0 0 0 0 0 0 0 0 0 0 0 0 0 0 0 0 0 0 0 0 0 0 0 0 0 0 0 0 0 0 0 0 0 0 0 0 0 0 0 0 0 0 0 0 0 0 0 0 0 0 0 0 0 0 0 0 0 0 0 0 0 0 0 0 0 0 0 0 0 0 0 0 0 0 0 0 0 0 0 0 0 0 0 0 0 0 0 0 0 0 0 0 0 0 0 0 0 0 0 0 0 0 0 0 0 0 0 0 0 0 0 0 0 0 0 0 0 0 0 0 0 0 0 0 0 0 0 0 0 0 0 0 0 0 0 0 0 0 0 0 0 0 0 0 0 0 0 0 0 0 0 0 0 0 0 0 0 0 0 0 0 0 0 0 0 0 0 0 0 0 0 0 0 0 0 0 0 0 0 0 0 0 0 0 0 0 0 0 0 0 0 0 0 0 0 0 0 0 0 0 0 0 0 0 0 0 0 0 0 0 0 0 0 0 0 0 0 0 0 0 0 0 0 0 0 0 0 0 0 0 0 0 0 0 0 0 0 0 0 0 0 0 0 0 0 0 0 0 0 0 0 0 0 0 0 0 0 0 0 0 0 0 0 0 0 0 0 0 0 0 0 0 0 0 0 0 0 0 0 0 0 0 0 0 0 0 0 0 0 0 0 0 0 0 0 0 0 0 0 0 0 0 0 0 0 0 0 0 0 0 0 0 0 0 0 0 0 0 0 0 0 0 0 0 0 0 0 0 0 0 0 0 0 0 0 0 0 0 0 0 0 0 0 0 0 0 0 0 0 0 0 0 0 0 0 0 0 0 0 0 0 0 0 0 0 0 0 0 0 0 0 0 0 0 0 0 0 0 0 0 0 0 0 0 0 0 0 0 0 0 0 0 0 0 0 0 0 0 0 0 0 0 0 0 0 0 0 0 0 0 0 0 0 0 0 0 0 0 0 0 0 0 0 0 0 0 0 0 0 0 0 0 0 0 0 0 0 0 0 0 0 0 0 0 0 0 0 0 0 0 0 0 0 0 0 0 0 0 0 0 0 0 0 0 0 0 0 0 0 0 0 0 0 0 0 0 0 0 0 0 0 0 0 0 0 0 0 0 0 0 0 0 0 0 0 0 0 0 0 0 0 0 0 0 0 0 0 0 0 0 0 0 0 0 0 0 0 0 0 0 0 0 0 0 0 0 0 0 0 0 0 0 0 0 0 0 0 0 0 0 0 0 0 0 0 0 0 0 0 0 0 0 0 0 0 0 0 0 0 0 0 0 0 0 0 0 0 0 0 0 0 0 0 0 0 0 0 0 0 0 0 0 0 0 0 0 0 0 0 0 0 0 0 0 0 0 0 0 0 0 0 0 0 0 0 0 0 0 0 0 0 0 0 0 0 0 0 0 0 0 0 0 0 0 0 0 0 0 0 0 0 0 0 0 0 0 0 0 0 0 0 0 0 0 0 0 0 0 0 0 0 0 0 0 0 0 0 0 0 0 0 0 0 0 0 0 0 0 0 0 0 0 0 0 0 0 0 0 0 0 0 0 0 0 0 0 0 0 0 0 0 0 0 0 0 0 0 0 0 0 0 0 0 0 0 0 0 0 0 0 0 0 0 0 0 0 0 0 0 0 0 0 0 0 0 0 0 0 0 0 0 0 0 0 0 0 0 0 0 0 0 0 0 0 0 0 0 0 0 0 0 0 0 0 0 0 0 0 0
ctxt 3868276647
btime 1783935075
processes 5444024
procs_running 2
procs_blocked 0
softirq 2899655331 204 324974192 1707191 918758728 33214 0 7719935 927591193 399464 718471210

/proc/meminfo
MemTotal:       32273192 kB
MemFree:         1636784 kB
MemAvailable:   23098312 kB
Buffers:               0 kB
Cached:         20950956 kB
SwapCached:        15520 kB
Active:         15777896 kB
Inactive:       12526472 kB
Active(anon):    6848420 kB
Inactive(anon):   552376 kB
Active(file):    8929476 kB
Inactive(file): 11974096 kB
Unevictable:           0 kB
Mlocked:               0 kB
SwapTotal:      67108860 kB
SwapFree:       63106556 kB
Zswap:                 0 kB
Zswapped:              0 kB
Dirty:               316 kB
Writeback:             0 kB
AnonPages:       7323548 kB
Mapped:           282792 kB
Shmem:             47772 kB
KReclaimable:    1027176 kB
Slab:            1465068 kB
SReclaimable:    1027176 kB
SUnreclaim:       437892 kB
KernelStack:       34144 kB
PageTables:        45328 kB
SecPageTables:      4112 kB
NFS_Unstable:          0 kB
Bounce:                0 kB
WritebackTmp:          0 kB
CommitLimit:    83245456 kB
Committed_AS:   17782364 kB
VmallocTotal:   34359738367 kB
VmallocUsed:      229776 kB
VmallocChunk:          0 kB
Percpu:            21216 kB
HardwareCorrupted:     0 kB
AnonHugePages:   1103872 kB
ShmemHugePages:        0 kB
ShmemPmdMapped:        0 kB
FileHugePages:         0 kB
FilePmdMapped:         0 kB
CmaTotal:              0 kB
CmaFree:               0 kB
Unaccepted:            0 kB
HugePages_Total:       0
HugePages_Free:        0
HugePages_Rsvd:        0
HugePages_Surp:        0
Hugepagesize:       2048 kB
Hugetlb:               0 kB
DirectMap4k:      389980 kB
DirectMap2M:     5574656 kB
DirectMap1G:    27262976 kB

