/proc/loadavg
2.10 1.95 1.58 1/2105 20

/proc/stat
cpu  119401285 86936 3735933 11900759467 195227803 904081 1420416 0 0 0
cpu0 41249540 53 88483 463359726 4315032 72716 145610 0 0 0
cpu1 7245888 38258 741279 474594117 26150508 117359 156570 0 0 0
cpu2 5439906 307 162564 489774009 13793964 40588 27877 0 0 0
cpu3 4746866 101 89202 495256213 9121304 26288 15397 0 0 0
cpu4 5152401 1389 235876 486638358 17044894 52269 45786 0 0 0
cpu5 5088156 58 87954 495428875 8600207 28753 15169 0 0 0
cpu6 4939954 76 63767 499371632 4842714 23692 24423 0 0 0
cpu7 10433949 22861 650023 474581082 23278001 105302 72586 0 0 0
cpu8 5086553 126 114746 493704088 10261049 38502 36712 0 0 0
cpu9 4984374 60 69495 499064404 5102147 24474 17781 0 0 0
cpu10 4966707 42 65275 500668880 3473285 24565 70932 0 0 0
cpu11 4717427 575 200512 491992659 12118537 56727 98102 0 0 0
cpu12 1716466 39 47569 502936385 4532966 14377 19611 0 0 0
cpu13 2179579 11035 350400 498777370 7824735 33665 22545 0 0 0
cpu14 804823 232 54087 503136429 5226357 14003 13013 0 0 0
cpu15 1037713 59 44992 503878262 4299939 9990 7502 0 0 0
cpu16 1058059 291 53414 504630519 3516668 10303 6136 0 0 0
cpu17 677387 106 57224 504961157 3356294 43822 157914 0 0 0
cpu18 803890 52 59410 504673438 3609267 22983 99786 0 0 0
cpu19 3477181 10449 255247 497209105 8152406 48232 39762 0 0 0
cpu20 711856 204 54919 503399063 4942721 34276 57149 0 0 0
cpu21 757459 140 76500 503840061 4271985 40616 255815 0 0 0
cpu22 748509 73 58821 504960328 3489563 9655 8239 0 0 0
cpu23 1376628 340 54162 503923296 3903248 10911 5989 0 0 0
intr 3817234333 22 0 0 0 0 0 0 0 0 0 0 0 0 0 0 0 8 0 0 0 0 0 0 0 0 0 0 0 1 0 1 1 1 1 0 0 0 0 37 0 0 0 0 0 0 0 0 0 0 0 0 0 0 0 0 0 0 0 0 0 0 0 0 0 2953 1 170678767 161737564 166801498 394012776 95183 763667 144681 105967 227177 183215 85721 592419 124924 90500 70990 165727 77129 286653 93979 81287 104917 73683 74661 600060 173450 100616 70942 80878 30004 0 0 0 0 0 0 2 0 2 2 2 2 2 2 35 2 207 2 0 0 0 0 0 0 0 0 0 0 0 0 0 0 0 0 0 0 0 0 0 0 0 0 0 0 0 0 0 0 0 0 0 0 0 0 0 0 0 0 0 0 0 0 0 0 0 0 0 0 0 0 0 0 0 0 0 0 0 0 0 0 0 0 0 0 0 0 0 0 0 0 0 0 0 0 0 0 0 0 0 0 0 0 0 0 0 0 0 0 0 0 0 0 0 0 0 0 0 0 0 0 0 0 0 0 0 0 0 0 0 0 0 0 0 0 0 0 0 0 0 0 0 0 0 0 0 0 0 0 0 0 0 0 0 0 0 0 0 0 0 0 0 0 0 0 0 0 0 0 0 0 0 0 0 0 0 0 0 0 0 0 0 0 0 0 0 0 0 0 0 0 0 0 0 0 0 0 0 0 0 0 0 0 0 0 0 0 0 0 0 0 0 0 0 0 0 0 0 0 0 0 0 0 0 0 0 0 0 0 0 0 0 0 0 0 0 0 0 0 0 0 0 0 0 0 0 0 0 0 0 0 0 0 0 0 0 0 0 0 0 0 0 0 0 0 0 0 0 0 0 0 0 0 0 0 0 0 0 0 0 0 0 0 0 0 0 0 0 0 0 0 0 0 0 0 0 0 0 0 0 0 0 0 0 0 0 0 0 0 0 0 0 0 0 0 0 0 0 0 0 0 0 0 0 0 0 0 0 0 0 0 0 0 0 0 0 0 0 0 0 0 0 0 0 0 0 0 0 0 0 0 0 0 0 0 0 0 0 0 0 0 0 0 0 0 0 0 0 0 0 0 0 0 0 0 0 0 0 0 0 0 0 0 0 0 0 0 0 0 0 0 0 0 0 0 0 0 0 0 0 0 0 0 0 0 0 0 0 0 0 0 0 0 0 0 0 0 0 0 0 0 0 0 0 0 0 0 0 0 0 0 0 0 0 0 0 0 0 0 0 0 0 0 0 0 0 0 0 0 0 0 0 0 0 0 0 0 0 0 0 0 0 0 0 0 0 0 0 0 0 0 0 0 0 0 0 0 0 0 0 0 0 0 0 0 0 0 0 0 0 0 0 0 0 0 0 0 0 0 0 0 0 0 0 0 0 0 0 0 0 0 0 0 0 0 0 0 0 0 0 0 0 0 0 0 0 0 0 0 0 0 0 0 0 0 0 0 0 0 0 0 0 0 0 0 0 0 0 0 0 0 0 0 0 0 0 0 0 0 0 0 0 0 0 0 0 0 0 0 0 0 0 0 0 0 0 0 0 0 0 0 0 0 0 0 0 0 0 0 0 0 0 0 0 0 0 0 0 0 0 0 0 0 0 0 0 0 0 0 0 0 0 0 0 0 0 0 0 0 0 0 0 0 0 0 0 0 0 0 0 0 0 0 0 0 0 0 0 0 0 0 0 0 0 0 0 0 0 0 0 0 0 0 0 0 0 0 0 0 0 0 0 0 0 0 0 0 0 0 0 0 0 0 0 0 0 0 0 0 0 0 0 0 0 0 0 0 0 0 0 0 0 0 0 0 0 0 0 0 0 0 0 0 0 0 0 0 0 0 0 0 0 0 0 0 0 0 0 0 0 0 0 0 0 0 0 0 0 0 0 0 0 0 0 0 0 0 0 0 0 0 0 0 0 0 0 0 0 0 0 0 0 0 0 0 0 0 0 0 0 0 0 0 0 0 0 0 0 0 0 0 0 0 0 0 0 0 0 0 0 0 0 0 0 0 0 0 0 0 0 0 0 0 0 0 0 0 0 0 0 0 0 0 0 0 0 0 0 0 0 0 0 0 0 0 0 0 0 0 0 0 0 0 0 0 0 0 0 0 0 0 0 0 0 0 0 0 0 0 0 0 0 0 0 0 0 0 0 0 0 0 0 0 0 0 0 0 0 0 0 0 0 0 0 0 0 0 0 0 0 0 0 0 0 0 0 0 0 0 0 0 0 0 0 0 0 0 0 0 0 0 0 0 0 0 0 0 0 0 0 0 0 0 0 0 0 0 0 0 0 0 0 0 0 0 0 0 0 0 0 0 0 0 0 0 0 0 0 0 0 0 0 0 0 0 0 0 0 0 0 0 0 0 0 0 0 0 0 0 0 0 0 0 0 0 0 0 0 0 0 0 0 0 0 0 0 0 0 0 0 0 0 0 0 0 0 0 0 0 0 0 0 0 0 0 0 0 0 0 0 0 0 0 0 0 0 0 0 0 0 0 0 0 0 0 0 0 0 0 0 0 0 0 0 0 0 0 0 0 0 0 0 0 0 0 0 0 0 0 0 0 0 0 0 0 0 0 0 0 0 0 0 0 0 0 0 0 0 0 0 0 0 0 0 0 0 0 0 0 0 0 0 0 0 0 0
ctxt 3867638436
btime 1783935075
processes 5443658
procs_running 1
procs_blocked 0
softirq 2899184926 204 324944691 1706357 918718579 33214 0 7718789 927262737 399464 718400891

/proc/meminfo
MemTotal:       32273192 kB
MemFree:         1684648 kB
MemAvailable:   23103712 kB
Buffers:               0 kB
Cached:         20908452 kB
SwapCached:        15524 kB
Active:         15771000 kB
Inactive:       12483976 kB
Active(anon):    6841524 kB
Inactive(anon):   552376 kB
Active(file):    8929476 kB
Inactive(file): 11931600 kB
Unevictable:           0 kB
Mlocked:               0 kB
SwapTotal:      67108860 kB
SwapFree:       63106556 kB
Zswap:                 0 kB
Zswapped:              0 kB
Dirty:                16 kB
Writeback:           216 kB
AnonPages:       7318680 kB
Mapped:           281956 kB
Shmem:             47772 kB
KReclaimable:    1027208 kB
Slab:            1465344 kB
SReclaimable:    1027208 kB
SUnreclaim:       438136 kB
KernelStack:       34048 kB
PageTables:        44956 kB
SecPageTables:      4112 kB
NFS_Unstable:          0 kB
Bounce:                0 kB
WritebackTmp:          0 kB
CommitLimit:    83245456 kB
Committed_AS:   17733352 kB
VmallocTotal:   34359738367 kB
VmallocUsed:      229724 kB
VmallocChunk:          0 kB
Percpu:            21216 kB
HardwareCorrupted:     0 kB
AnonHugePages:   1112064 kB
ShmemHugePages:        0 kB
ShmemPmdMapped:        0 kB
FileHugePages:         0 kB
FilePmdMapped:         0 kB
CmaTotal:              0 kB
CmaFree:               0 kB
Unaccepted:            0 kB
HugePages_Total:       0
HugePages_Free:        0
HugePages_Rsvd:        0
HugePages_Surp:        0
Hugepagesize:       2048 kB
Hugetlb:               0 kB
DirectMap4k:      389980 kB
DirectMap2M:     5574656 kB
DirectMap1G:    27262976 kB

