/proc/loadavg
2.19 1.94 1.56 1/2106 19

/proc/stat
cpu  119397952 86936 3735891 11900683102 195227777 904072 1420402 0 0 0
cpu0 41249385 53 88466 463356596 4315024 72716 145599 0 0 0
cpu1 7245887 38258 741278 474590797 26150507 117359 156570 0 0 0
cpu2 5436794 307 162564 489773803 13793964 40582 27877 0 0 0
cpu3 4746861 101 89201 495252899 9121300 26288 15397 0 0 0
cpu4 5152396 1389 235875 486635043 17044892 52269 45785 0 0 0
cpu5 5088155 58 87953 495425551 8600207 28753 15169 0 0 0
cpu6 4939953 76 63767 499368309 4842714 23692 24423 0 0 0
cpu7 10433946 22861 650021 474577768 23277996 105302 72586 0 0 0
cpu8 5086553 126 114746 493700764 10261049 38502 36712 0 0 0
cpu9 4984374 60 69495 499061080 5102147 24474 17781 0 0 0
cpu10 4966707 42 65274 500665557 3473285 24565 70932 0 0 0
cpu11 4717412 575 200508 491989355 12118537 56727 98101 0 0 0
cpu12 1716464 39 47568 502933064 4532966 14377 19611 0 0 0
cpu13 2179578 11035 350398 498774050 7824733 33665 22545 0 0 0
cpu14 804822 232 54087 503133105 5226357 14003 13013 0 0 0
cpu15 1037709 59 44992 503874942 4299939 9990 7502 0 0 0
cpu16 1058042 291 53412 504627214 3516668 10303 6136 0 0 0
cpu17 677387 106 57223 504957836 3356292 43822 157913 0 0 0
cpu18 803886 52 59407 504670119 3609267 22983 99786 0 0 0
cpu19 3477179 10449 255245 497205783 8152406 48232 39762 0 0 0
cpu20 711855 204 54918 503395741 4942721 34275 57149 0 0 0
cpu21 757459 140 76499 503836738 4271985 40616 255814 0 0 0
cpu22 748509 73 58821 504957004 3489562 9655 8239 0 0 0
cpu23 1376627 340 54162 503919972 3903248 10911 5989 0 0 0
intr 3817180666 22 0 0 0 0 0 0 0 0 0 0 0 0 0 0 0 8 0 0 0 0 0 0 0 0 0 0 0 1 0 1 1 1 1 0 0 0 0 37 0 0 0 0 0 0 0 0 0 0 0 0 0 0 0 0 0 0 0 0 0 0 0 0 0 2953 1 170678408 161737494 166800541 394011973 95183 763667 144681 105967 227175 183213 85721 592419 124924 90500 70990 165727 77129 286653 93979 81287 104917 73683 74657 600058 173449 100615 70939 80878 30004 0 0 0 0 0 0 2 0 2 2 2 2 2 2 35 2 207 2 0 0 0 0 0 0 0 0 0 0 0 0 0 0 0 0 0 0 0 0 0 0 0 0 0 0 0 0 0 0 0 0 0 0 0 0 0 0 0 0 0 0 0 0 0 0 0 0 0 0 0 0 0 0 0 0 0 0 0 0 0 0 0 0 0 0 0 0 0 0 0 0 0 0 0 0 0 0 0 0 0 0 0 0 0 0 0 0 0 0 0 0 0 0 0 0 0 0 0 0 0 0 0 0 0 0 0 0 0 0 0 0 0 0 0 0 0 0 0 0 0 0 0 0 0 0 0 0 0 0 0 0 0 0 0 0 0 0 0 0 0 0 0 0 0 0 0 0 0 0 0 0 0 0 0 0 0 0 0 0 0 0 0 0 0 0 0 0 0 0 0 0 0 0 0 0 0 0 0 0 0 0 0 0 0 0 0 0 0 0 0 0 0 0 0 0 0 0 0 0 0 0 0 0 0 0 0 0 0 0 0 0 0 0 0 0 0 0 0 0 0 0 0 0 0 0 0 0 0 0 0 0 0 0 0 0 0 0 0 0 0 0 0 0 0 0 0 0 0 0 0 0 0 0 0 0 0 0 0 0 0 0 0 0 0 0 0 0 0 0 0 0 0 0 0 0 0 0 0 0 0 0 0 0 0 0 0 0 0 0 0 0 0 0 0 0 0 0 0 0 0 0 0 0 0 0 0 0 0 0 0 0 0 0 0 0 0 0 0 0 0 0 0 0 0 0 0 0 0 0 0 0 0 0 0 0 0 0 0 0 0 0 0 0 0 0 0 0 0 0 0 0 0 0 0 0 0 0 0 0 0 0 0 0 0 0 0 0 0 0 0 0 0 0 0 0 0 0 0 0 0 0 0 0 0 0 0 0 0 0 0 0 0 0 0 0 0 0 0 0 0 0 0 0 0 0 0 0 0 0 0 0 0 0 0 0 0 0 0 0 0 0 0 0 0 0 0 0 0 0 0 0 0 0 0 0 0 0 0 0 0 0 0 0 0 0 0 0 0 0 0 0 0 0 0 0 0 0 0 0 0 0 0 0 0 0 0 0 0 0 0 0 0 0 0 0 0 0 0 0 0 0 0 0 0 0 0 0 0 0 0 0 0 0 0 0 0 0 0 0 0 0 0 0 0 0 0 0 0 0 0 0 0 0 0 0 0 0 0 0 0 0 0 0 0 0 0 0 0 0 0 0 0 0 0 0 0 0 0 0 0 0 0 0 0 0 0 0 0 0 0 0 0 0 0 0 0 0 0 0 0 0 0 0 0 0 0 0 0 0 0 0 0 0 0 0 0 0 0 0 0 0 0 0 0 0 0 0 0 0 0 0 0 0 0 0 0 0 0 0 0 0 0 0 0 0 0 0 0 0 0 0 0 0 0 0 0 0 0 0 0 0 0 0 0 0 0 0 0 0 0 0 0 0 0 0 0 0 0 0 0 0 0 0 0 0 0 0 0 0 0 0 0 0 0 0 0 0 0 0 0 0 0 0 0 0 0 0 0 0 0 0 0 0 0 0 0 0 0 0 0 0 0 0 0 0 0 0 0 0 0 0 0 0 0 0 0 0 0 0 0 0 0 0 0 0 0 0 0 0 0 0 0 0 0 0 0 0 0 0 0 0 0 0 0 0 0 0 0 0 0 0 0 0 0 0 0 0 0 0 0 0 0 0 0 0 0 0 0 0 0 0 0 0 0 0 0 0 0 0 0 0 0 0 0 0 0 0 0 0 0 0 0 0 0 0 0 0 0 0 0 0 0 0 0 0 0 0 0 0 0 0 0 0 0 0 0 0 0 0 0 0 0 0 0 0 0 0 0 0 0 0 0 0 0 0 0 0 0 0 0 0 0 0 0 0 0 0 0 0 0 0 0 0 0 0 0 0 0 0 0 0 0 0 0 0 0 0 0 0 0 0 0 0 0 0 0 0 0 0 0 0 0 0 0 0 0 0 0 0 0 0 0 0 0 0 0 0 0 0 0 0 0 0 0 0 0 0 0 0 0 0 0 0 0 0 0 0 0 0 0 0 0 0 0 0 0 0 0 0 0 0 0 0 0 0 0 0 0 0 0 0 0 0 0 0 0 0 0 0 0 0 0 0 0 0 0 0 0 0 0 0 0 0 0 0 0 0 0 0 0 0 0 0 0 0 0 0 0 0 0 0 0 0 0 0 0 0 0 0 0 0 0 0 0 0 0 0 0 0 0 0 0 0 0 0 0 0 0 0 0 0 0 0 0 0 0 0 0 0 0 0 0 0 0 0 0 0 0 0 0 0 0 0 0 0 0 0 0 0 0 0 0 0 0 0 0 0 0 0 0 0 0 0 0 0 0 0 0 0 0 0 0 0 0 0 0
ctxt 3867588898
btime 1783935075
processes 5443621
procs_running 1
procs_blocked 0
softirq 2899148181 204 324942386 1706265 918716287 33214 0 7718731 927235545 399464 718396085

/proc/meminfo
MemTotal:       32273192 kB
MemFree:         1682668 kB
MemAvailable:   23097364 kB
Buffers:               0 kB
Cached:         20904072 kB
SwapCached:        15524 kB
Active:         15775708 kB
Inactive:       12479576 kB
Active(anon):    6846200 kB
Inactive(anon):   552376 kB
Active(file):    8929508 kB
Inactive(file): 11927200 kB
Unevictable:           0 kB
Mlocked:               0 kB
SwapTotal:      67108860 kB
SwapFree:       63106556 kB
Zswap:                 0 kB
Zswapped:              0 kB
Dirty:                44 kB
Writeback:           220 kB
AnonPages:       7323412 kB
Mapped:           282304 kB
Shmem:             47792 kB
KReclaimable:    1027208 kB
Slab:            1465336 kB
SReclaimable:    1027208 kB
SUnreclaim:       438128 kB
KernelStack:       34064 kB
PageTables:        45008 kB
SecPageTables:      4112 kB
NFS_Unstable:          0 kB
Bounce:                0 kB
WritebackTmp:          0 kB
CommitLimit:    83245456 kB
Committed_AS:   17764884 kB
VmallocTotal:   34359738367 kB
VmallocUsed:      229840 kB
VmallocChunk:          0 kB
Percpu:            21216 kB
HardwareCorrupted:     0 kB
AnonHugePages:   1112064 kB
ShmemHugePages:        0 kB
ShmemPmdMapped:        0 kB
FileHugePages:         0 kB
FilePmdMapped:         0 kB
CmaTotal:              0 kB
CmaFree:               0 kB
Unaccepted:            0 kB
HugePages_Total:       0
HugePages_Free:        0
HugePages_Rsvd:        0
HugePages_Surp:        0
Hugepagesize:       2048 kB
Hugetlb:               0 kB
DirectMap4k:      389980 kB
DirectMap2M:     5574656 kB
DirectMap1G:    27262976 kB

