/proc/loadavg
2.09 2.00 1.65 1/2106 23

/proc/stat
cpu  119412299 86936 3736071 11901012660 195227923 904114 1420464 0 0 0
cpu0 41250009 53 88539 463370156 4315053 72719 145646 0 0 0
cpu1 7245895 38258 741282 474605107 26150528 117360 156573 0 0 0
cpu2 5450265 307 162564 489774653 13793964 40610 27877 0 0 0
cpu3 4746868 101 89205 495267225 9121308 26288 15397 0 0 0
cpu4 5152407 1389 235881 486649364 17044899 52269 45786 0 0 0
cpu5 5088161 58 87955 495439887 8600212 28753 15169 0 0 0
cpu6 4939955 76 63768 499382655 4842714 23692 24423 0 0 0
cpu7 10433979 22861 650032 474592061 23278004 105303 72587 0 0 0
cpu8 5086554 126 114747 493715108 10261050 38502 36712 0 0 0
cpu9 4984375 60 69496 499075422 5102151 24474 17781 0 0 0
cpu10 4966710 42 65277 500679896 3473288 24565 70932 0 0 0
cpu11 4717440 575 200517 492003636 12118563 56728 98102 0 0 0
cpu12 1716470 39 47571 502947404 4532966 14377 19611 0 0 0
cpu13 2179613 11035 350412 498788337 7824741 33667 22546 0 0 0
cpu14 804823 232 54087 503147452 5226357 14003 13013 0 0 0
cpu15 1037730 59 44997 503889260 4299942 9990 7502 0 0 0
cpu16 1058068 291 53420 504641524 3516671 10304 6136 0 0 0
cpu17 677390 106 57226 504972172 3356297 43823 157915 0 0 0
cpu18 803896 52 59415 504684448 3609269 22983 99786 0 0 0
cpu19 3477208 10449 255256 497220089 8152406 48232 39762 0 0 0
cpu20 711865 204 54923 503410062 4942731 34276 57149 0 0 0
cpu21 757461 140 76502 503851077 4271985 40617 255818 0 0 0
cpu22 748511 73 58823 504971345 3489566 9655 8239 0 0 0
cpu23 1376635 340 54164 503934310 3903248 10911 5989 0 0 0
intr 3817421702 22 0 0 0 0 0 0 0 0 0 0 0 0 0 0 0 8 0 0 0 0 0 0 0 0 0 0 0 1 0 1 1 1 1 0 0 0 0 37 0 0 0 0 0 0 0 0 0 0 0 0 0 0 0 0 0 0 0 0 0 0 0 0 0 2953 1 170681625 161738032 166803976 394016472 95183 763667 144681 105967 227213 183223 85725 592421 124939 90500 70991 165727 77129 286653 93980 81287 104917 73683 74662 600066 173454 100616 70946 80878 30004 0 0 0 0 0 0 2 0 2 2 2 2 2 2 35 2 207 2 0 0 0 0 0 0 0 0 0 0 0 0 0 0 0 0 0 0 0 0 0 0 0 0 0 0 0 0 0 0 0 0 0 0 0 0 0 0 0 0 0 0 0 0 0 0 0 0 0 0 0 0 0 0 0 0 0 0 0 0 0 0 0 0 0 0 0 0 0 0 0 0 0 0 0 0 0 0 0 0 0 0 0 0 0 0 0 0 0 0 0 0 0 0 0 0 0 0 0 0 0 0 0 0 0 0 0 0 0 0 0 0 0 0 0 0 0 0 0 0 0 0 0 0 0 0 0 0 0 0 0 0 0 0 0 0 0 0 0 0 0 0 0 0 0 0 0 0 0 0 0 0 0 0 0 0 0 0 0 0 0 0 0 0 0 0 0 0 0 0 0 0 0 0 0 0 0 0 0 0 0 0 0 0 0 0 0 0 0 0 0 0 0 0 0 0 0 0 0 0 0 0 0 0 0 0 0 0 0 0 0 0 0 0 0 0 0 0 0 0 0 0 0 0 0 0 0 0 0 0 0 0 0 0 0 0 0 0 0 0 0 0 0 0 0 0 0 0 0 0 0 0 0 0 0 0 0 0 0 0 0 0 0 0 0 0 0 0 0 0 0 0 0 0 0 0 0 0 0 0 0 0 0 0 0 0 0 0 0 0 0 0 0 0 0 0 0 0 0 0 0 0 0 0 0 0 0 0 0 0 0 0 0 0 0 0 0 0 0 0 0 0 0 0 0 0 0 0 0 0 0 0 0 0 0 0 0 0 0 0 0 0 0 0 0 0 0 0 0 0 0 0 0 0 0 0 0 0 0 0 0 0 0 0 0 0 0 0 0 0 0 0 0 0 0 0 0 0 0 0 0 0 0 0 0 0 0 0 0 0 0 0 0 0 0 0 0 0 0 0 0 0 0 0 0 0 0 0 0 0 0 0 0 0 0 0 0 0 0 0 0 0 0 0 0 0 0 0 0 0 0 0 0 0 0 0 0 0 0 0 0 0 0 0 0 0 0 0 0 0 0 0 0 0 0 0 0 0 0 0 0 0 0 0 0 0 0 0 0 0 0 0 0 0 0 0 0 0 0 0 0 0 0 0 0 0 0 0 0 0 0 0 0 0 0 0 0 0 0 0 0 0 0 0 0 0 0 0 0 0 0 0 0 0 0 0 0 0 0 0 0 0 0 0 0 0 0 0 0 0 0 0 0 0 0 0 0 0 0 0 0 0 0 0 0 0 0 0 0 0 0 0 0 0 0 0 0 0 0 0 0 0 0 0 0 0 0 0 0 0 0 0 0 0 0 0 0 0 0 0 0 0 0 0 0 0 0 0 0 0 0 0 0 0 0 0 0 0 0 0 0 0 0 0 0 0 0 0 0 0 0 0 0 0 0 0 0 0 0 0 0 0 0 0 0 0 0 0 0 0 0 0 0 0 0 0 0 0 0 0 0 0 0 0 0 0 0 0 0 0 0 0 0 0 0 0 0 0 0 0 0 0 0 0 0 0 0 0 0 0 0 0 0 0 0 0 0 0 0 0 0 0 0 0 0 0 0 0 0 0 0 0 0 0 0 0 0 0 0 0 0 0 0 0 0 0 0 0 0 0 0 0 0 0 0 0 0 0 0 0 0 0 0 0 0 0 0 0 0 0 0 0 0 0 0 0 0 0 0 0 0 0 0 0 0 0 0 0 0 0 0 0 0 0 0 0 0 0 0 0 0 0 0 0 0 0 0 0 0 0 0 0 0 0 0 0 0 0 0 0 0 0 0 0 0 0 0 0 0 0 0 0 0 0 0 0 0 0 0 0 0 0 0 0 0 0 0 0 0 0 0 0 0 0 0 0 0 0 0 0 0 0 0 0 0 0 0 0 0 0 0 0 0 0 0 0 0 0 0 0 0 0 0 0 0 0 0 0 0 0 0 0 0 0 0 0 0 0 0 0 0 0 0 0 0 0 0 0 0 0 0 0 0 0 0 0 0 0 0 0 0 0 0 0 0 0 0 0 0 0 0 0 0 0 0 0 0 0 0 0 0 0 0 0 0 0 0 0 0 0 0 0 0 0 0 0 0 0 0 0 0 0 0 0 0 0 0 0 0 0 0 0 0 0 0 0 0 0 0 0 0 0 0 0 0 0 0 0 0 0 0 0 0 0 0 0 0 0 0 0 0 0 0 0 0 0 0 0 0 0 0 0 0 0 0 0 0 0 0 0 0 0 0 0 0 0 0 0 0 0 0 0 0 0 0 0 0 0 0 0 0 0 0 0 0 0 0 0 0 0 0 0 0 0 0 0 0 0 0 0 0 0 0 0 0 0 0 0 0 0 0 0 0 0 0 0 0 0 0 0 0 0 0 0 0 0 0
ctxt 3867790015
btime 1783935075
processes 5443773
procs_running 1
procs_blocked 0
softirq 2899315461 204 324953024 1706556 918728397 33214 0 7718960 927354656 399464 718420986

/proc/meminfo
MemTotal:       32273192 kB
MemFree:         1672504 kB
MemAvailable:   23104724 kB
Buffers:               0 kB
Cached:         20921580 kB
SwapCached:        15524 kB
Active:         15771316 kB
Inactive:       12497100 kB
Active(anon):    6841808 kB
Inactive(anon):   552376 kB
Active(file):    8929508 kB
Inactive(file): 11944724 kB
Unevictable:           0 kB
Mlocked:               0 kB
SwapTotal:      67108860 kB
SwapFree:       63106556 kB
Zswap:                 0 kB
Zswapped:              0 kB
Dirty:                40 kB
Writeback:           544 kB
AnonPages:       7318988 kB
Mapped:           282004 kB
Shmem:             47772 kB
KReclaimable:    1027208 kB
Slab:            1465440 kB
SReclaimable:    1027208 kB
SUnreclaim:       438232 kB
KernelStack:       34064 kB
PageTables:        44832 kB
SecPageTables:      4112 kB
NFS_Unstable:          0 kB
Bounce:                0 kB
WritebackTmp:          0 kB
CommitLimit:    83245456 kB
Committed_AS:   17731704 kB
VmallocTotal:   34359738367 kB
VmallocUsed:      229708 kB
VmallocChunk:          0 kB
Percpu:            21216 kB
HardwareCorrupted:     0 kB
AnonHugePages:   1112064 kB
ShmemHugePages:        0 kB
ShmemPmdMapped:        0 kB
FileHugePages:         0 kB
FilePmdMapped:         0 kB
CmaTotal:              0 kB
CmaFree:               0 kB
Unaccepted:            0 kB
HugePages_Total:       0
HugePages_Free:        0
HugePages_Rsvd:        0
HugePages_Surp:        0
Hugepagesize:       2048 kB
Hugetlb:               0 kB
DirectMap4k:      389980 kB
DirectMap2M:     5574656 kB
DirectMap1G:    27262976 kB

