/proc/loadavg
2.00 2.00 1.74 1/2103 30

/proc/stat
cpu  119437395 86936 3736385 11901588880 195228188 904192 1420577 0 0 0
cpu0 41251110 53 88673 463393815 4315137 72725 145730 0 0 0
cpu1 7245930 38258 741301 474630100 26150555 117364 156578 0 0 0
cpu2 5473858 307 162565 489776101 13793964 40659 27878 0 0 0
cpu3 4746886 101 89214 495292257 9121334 26290 15397 0 0 0
cpu4 5152445 1389 235899 486674374 17044913 52272 45788 0 0 0
cpu5 5088169 58 87963 495464952 8600215 28755 15170 0 0 0
cpu6 4939958 76 63770 499407733 4842717 23693 24423 0 0 0
cpu7 10434048 22861 650044 474617066 23278004 105304 72588 0 0 0
cpu8 5086561 126 114756 493740174 10261056 38503 36712 0 0 0
cpu9 4984388 60 69498 499100487 5102160 24474 17781 0 0 0
cpu10 4966713 42 65280 500704970 3473298 24565 70932 0 0 0
cpu11 4717450 575 200523 492028680 12118590 56728 98104 0 0 0
cpu12 1716473 39 47573 502972473 4532980 14377 19611 0 0 0
cpu13 2179652 11035 350439 498813344 7824752 33668 22546 0 0 0
cpu14 804824 232 54088 503172539 5226357 14003 13014 0 0 0
cpu15 1037745 59 45005 503914312 4299951 9991 7503 0 0 0
cpu16 1058092 291 53428 504666579 3516671 10305 6136 0 0 0
cpu17 677411 106 57234 504997219 3356301 43825 157920 0 0 0
cpu18 803898 52 59418 504709533 3609269 22984 99786 0 0 0
cpu19 3477261 10449 255273 497245100 8152408 48234 39763 0 0 0
cpu20 711887 204 54927 503435115 4942735 34277 57150 0 0 0
cpu21 757466 140 76506 503876142 4271990 40618 255825 0 0 0
cpu22 748521 73 58827 504996419 3489567 9656 8239 0 0 0
cpu23 1376638 340 54167 503959388 3903253 10912 5990 0 0 0
intr 3817944775 22 0 0 0 0 0 0 0 0 0 0 0 0 0 0 0 8 0 0 0 0 0 0 0 0 0 0 0 1 0 1 1 1 1 0 0 0 0 37 0 0 0 0 0 0 0 0 0 0 0 0 0 0 0 0 0 0 0 0 0 0 0 0 0 2953 1 170692391 161741673 166805480 394025202 95185 763667 144681 105967 227236 183239 85761 592423 124954 90501 70991 165727 77129 286653 93982 81287 104917 73685 74663 600084 173461 100616 70959 80880 30004 0 0 0 0 0 0 2 0 2 2 2 2 2 2 35 2 207 2 0 0 0 0 0 0 0 0 0 0 0 0 0 0 0 0 0 0 0 0 0 0 0 0 0 0 0 0 0 0 0 0 0 0 0 0 0 0 0 0 0 0 0 0 0 0 0 0 0 0 0 0 0 0 0 0 0 0 0 0 0 0 0 0 0 0 0 0 0 0 0 0 0 0 0 0 0 0 0 0 0 0 0 0 0 0 0 0 0 0 0 0 0 0 0 0 0 0 0 0 0 0 0 0 0 0 0 0 0 0 0 0 0 0 0 0 0 0 0 0 0 0 0 0 0 0 0 0 0 0 0 0 0 0 0 0 0 0 0 0 0 0 0 0 0 0 0 0 0 0 0 0 0 0 0 0 0 0 0 0 0 0 0 0 0 0 0 0 0 0 0 0 0 0 0 0 0 0 0 0 0 0 0 0 0 0 0 0 0 0 0 0 0 0 0 0 0 0 0 0 0 0 0 0 0 0 0 0 0 0 0 0 0 0 0 0 0 0 0 0 0 0 0 0 0 0 0 0 0 0 0 0 0 0 0 0 0 0 0 0 0 0 0 0 0 0 0 0 0 0 0 0 0 0 0 0 0 0 0 0 0 0 0 0 0 0 0 0 0 0 0 0 0 0 0 0 0 0 0 0 0 0 0 0 0 0 0 0 0 0 0 0 0 0 0 0 0 0 0 0 0 0 0 0 0 0 0 0 0 0 0 0 0 0 0 0 0 0 0 0 0 0 0 0 0 0 0 0 0 0 0 0 0 0 0 0 0 0 0 0 0 0 0 0 0 0 0 0 0 0 0 0 0 0 0 0 0 0 0 0 0 0 0 0 0 0 0 0 0 0 0 0 0 0 0 0 0 0 0 0 0 0 0 0 0 0 0 0 0 0 0 0 0 0 0 0 0 0 0 0 0 0 0 0 0 0 0 0 0 0 0 0 0 0 0 0 0 0 0 0 0 0 0 0 0 0 0 0 0 0 0 0 0 0 0 0 0 0 0 0 0 0 0 0 0 0 0 0 0 0 0 0 0 0 0 0 0 0 0 0 0 0 0 0 0 0 0 0 0 0 0 0 0 0 0 0 0 0 0 0 0 0 0 0 0 0 0 0 0 0 0 0 0 0 0 0 0 0 0 0 0 0 0 0 0 0 0 0 0 0 0 0 0 0 0 0 0 0 0 0 0 0 0 0 0 0 0 0 0 0 0 0 0 0 0 0 0 0 0 0 0 0 0 0 0 0 0 0 0 0 0 0 0 0 0 0 0 0 0 0 0 0 0 0 0 0 0 0 0 0 0 0 0 0 0 0 0 0 0 0 0 0 0 0 0 0 0 0 0 0 0 0 0 0 0 0 0 0 0 0 0 0 0 0 0 0 0 0 0 0 0 0 0 0 0 0 0 0 0 0 0 0 0 0 0 0 0 0 0 0 0 0 0 0 0 0 0 0 0 0 0 0 0 0 0 0 0 0 0 0 0 0 0 0 0 0 0 0 0 0 0 0 0 0 0 0 0 0 0 0 0 0 0 0 0 0 0 0 0 0 0 0 0 0 0 0 0 0 0 0 0 0 0 0 0 0 0 0 0 0 0 0 0 0 0 0 0 0 0 0 0 0 0 0 0 0 0 0 0 0 0 0 0 0 0 0 0 0 0 0 0 0 0 0 0 0 0 0 0 0 0 0 0 0 0 0 0 0 0 0 0 0 0 0 0 0 0 0 0 0 0 0 0 0 0 0 0 0 0 0 0 0 0 0 0 0 0 0 0 0 0 0 0 0 0 0 0 0 0 0 0 0 0 0 0 0 0 0 0 0 0 0 0 0 0 0 0 0 0 0 0 0 0 0 0 0 0 0 0 0 0 0 0 0 0 0 0 0 0 0 0 0 0 0 0 0 0 0 0 0 0 0 0 0 0 0 0 0 0 0 0 0 0 0 0 0 0 0 0 0 0 0 0 0 0 0 0 0 0 0 0 0 0 0 0 0 0 0 0 0 0 0 0 0 0 0 0 0 0 0 0 0 0 0 0 0 0 0 0 0 0 0 0 0 0 0 0 0 0 0 0 0 0 0 0 0 0 0 0 0 0 0 0 0 0 0 0 0 0 0 0 0 0 0 0 0 0 0 0 0 0 0 0 0 0 0 0 0 0 0 0 0 0 0 0 0 0 0 0 0 0 0 0 0 0 0 0 0 0 0 0 0 0 0 0 0 0 0 0 0 0 0 0 0 0 0 0 0 0 0 0 0 0 0 0 0 0 0 0 0 0 0 0 0 0 0 0 0 0 0 0 0 0 0 0 0 0 0 0 0 0 0 0 0 0 0 0 0 0 0 0 0 0 0 0 0 0 0 0 0 0 0 0 0 0 0 0
ctxt 3868233765
btime 1783935075
processes 5443980
procs_running 1
procs_blocked 0
softirq 2899617944 204 324972020 1707184 918754020 33214 0 7719863 927565305 399464 718466670

/proc/meminfo
MemTotal:       32273192 kB
MemFree:         1645348 kB
MemAvailable:   23106860 kB
Buffers:               0 kB
Cached:         20950936 kB
SwapCached:        15520 kB
Active:         15771460 kB
Inactive:       12526456 kB
Active(anon):    6841984 kB
Inactive(anon):   552376 kB
Active(file):    8929476 kB
Inactive(file): 11974080 kB
Unevictable:           0 kB
Mlocked:               0 kB
SwapTotal:      67108860 kB
SwapFree:       63106556 kB
Zswap:                 0 kB
Zswapped:              0 kB
Dirty:               132 kB
Writeback:           180 kB
AnonPages:       7316912 kB
Mapped:           282124 kB
Shmem:             47772 kB
KReclaimable:    1027176 kB
Slab:            1465196 kB
SReclaimable:    1027176 kB
SUnreclaim:       438020 kB
KernelStack:       34016 kB
PageTables:        44828 kB
SecPageTables:      4112 kB
NFS_Unstable:          0 kB
Bounce:                0 kB
WritebackTmp:          0 kB
CommitLimit:    83245456 kB
Committed_AS:   17748284 kB
VmallocTotal:   34359738367 kB
VmallocUsed:      229708 kB
VmallocChunk:          0 kB
Percpu:            21216 kB
HardwareCorrupted:     0 kB
AnonHugePages:   1103872 kB
ShmemHugePages:        0 kB
ShmemPmdMapped:        0 kB
FileHugePages:         0 kB
FilePmdMapped:         0 kB
CmaTotal:              0 kB
CmaFree:               0 kB
Unaccepted:            0 kB
HugePages_Total:       0
HugePages_Free:        0
HugePages_Rsvd:        0
HugePages_Surp:        0
Hugepagesize:       2048 kB
Hugetlb:               0 kB
DirectMap4k:      389980 kB
DirectMap2M:     5574656 kB
DirectMap1G:    27262976 kB

