/proc/loadavg
2.00 1.76 1.43 1/2104 13

/proc/stat
cpu  119378979 86936 3735634 11900247760 195227561 904016 1420311 0 0 0
cpu0 41248271 53 88329 463339020 4314976 72711 145538 0 0 0
cpu1 7245869 38258 741269 474571902 26150480 117358 156564 0 0 0
cpu2 5419233 307 162564 489772442 13793964 40546 27876 0 0 0
cpu3 4746857 101 89198 495233958 9121291 26288 15396 0 0 0
cpu4 5152360 1389 235866 486616160 17044865 52268 45784 0 0 0
cpu5 5088147 58 87950 495406611 8600201 28753 15169 0 0 0
cpu6 4939945 76 63764 499349364 4842713 23692 24423 0 0 0
cpu7 10433932 22861 650013 474558839 23277991 105301 72586 0 0 0
cpu8 5086543 126 114730 493681838 10261047 38501 36711 0 0 0
cpu9 4984367 60 69489 499042139 5102144 24474 17781 0 0 0
cpu10 4966694 42 65268 500646623 3473282 24564 70931 0 0 0
cpu11 4717388 575 200497 491970501 12118475 56725 98099 0 0 0
cpu12 1716456 39 47566 502914119 4532964 14376 19611 0 0 0
cpu13 2179555 11035 350387 498755136 7824729 33664 22545 0 0 0
cpu14 804822 232 54087 503114149 5226357 14003 13013 0 0 0
cpu15 1037697 59 44987 503856004 4299939 9989 7502 0 0 0
cpu16 1057998 291 53405 504608311 3516668 10303 6135 0 0 0
cpu17 677369 106 57219 504938906 3356292 43821 157911 0 0 0
cpu18 803882 52 59404 504651178 3609260 22982 99785 0 0 0
cpu19 3477141 10449 255241 497186874 8152403 48231 39761 0 0 0
cpu20 711852 204 54916 503376800 4942711 34274 57148 0 0 0
cpu21 757457 140 76494 503817804 4271985 40615 255802 0 0 0
cpu22 748507 73 58818 504938054 3489561 9655 8238 0 0 0
cpu23 1376624 340 54160 503901018 3903248 10911 5989 0 0 0
intr 3816848323 22 0 0 0 0 0 0 0 0 0 0 0 0 0 0 0 8 0 0 0 0 0 0 0 0 0 0 0 1 0 1 1 1 1 0 0 0 0 37 0 0 0 0 0 0 0 0 0 0 0 0 0 0 0 0 0 0 0 0 0 0 0 0 0 2953 1 170675382 161725658 166792265 394002175 95182 763667 144681 105967 227153 183201 85701 592418 124923 90500 70987 165727 77129 286653 93979 81287 104916 73683 74654 600033 173444 100613 70928 80878 30004 0 0 0 0 0 0 2 0 2 2 2 2 2 2 35 2 207 2 0 0 0 0 0 0 0 0 0 0 0 0 0 0 0 0 0 0 0 0 0 0 0 0 0 0 0 0 0 0 0 0 0 0 0 0 0 0 0 0 0 0 0 0 0 0 0 0 0 0 0 0 0 0 0 0 0 0 0 0 0 0 0 0 0 0 0 0 0 0 0 0 0 0 0 0 0 0 0 0 0 0 0 0 0 0 0 0 0 0 0 0 0 0 0 0 0 0 0 0 0 0 0 0 0 0 0 0 0 0 0 0 0 0 0 0 0 0 0 0 0 0 0 0 0 0 0 0 0 0 0 0 0 0 0 0 0 0 0 0 0 0 0 0 0 0 0 0 0 0 0 0 0 0 0 0 0 0 0 0 0 0 0 0 0 0 0 0 0 0 0 0 0 0 0 0 0 0 0 0 0 0 0 0 0 0 0 0 0 0 0 0 0 0 0 0 0 0 0 0 0 0 0 0 0 0 0 0 0 0 0 0 0 0 0 0 0 0 0 0 0 0 0 0 0 0 0 0 0 0 0 0 0 0 0 0 0 0 0 0 0 0 0 0 0 0 0 0 0 0 0 0 0 0 0 0 0 0 0 0 0 0 0 0 0 0 0 0 0 0 0 0 0 0 0 0 0 0 0 0 0 0 0 0 0 0 0 0 0 0 0 0 0 0 0 0 0 0 0 0 0 0 0 0 0 0 0 0 0 0 0 0 0 0 0 0 0 0 0 0 0 0 0 0 0 0 0 0 0 0 0 0 0 0 0 0 0 0 0 0 0 0 0 0 0 0 0 0 0 0 0 0 0 0 0 0 0 0 0 0 0 0 0 0 0 0 0 0 0 0 0 0 0 0 0 0 0 0 0 0 0 0 0 0 0 0 0 0 0 0 0 0 0 0 0 0 0 0 0 0 0 0 0 0 0 0 0 0 0 0 0 0 0 0 0 0 0 0 0 0 0 0 0 0 0 0 0 0 0 0 0 0 0 0 0 0 0 0 0 0 0 0 0 0 0 0 0 0 0 0 0 0 0 0 0 0 0 0 0 0 0 0 0 0 0 0 0 0 0 0 0 0 0 0 0 0 0 0 0 0 0 0 0 0 0 0 0 0 0 0 0 0 0 0 0 0 0 0 0 0 0 0 0 0 0 0 0 0 0 0 0 0 0 0 0 0 0 0 0 0 0 0 0 0 0 0 0 0 0 0 0 0 0 0 0 0 0 0 0 0 0 0 0 0 0 0 0 0 0 0 0 0 0 0 0 0 0 0 0 0 0 0 0 0 0 0 0 0 0 0 0 0 0 0 0 0 0 0 0 0 0 0 0 0 0 0 0 0 0 0 0 0 0 0 0 0 0 0 0 0 0 0 0 0 0 0 0 0 0 0 0 0 0 0 0 0 0 0 0 0 0 0 0 0 0 0 0 0 0 0 0 0 0 0 0 0 0 0 0 0 0 0 0 0 0 0 0 0 0 0 0 0 0 0 0 0 0 0 0 0 0 0 0 0 0 0 0 0 0 0 0 0 0 0 0 0 0 0 0 0 0 0 0 0 0 0 0 0 0 0 0 0 0 0 0 0 0 0 0 0 0 0 0 0 0 0 0 0 0 0 0 0 0 0 0 0 0 0 0 0 0 0 0 0 0 0 0 0 0 0 0 0 0 0 0 0 0 0 0 0 0 0 0 0 0 0 0 0 0 0 0 0 0 0 0 0 0 0 0 0 0 0 0 0 0 0 0 0 0 0 0 0 0 0 0 0 0 0 0 0 0 0 0 0 0 0 0 0 0 0 0 0 0 0 0 0 0 0 0 0 0 0 0 0 0 0 0 0 0 0 0 0 0 0 0 0 0 0 0 0 0 0 0 0 0 0 0 0 0 0 0 0 0 0 0 0 0 0 0 0 0 0 0 0 0 0 0 0 0 0 0 0 0 0 0 0 0 0 0 0 0 0 0 0 0 0 0 0 0 0 0 0 0 0 0 0 0 0 0 0 0 0 0 0 0 0 0 0 0 0 0 0 0 0 0 0 0 0 0 0 0 0 0 0 0 0 0 0 0 0 0 0 0 0 0 0 0 0 0 0 0 0 0 0 0 0 0 0 0 0 0 0 0 0 0 0 0 0 0 0 0 0 0 0 0 0 0 0 0 0 0 0 0 0 0 0 0 0 0 0 0 0 0 0 0 0 0 0 0 0 0 0 0 0 0 0 0 0 0 0 0 0 0 0 0 0 0 0 0 0 0 0 0 0 0 0 0 0 0 0 0 0 0 0 0 0 0 0 0 0 0 0 0 0 0 0 0 0 0 0 0 0 0 0 0 0 0 0 0 0 0 0 0 0 0 0 0 0 0 0 0 0 0 0 0 0 0
ctxt 3867330398
btime 1783935075
processes 5443410
procs_running 1
procs_blocked 0
softirq 2898908754 204 324928174 1705552 918682741 33214 0 7718134 927079177 399464 718362094

/proc/meminfo
MemTotal:       32273192 kB
MemFree:         1731004 kB
MemAvailable:   23113696 kB
Buffers:               0 kB
Cached:         20872096 kB
SwapCached:        15524 kB
Active:         15767948 kB
Inactive:       12447592 kB
Active(anon):    6838472 kB
Inactive(anon):   552380 kB
Active(file):    8929476 kB
Inactive(file): 11895212 kB
Unevictable:           0 kB
Mlocked:               0 kB
SwapTotal:      67108860 kB
SwapFree:       63106556 kB
Zswap:                 0 kB
Zswapped:              0 kB
Dirty:                 4 kB
Writeback:             0 kB
AnonPages:       7315612 kB
Mapped:           281824 kB
Shmem:             47772 kB
KReclaimable:    1027224 kB
Slab:            1465332 kB
SReclaimable:    1027224 kB
SUnreclaim:       438108 kB
KernelStack:       34048 kB
PageTables:        44832 kB
SecPageTables:      4112 kB
NFS_Unstable:          0 kB
Bounce:                0 kB
WritebackTmp:          0 kB
CommitLimit:    83245456 kB
Committed_AS:   17765380 kB
VmallocTotal:   34359738367 kB
VmallocUsed:      229740 kB
VmallocChunk:          0 kB
Percpu:            21216 kB
HardwareCorrupted:     0 kB
AnonHugePages:   1112064 kB
ShmemHugePages:        0 kB
ShmemPmdMapped:        0 kB
FileHugePages:         0 kB
FilePmdMapped:         0 kB
CmaTotal:              0 kB
CmaFree:               0 kB
Unaccepted:            0 kB
HugePages_Total:       0
HugePages_Free:        0
HugePages_Rsvd:        0
HugePages_Surp:        0
Hugepagesize:       2048 kB
Hugetlb:               0 kB
DirectMap4k:      389980 kB
DirectMap2M:     5574656 kB
DirectMap1G:    27262976 kB

