/proc/loadavg
2.00 2.00 1.72 1/2105 28

/proc/stat
cpu  119431218 86936 3736303 11901446863 195228122 904171 1420547 0 0 0
cpu0 41250802 53 88632 463388024 4315118 72723 145710 0 0 0
cpu1 7245922 38258 741293 474623947 26150551 117361 156577 0 0 0
cpu2 5468077 307 162564 489775710 13793964 40647 27878 0 0 0
cpu3 4746883 101 89213 495286086 9121326 26290 15397 0 0 0
cpu4 5152434 1389 235893 486668214 17044909 52271 45787 0 0 0
cpu5 5088167 58 87961 495458774 8600215 28755 15170 0 0 0
cpu6 4939957 76 63770 499401553 4842716 23693 24423 0 0 0
cpu7 10434025 22861 650041 474610909 23278004 105304 72588 0 0 0
cpu8 5086559 126 114754 493733996 10261055 38503 36712 0 0 0
cpu9 4984387 60 69498 499094304 5102160 24474 17781 0 0 0
cpu10 4966712 42 65279 500698792 3473294 24565 70932 0 0 0
cpu11 4717447 575 200521 492022514 12118578 56728 98104 0 0 0
cpu12 1716473 39 47573 502966290 4532980 14377 19611 0 0 0
cpu13 2179650 11035 350436 498807167 7824752 33668 22546 0 0 0
cpu14 804823 232 54088 503166355 5226357 14003 13013 0 0 0
cpu15 1037744 59 45005 503908134 4299948 9991 7503 0 0 0
cpu16 1058081 291 53426 504660409 3516671 10305 6136 0 0 0
cpu17 677406 106 57232 504991047 3356297 43825 157919 0 0 0
cpu18 803897 52 59416 504703352 3609269 22983 99786 0 0 0
cpu19 3477253 10449 255271 497238929 8152406 48234 39763 0 0 0
cpu20 711887 204 54927 503428934 4942735 34277 57150 0 0 0
cpu21 757464 140 76505 503869967 4271989 40617 255822 0 0 0
cpu22 748519 73 58826 504990238 3489567 9655 8239 0 0 0
cpu23 1376637 340 54167 503953206 3903252 10912 5990 0 0 0
intr 3817792225 22 0 0 0 0 0 0 0 0 0 0 0 0 0 0 0 8 0 0 0 0 0 0 0 0 0 0 0 1 0 1 1 1 1 0 0 0 0 37 0 0 0 0 0 0 0 0 0 0 0 0 0 0 0 0 0 0 0 0 0 0 0 0 0 2953 1 170689643 161738830 166804965 394022342 95185 763667 144681 105967 227231 183235 85748 592423 124939 90500 70991 165727 77129 286653 93982 81287 104917 73684 74662 600080 173459 100616 70955 80880 30004 0 0 0 0 0 0 2 0 2 2 2 2 2 2 35 2 207 2 0 0 0 0 0 0 0 0 0 0 0 0 0 0 0 0 0 0 0 0 0 0 0 0 0 0 0 0 0 0 0 0 0 0 0 0 0 0 0 0 0 0 0 0 0 0 0 0 0 0 0 0 0 0 0 0 0 0 0 0 0 0 0 0 0 0 0 0 0 0 0 0 0 0 0 0 0 0 0 0 0 0 0 0 0 0 0 0 0 0 0 0 0 0 0 0 0 0 0 0 0 0 0 0 0 0 0 0 0 0 0 0 0 0 0 0 0 0 0 0 0 0 0 0 0 0 0 0 0 0 0 0 0 0 0 0 0 0 0 0 0 0 0 0 0 0 0 0 0 0 0 0 0 0 0 0 0 0 0 0 0 0 0 0 0 0 0 0 0 0 0 0 0 0 0 0 0 0 0 0 0 0 0 0 0 0 0 0 0 0 0 0 0 0 0 0 0 0 0 0 0 0 0 0 0 0 0 0 0 0 0 0 0 0 0 0 0 0 0 0 0 0 0 0 0 0 0 0 0 0 0 0 0 0 0 0 0 0 0 0 0 0 0 0 0 0 0 0 0 0 0 0 0 0 0 0 0 0 0 0 0 0 0 0 0 0 0 0 0 0 0 0 0 0 0 0 0 0 0 0 0 0 0 0 0 0 0 0 0 0 0 0 0 0 0 0 0 0 0 0 0 0 0 0 0 0 0 0 0 0 0 0 0 0 0 0 0 0 0 0 0 0 0 0 0 0 0 0 0 0 0 0 0 0 0 0 0 0 0 0 0 0 0 0 0 0 0 0 0 0 0 0 0 0 0 0 0 0 0 0 0 0 0 0 0 0 0 0 0 0 0 0 0 0 0 0 0 0 0 0 0 0 0 0 0 0 0 0 0 0 0 0 0 0 0 0 0 0 0 0 0 0 0 0 0 0 0 0 0 0 0 0 0 0 0 0 0 0 0 0 0 0 0 0 0 0 0 0 0 0 0 0 0 0 0 0 0 0 0 0 0 0 0 0 0 0 0 0 0 0 0 0 0 0 0 0 0 0 0 0 0 0 0 0 0 0 0 0 0 0 0 0 0 0 0 0 0 0 0 0 0 0 0 0 0 0 0 0 0 0 0 0 0 0 0 0 0 0 0 0 0 0 0 0 0 0 0 0 0 0 0 0 0 0 0 0 0 0 0 0 0 0 0 0 0 0 0 0 0 0 0 0 0 0 0 0 0 0 0 0 0 0 0 0 0 0 0 0 0 0 0 0 0 0 0 0 0 0 0 0 0 0 0 0 0 0 0 0 0 0 0 0 0 0 0 0 0 0 0 0 0 0 0 0 0 0 0 0 0 0 0 0 0 0 0 0 0 0 0 0 0 0 0 0 0 0 0 0 0 0 0 0 0 0 0 0 0 0 0 0 0 0 0 0 0 0 0 0 0 0 0 0 0 0 0 0 0 0 0 0 0 0 0 0 0 0 0 0 0 0 0 0 0 0 0 0 0 0 0 0 0 0 0 0 0 0 0 0 0 0 0 0 0 0 0 0 0 0 0 0 0 0 0 0 0 0 0 0 0 0 0 0 0 0 0 0 0 0 0 0 0 0 0 0 0 0 0 0 0 0 0 0 0 0 0 0 0 0 0 0 0 0 0 0 0 0 0 0 0 0 0 0 0 0 0 0 0 0 0 0 0 0 0 0 0 0 0 0 0 0 0 0 0 0 0 0 0 0 0 0 0 0 0 0 0 0 0 0 0 0 0 0 0 0 0 0 0 0 0 0 0 0 0 0 0 0 0 0 0 0 0 0 0 0 0 0 0 0 0 0 0 0 0 0 0 0 0 0 0 0 0 0 0 0 0 0 0 0 0 0 0 0 0 0 0 0 0 0 0 0 0 0 0 0 0 0 0 0 0 0 0 0 0 0 0 0 0 0 0 0 0 0 0 0 0 0 0 0 0 0 0 0 0 0 0 0 0 0 0 0 0 0 0 0 0 0 0 0 0 0 0 0 0 0 0 0 0 0 0 0 0 0 0 0 0 0 0 0 0 0 0 0 0 0 0 0 0 0 0 0 0 0 0 0 0 0 0 0 0 0 0 0 0 0 0 0 0 0 0 0 0 0 0 0 0 0 0 0 0 0 0 0 0 0 0 0 0 0 0 0 0 0 0 0 0 0 0 0 0 0 0 0 0 0 0 0 0 0 0 0 0 0 0 0 0 0 0 0 0 0 0 0 0 0 0 0 0 0 0 0 0 0 0 0 0 0 0 0 0 0 0 0 0 0 0 0 0 0 0 0 0 0 0 0 0 0 0 0 0 0 0 0 0 0 0 0 0 0 0 0 0 0 0 0 0 0 0 0 0 0 0 0 0 0 0 0 0
ctxt 3868101460
btime 1783935075
processes 5443935
procs_running 1
procs_blocked 0
softirq 2899539841 204 324967283 1706999 918744780 33214 0 7719298 927511726 399464 718456873

/proc/meminfo
MemTotal:       32273192 kB
MemFree:         1651672 kB
MemAvailable:   23104716 kB
Buffers:               0 kB
Cached:         20942500 kB
SwapCached:        15524 kB
Active:         15771116 kB
Inactive:       12518020 kB
Active(anon):    6841672 kB
Inactive(anon):   552376 kB
Active(file):    8929444 kB
Inactive(file): 11965644 kB
Unevictable:           0 kB
Mlocked:               0 kB
SwapTotal:      67108860 kB
SwapFree:       63106556 kB
Zswap:                 0 kB
Zswapped:              0 kB
Dirty:                92 kB
Writeback:             0 kB
AnonPages:       7318716 kB
Mapped:           282384 kB
Shmem:             47772 kB
KReclaimable:    1027176 kB
Slab:            1465092 kB
SReclaimable:    1027176 kB
SUnreclaim:       437916 kB
KernelStack:       34048 kB
PageTables:        44896 kB
SecPageTables:      4112 kB
NFS_Unstable:          0 kB
Bounce:                0 kB
WritebackTmp:          0 kB
CommitLimit:    83245456 kB
Committed_AS:   17750524 kB
VmallocTotal:   34359738367 kB
VmallocUsed:      229708 kB
VmallocChunk:          0 kB
Percpu:            21216 kB
HardwareCorrupted:     0 kB
AnonHugePages:   1112064 kB
ShmemHugePages:        0 kB
ShmemPmdMapped:        0 kB
FileHugePages:         0 kB
FilePmdMapped:         0 kB
CmaTotal:              0 kB
CmaFree:               0 kB
Unaccepted:            0 kB
HugePages_Total:       0
HugePages_Free:        0
HugePages_Rsvd:        0
HugePages_Surp:        0
Hugepagesize:       2048 kB
Hugetlb:               0 kB
DirectMap4k:      389980 kB
DirectMap2M:     5574656 kB
DirectMap1G:    27262976 kB

