/proc/loadavg
2.00 1.78 1.45 1/2100 14

/proc/stat
cpu  119381779 86936 3735690 11900313304 195227624 904025 1420325 0 0 0
cpu0 41248584 53 88366 463341500 4314989 72712 145547 0 0 0
cpu1 7245874 38258 741271 474574742 26150485 117358 156566 0 0 0
cpu2 5421673 307 162564 489772851 13793964 40551 27876 0 0 0
cpu3 4746858 101 89198 495236808 9121294 26288 15396 0 0 0
cpu4 5152361 1389 235866 486619012 17044865 52268 45784 0 0 0
cpu5 5088147 58 87950 495409464 8600202 28753 15169 0 0 0
cpu6 4939946 76 63764 499352218 4842713 23692 24423 0 0 0
cpu7 10433935 22861 650014 474561689 23277991 105302 72586 0 0 0
cpu8 5086543 126 114734 493684687 10261047 38501 36711 0 0 0
cpu9 4984367 60 69489 499044992 5102144 24474 17781 0 0 0
cpu10 4966695 42 65269 500649474 3473282 24565 70932 0 0 0
cpu11 4717389 575 200498 491973313 12118515 56725 98099 0 0 0
cpu12 1716456 39 47566 502916972 4532964 14376 19611 0 0 0
cpu13 2179562 11035 350390 498757977 7824731 33665 22545 0 0 0
cpu14 804822 232 54087 503117002 5226357 14003 13013 0 0 0
cpu15 1037698 59 44988 503858856 4299939 9989 7502 0 0 0
cpu16 1058005 291 53408 504611154 3516668 10303 6135 0 0 0
cpu17 677371 106 57220 504941757 3356292 43821 157911 0 0 0
cpu18 803883 52 59404 504654030 3609262 22982 99785 0 0 0
cpu19 3477155 10449 255242 497189712 8152403 48231 39761 0 0 0
cpu20 711852 204 54917 503379653 4942711 34275 57148 0 0 0
cpu21 757458 140 76495 503820654 4271985 40615 255804 0 0 0
cpu22 748507 73 58819 504940906 3489561 9655 8238 0 0 0
cpu23 1376625 340 54161 503903871 3903248 10911 5989 0 0 0
intr 3816899966 22 0 0 0 0 0 0 0 0 0 0 0 0 0 0 0 8 0 0 0 0 0 0 0 0 0 0 0 1 0 1 1 1 1 0 0 0 0 37 0 0 0 0 0 0 0 0 0 0 0 0 0 0 0 0 0 0 0 0 0 0 0 0 0 2953 1 170675737 161726614 166795237 394004776 95182 763667 144681 105967 227153 183203 85702 592418 124923 90500 70987 165727 77129 286653 93979 81287 104916 73683 74654 600036 173444 100613 70931 80878 30004 0 0 0 0 0 0 2 0 2 2 2 2 2 2 35 2 207 2 0 0 0 0 0 0 0 0 0 0 0 0 0 0 0 0 0 0 0 0 0 0 0 0 0 0 0 0 0 0 0 0 0 0 0 0 0 0 0 0 0 0 0 0 0 0 0 0 0 0 0 0 0 0 0 0 0 0 0 0 0 0 0 0 0 0 0 0 0 0 0 0 0 0 0 0 0 0 0 0 0 0 0 0 0 0 0 0 0 0 0 0 0 0 0 0 0 0 0 0 0 0 0 0 0 0 0 0 0 0 0 0 0 0 0 0 0 0 0 0 0 0 0 0 0 0 0 0 0 0 0 0 0 0 0 0 0 0 0 0 0 0 0 0 0 0 0 0 0 0 0 0 0 0 0 0 0 0 0 0 0 0 0 0 0 0 0 0 0 0 0 0 0 0 0 0 0 0 0 0 0 0 0 0 0 0 0 0 0 0 0 0 0 0 0 0 0 0 0 0 0 0 0 0 0 0 0 0 0 0 0 0 0 0 0 0 0 0 0 0 0 0 0 0 0 0 0 0 0 0 0 0 0 0 0 0 0 0 0 0 0 0 0 0 0 0 0 0 0 0 0 0 0 0 0 0 0 0 0 0 0 0 0 0 0 0 0 0 0 0 0 0 0 0 0 0 0 0 0 0 0 0 0 0 0 0 0 0 0 0 0 0 0 0 0 0 0 0 0 0 0 0 0 0 0 0 0 0 0 0 0 0 0 0 0 0 0 0 0 0 0 0 0 0 0 0 0 0 0 0 0 0 0 0 0 0 0 0 0 0 0 0 0 0 0 0 0 0 0 0 0 0 0 0 0 0 0 0 0 0 0 0 0 0 0 0 0 0 0 0 0 0 0 0 0 0 0 0 0 0 0 0 0 0 0 0 0 0 0 0 0 0 0 0 0 0 0 0 0 0 0 0 0 0 0 0 0 0 0 0 0 0 0 0 0 0 0 0 0 0 0 0 0 0 0 0 0 0 0 0 0 0 0 0 0 0 0 0 0 0 0 0 0 0 0 0 0 0 0 0 0 0 0 0 0 0 0 0 0 0 0 0 0 0 0 0 0 0 0 0 0 0 0 0 0 0 0 0 0 0 0 0 0 0 0 0 0 0 0 0 0 0 0 0 0 0 0 0 0 0 0 0 0 0 0 0 0 0 0 0 0 0 0 0 0 0 0 0 0 0 0 0 0 0 0 0 0 0 0 0 0 0 0 0 0 0 0 0 0 0 0 0 0 0 0 0 0 0 0 0 0 0 0 0 0 0 0 0 0 0 0 0 0 0 0 0 0 0 0 0 0 0 0 0 0 0 0 0 0 0 0 0 0 0 0 0 0 0 0 0 0 0 0 0 0 0 0 0 0 0 0 0 0 0 0 0 0 0 0 0 0 0 0 0 0 0 0 0 0 0 0 0 0 0 0 0 0 0 0 0 0 0 0 0 0 0 0 0 0 0 0 0 0 0 0 0 0 0 0 0 0 0 0 0 0 0 0 0 0 0 0 0 0 0 0 0 0 0 0 0 0 0 0 0 0 0 0 0 0 0 0 0 0 0 0 0 0 0 0 0 0 0 0 0 0 0 0 0 0 0 0 0 0 0 0 0 0 0 0 0 0 0 0 0 0 0 0 0 0 0 0 0 0 0 0 0 0 0 0 0 0 0 0 0 0 0 0 0 0 0 0 0 0 0 0 0 0 0 0 0 0 0 0 0 0 0 0 0 0 0 0 0 0 0 0 0 0 0 0 0 0 0 0 0 0 0 0 0 0 0 0 0 0 0 0 0 0 0 0 0 0 0 0 0 0 0 0 0 0 0 0 0 0 0 0 0 0 0 0 0 0 0 0 0 0 0 0 0 0 0 0 0 0 0 0 0 0 0 0 0 0 0 0 0 0 0 0 0 0 0 0 0 0 0 0 0 0 0 0 0 0 0 0 0 0 0 0 0 0 0 0 0 0 0 0 0 0 0 0 0 0 0 0 0 0 0 0 0 0 0 0 0 0 0 0 0 0 0 0 0 0 0 0 0 0 0 0 0 0 0 0 0 0 0 0 0 0 0 0 0 0 0 0 0 0 0 0 0 0 0 0 0 0 0 0 0 0 0 0 0 0 0 0 0 0 0 0 0 0 0 0 0 0 0 0 0 0 0 0 0 0 0 0 0 0 0 0 0 0 0 0 0 0 0 0 0 0 0 0 0 0 0 0 0 0 0 0 0 0 0 0 0 0 0 0 0 0 0 0 0 0 0 0 0 0 0 0 0 0 0 0 0 0 0 0 0 0 0 0 0 0 0 0 0 0 0 0 0 0 0 0 0 0 0 0 0 0 0 0 0 0 0 0 0 0 0 0 0 0 0 0 0 0 0 0 0 0
ctxt 3867377618
btime 1783935075
processes 5443441
procs_running 1
procs_blocked 0
softirq 2898947041 204 324930369 1705756 918689651 33214 0 7718263 927101962 399464 718368158

/proc/meminfo
MemTotal:       32273192 kB
MemFree:         1716068 kB
MemAvailable:   23109076 kB
Buffers:               0 kB
Cached:         20882412 kB
SwapCached:        15524 kB
Active:         15767724 kB
Inactive:       12457908 kB
Active(anon):    6838248 kB
Inactive(anon):   552380 kB
Active(file):    8929476 kB
Inactive(file): 11905528 kB
Unevictable:           0 kB
Mlocked:               0 kB
SwapTotal:      67108860 kB
SwapFree:       63106556 kB
Zswap:                 0 kB
Zswapped:              0 kB
Dirty:               156 kB
Writeback:             0 kB
AnonPages:       7315360 kB
Mapped:           281844 kB
Shmem:             47772 kB
KReclaimable:    1027224 kB
Slab:            1465288 kB
SReclaimable:    1027224 kB
SUnreclaim:       438064 kB
KernelStack:       33968 kB
PageTables:        44948 kB
SecPageTables:      4112 kB
NFS_Unstable:          0 kB
Bounce:                0 kB
WritebackTmp:          0 kB
CommitLimit:    83245456 kB
Committed_AS:   17747240 kB
VmallocTotal:   34359738367 kB
VmallocUsed:      229692 kB
VmallocChunk:          0 kB
Percpu:            21216 kB
HardwareCorrupted:     0 kB
AnonHugePages:   1112064 kB
ShmemHugePages:        0 kB
ShmemPmdMapped:        0 kB
FileHugePages:         0 kB
FilePmdMapped:         0 kB
CmaTotal:              0 kB
CmaFree:               0 kB
Unaccepted:            0 kB
HugePages_Total:       0
HugePages_Free:        0
HugePages_Rsvd:        0
HugePages_Surp:        0
Hugepagesize:       2048 kB
Hugetlb:               0 kB
DirectMap4k:      389980 kB
DirectMap2M:     5574656 kB
DirectMap1G:    27262976 kB

