/proc/loadavg
2.05 2.00 1.66 1/2106 24

/proc/stat
cpu  119415615 86936 3736091 11901087774 195227952 904123 1420478 0 0 0
cpu0 41250010 53 88540 463373409 4315054 72719 145658 0 0 0
cpu1 7245897 38258 741283 474608368 26150535 117360 156573 0 0 0
cpu2 5453528 307 162564 489774654 13793964 40617 27878 0 0 0
cpu3 4746869 101 89205 495270494 9121310 26288 15397 0 0 0
cpu4 5152410 1389 235884 486652627 17044900 52269 45786 0 0 0
cpu5 5088162 58 87956 495443157 8600212 28753 15169 0 0 0
cpu6 4939955 76 63768 499385925 4842714 23692 24423 0 0 0
cpu7 10433981 22861 650033 474595329 23278004 105303 72587 0 0 0
cpu8 5086554 126 114748 493718379 10261050 38502 36712 0 0 0
cpu9 4984375 60 69496 499078693 5102151 24474 17781 0 0 0
cpu10 4966710 42 65277 500683167 3473288 24565 70932 0 0 0
cpu11 4717443 575 200518 492006900 12118565 56728 98103 0 0 0
cpu12 1716471 39 47572 502950666 4532971 14377 19611 0 0 0
cpu13 2179627 11035 350417 498791582 7824746 33667 22546 0 0 0
cpu14 804823 232 54087 503150723 5226357 14003 13013 0 0 0
cpu15 1037732 59 44998 503892528 4299942 9990 7502 0 0 0
cpu16 1058068 291 53420 504644795 3516671 10304 6136 0 0 0
cpu17 677390 106 57227 504975441 3356297 43823 157916 0 0 0
cpu18 803896 52 59415 504687720 3609269 22983 99786 0 0 0
cpu19 3477226 10449 255260 497223337 8152406 48233 39762 0 0 0
cpu20 711867 204 54923 503413328 4942733 34276 57149 0 0 0
cpu21 757461 140 76502 503854347 4271985 40617 255818 0 0 0
cpu22 748512 73 58823 504974615 3489566 9655 8239 0 0 0
cpu23 1376636 340 54164 503937577 3903251 10911 5989 0 0 0
intr 3817476516 22 0 0 0 0 0 0 0 0 0 0 0 0 0 0 0 8 0 0 0 0 0 0 0 0 0 0 0 1 0 1 1 1 1 0 0 0 0 37 0 0 0 0 0 0 0 0 0 0 0 0 0 0 0 0 0 0 0 0 0 0 0 0 0 2953 1 170683020 161738384 166804097 394017329 95183 763667 144681 105967 227213 183225 85727 592423 124939 90500 70991 165727 77129 286653 93980 81287 104917 73683 74662 600070 173455 100616 70946 80878 30004 0 0 0 0 0 0 2 0 2 2 2 2 2 2 35 2 207 2 0 0 0 0 0 0 0 0 0 0 0 0 0 0 0 0 0 0 0 0 0 0 0 0 0 0 0 0 0 0 0 0 0 0 0 0 0 0 0 0 0 0 0 0 0 0 0 0 0 0 0 0 0 0 0 0 0 0 0 0 0 0 0 0 0 0 0 0 0 0 0 0 0 0 0 0 0 0 0 0 0 0 0 0 0 0 0 0 0 0 0 0 0 0 0 0 0 0 0 0 0 0 0 0 0 0 0 0 0 0 0 0 0 0 0 0 0 0 0 0 0 0 0 0 0 0 0 0 0 0 0 0 0 0 0 0 0 0 0 0 0 0 0 0 0 0 0 0 0 0 0 0 0 0 0 0 0 0 0 0 0 0 0 0 0 0 0 0 0 0 0 0 0 0 0 0 0 0 0 0 0 0 0 0 0 0 0 0 0 0 0 0 0 0 0 0 0 0 0 0 0 0 0 0 0 0 0 0 0 0 0 0 0 0 0 0 0 0 0 0 0 0 0 0 0 0 0 0 0 0 0 0 0 0 0 0 0 0 0 0 0 0 0 0 0 0 0 0 0 0 0 0 0 0 0 0 0 0 0 0 0 0 0 0 0 0 0 0 0 0 0 0 0 0 0 0 0 0 0 0 0 0 0 0 0 0 0 0 0 0 0 0 0 0 0 0 0 0 0 0 0 0 0 0 0 0 0 0 0 0 0 0 0 0 0 0 0 0 0 0 0 0 0 0 0 0 0 0 0 0 0 0 0 0 0 0 0 0 0 0 0 0 0 0 0 0 0 0 0 0 0 0 0 0 0 0 0 0 0 0 0 0 0 0 0 0 0 0 0 0 0 0 0 0 0 0 0 0 0 0 0 0 0 0 0 0 0 0 0 0 0 0 0 0 0 0 0 0 0 0 0 0 0 0 0 0 0 0 0 0 0 0 0 0 0 0 0 0 0 0 0 0 0 0 0 0 0 0 0 0 0 0 0 0 0 0 0 0 0 0 0 0 0 0 0 0 0 0 0 0 0 0 0 0 0 0 0 0 0 0 0 0 0 0 0 0 0 0 0 0 0 0 0 0 0 0 0 0 0 0 0 0 0 0 0 0 0 0 0 0 0 0 0 0 0 0 0 0 0 0 0 0 0 0 0 0 0 0 0 0 0 0 0 0 0 0 0 0 0 0 0 0 0 0 0 0 0 0 0 0 0 0 0 0 0 0 0 0 0 0 0 0 0 0 0 0 0 0 0 0 0 0 0 0 0 0 0 0 0 0 0 0 0 0 0 0 0 0 0 0 0 0 0 0 0 0 0 0 0 0 0 0 0 0 0 0 0 0 0 0 0 0 0 0 0 0 0 0 0 0 0 0 0 0 0 0 0 0 0 0 0 0 0 0 0 0 0 0 0 0 0 0 0 0 0 0 0 0 0 0 0 0 0 0 0 0 0 0 0 0 0 0 0 0 0 0 0 0 0 0 0 0 0 0 0 0 0 0 0 0 0 0 0 0 0 0 0 0 0 0 0 0 0 0 0 0 0 0 0 0 0 0 0 0 0 0 0 0 0 0 0 0 0 0 0 0 0 0 0 0 0 0 0 0 0 0 0 0 0 0 0 0 0 0 0 0 0 0 0 0 0 0 0 0 0 0 0 0 0 0 0 0 0 0 0 0 0 0 0 0 0 0 0 0 0 0 0 0 0 0 0 0 0 0 0 0 0 0 0 0 0 0 0 0 0 0 0 0 0 0 0 0 0 0 0 0 0 0 0 0 0 0 0 0 0 0 0 0 0 0 0 0 0 0 0 0 0 0 0 0 0 0 0 0 0 0 0 0 0 0 0 0 0 0 0 0 0 0 0 0 0 0 0 0 0 0 0 0 0 0 0 0 0 0 0 0 0 0 0 0 0 0 0 0 0 0 0 0 0 0 0 0 0 0 0 0 0 0 0 0 0 0 0 0 0 0 0 0 0 0 0 0 0 0 0 0 0 0 0 0 0 0 0 0 0 0 0 0 0 0 0 0 0 0 0 0 0 0 0 0 0 0 0 0 0 0 0 0 0 0 0 0 0 0 0 0 0 0 0 0 0 0 0 0 0 0 0 0 0 0 0 0 0 0 0 0 0 0 0 0 0 0 0 0 0 0 0 0 0 0 0 0 0 0 0 0 0 0 0 0 0 0 0 0 0 0 0 0 0 0 0 0 0 0 0 0 0 0 0 0 0 0 0 0 0 0 0 0 0 0 0 0 0 0 0 0 0 0 0 0 0 0 0 0 0 0 0 0 0 0 0 0 0 0 0 0 0 0 0 0 0 0 0 0 0 0 0 0 0 0 0 0 0 0 0 0 0 0 0 0 0 0 0 0 0 0 0
ctxt 3867826952
btime 1783935075
processes 5443783
procs_running 1
procs_blocked 0
softirq 2899353360 204 324955612 1706558 918731278 33214 0 7718981 927381295 399464 718426754

/proc/meminfo
MemTotal:       32273192 kB
MemFree:         1675816 kB
MemAvailable:   23108028 kB
Buffers:               0 kB
Cached:         20921604 kB
SwapCached:        15524 kB
Active:         15772484 kB
Inactive:       12497124 kB
Active(anon):    6843008 kB
Inactive(anon):   552376 kB
Active(file):    8929476 kB
Inactive(file): 11944748 kB
Unevictable:           0 kB
Mlocked:               0 kB
SwapTotal:      67108860 kB
SwapFree:       63106556 kB
Zswap:                 0 kB
Zswapped:              0 kB
Dirty:                 4 kB
Writeback:             0 kB
AnonPages:       7320176 kB
Mapped:           281992 kB
Shmem:             47772 kB
KReclaimable:    1027208 kB
Slab:            1465300 kB
SReclaimable:    1027208 kB
SUnreclaim:       438092 kB
KernelStack:       34080 kB
PageTables:        44836 kB
SecPageTables:      4112 kB
NFS_Unstable:          0 kB
Bounce:                0 kB
WritebackTmp:          0 kB
CommitLimit:    83245456 kB
Committed_AS:   17732780 kB
VmallocTotal:   34359738367 kB
VmallocUsed:      229708 kB
VmallocChunk:          0 kB
Percpu:            21216 kB
HardwareCorrupted:     0 kB
AnonHugePages:   1112064 kB
ShmemHugePages:        0 kB
ShmemPmdMapped:        0 kB
FileHugePages:         0 kB
FilePmdMapped:         0 kB
CmaTotal:              0 kB
CmaFree:               0 kB
Unaccepted:            0 kB
HugePages_Total:       0
HugePages_Free:        0
HugePages_Rsvd:        0
HugePages_Surp:        0
Hugepagesize:       2048 kB
Hugetlb:               0 kB
DirectMap4k:      389980 kB
DirectMap2M:     5574656 kB
DirectMap1G:    27262976 kB

