/proc/loadavg
2.04 1.62 1.33 1/2116 10

/proc/stat
cpu  119366085 86936 3735495 11899952815 195227385 903978 1420249 0 0 0
cpu0 41247803 53 88271 463326778 4314956 72708 145496 0 0 0
cpu1 7245844 38258 741263 474559102 26150469 117357 156562 0 0 0
cpu2 5407030 307 162564 489771825 13793964 40521 27876 0 0 0
cpu3 4746855 101 89197 495221182 9121225 26287 15396 0 0 0
cpu4 5152334 1389 235859 486603363 17044856 52266 45782 0 0 0
cpu5 5088145 58 87947 495393776 8600201 28752 15169 0 0 0
cpu6 4939938 76 63762 499336530 4842713 23692 24423 0 0 0
cpu7 10433918 22861 650006 474546018 23277990 105301 72585 0 0 0
cpu8 5086534 126 114721 493669017 10261042 38501 36711 0 0 0
cpu9 4984363 60 69487 499029316 5102126 24474 17781 0 0 0
cpu10 4966691 42 65266 500633790 3473275 24564 70931 0 0 0
cpu11 4717379 575 200494 491957681 12118462 56725 98098 0 0 0
cpu12 1716452 39 47564 502901284 4532960 14376 19610 0 0 0
cpu13 2179519 11035 350373 498742353 7824722 33663 22545 0 0 0
cpu14 804822 232 54086 503101304 5226357 14003 13013 0 0 0
cpu15 1037689 59 44985 503843173 4299938 9988 7502 0 0 0
cpu16 1057992 291 53402 504595478 3516666 10303 6135 0 0 0
cpu17 677367 106 57216 504926076 3356285 43820 157909 0 0 0
cpu18 803880 52 59403 504638339 3609260 22982 99785 0 0 0
cpu19 3477091 10449 255237 497174085 8152403 48230 39761 0 0 0
cpu20 711851 204 54916 503363958 4942711 34274 57148 0 0 0
cpu21 757454 140 76492 503804976 4271985 40614 255792 0 0 0
cpu22 748506 73 58817 504925212 3489560 9655 8238 0 0 0
cpu23 1376615 340 54156 503888187 3903248 10910 5989 0 0 0
intr 3816616516 22 0 0 0 0 0 0 0 0 0 0 0 0 0 0 0 8 0 0 0 0 0 0 0 0 0 0 0 1 0 1 1 1 1 0 0 0 0 37 0 0 0 0 0 0 0 0 0 0 0 0 0 0 0 0 0 0 0 0 0 0 0 0 0 2953 1 170673471 161725287 166777627 393994494 95182 763667 144681 105967 227130 183189 85681 592402 124923 90500 70985 165727 77129 286653 93979 81282 104915 73683 74654 600025 173443 100612 70922 80878 30004 0 0 0 0 0 0 2 0 2 2 2 2 2 2 35 2 207 2 0 0 0 0 0 0 0 0 0 0 0 0 0 0 0 0 0 0 0 0 0 0 0 0 0 0 0 0 0 0 0 0 0 0 0 0 0 0 0 0 0 0 0 0 0 0 0 0 0 0 0 0 0 0 0 0 0 0 0 0 0 0 0 0 0 0 0 0 0 0 0 0 0 0 0 0 0 0 0 0 0 0 0 0 0 0 0 0 0 0 0 0 0 0 0 0 0 0 0 0 0 0 0 0 0 0 0 0 0 0 0 0 0 0 0 0 0 0 0 0 0 0 0 0 0 0 0 0 0 0 0 0 0 0 0 0 0 0 0 0 0 0 0 0 0 0 0 0 0 0 0 0 0 0 0 0 0 0 0 0 0 0 0 0 0 0 0 0 0 0 0 0 0 0 0 0 0 0 0 0 0 0 0 0 0 0 0 0 0 0 0 0 0 0 0 0 0 0 0 0 0 0 0 0 0 0 0 0 0 0 0 0 0 0 0 0 0 0 0 0 0 0 0 0 0 0 0 0 0 0 0 0 0 0 0 0 0 0 0 0 0 0 0 0 0 0 0 0 0 0 0 0 0 0 0 0 0 0 0 0 0 0 0 0 0 0 0 0 0 0 0 0 0 0 0 0 0 0 0 0 0 0 0 0 0 0 0 0 0 0 0 0 0 0 0 0 0 0 0 0 0 0 0 0 0 0 0 0 0 0 0 0 0 0 0 0 0 0 0 0 0 0 0 0 0 0 0 0 0 0 0 0 0 0 0 0 0 0 0 0 0 0 0 0 0 0 0 0 0 0 0 0 0 0 0 0 0 0 0 0 0 0 0 0 0 0 0 0 0 0 0 0 0 0 0 0 0 0 0 0 0 0 0 0 0 0 0 0 0 0 0 0 0 0 0 0 0 0 0 0 0 0 0 0 0 0 0 0 0 0 0 0 0 0 0 0 0 0 0 0 0 0 0 0 0 0 0 0 0 0 0 0 0 0 0 0 0 0 0 0 0 0 0 0 0 0 0 0 0 0 0 0 0 0 0 0 0 0 0 0 0 0 0 0 0 0 0 0 0 0 0 0 0 0 0 0 0 0 0 0 0 0 0 0 0 0 0 0 0 0 0 0 0 0 0 0 0 0 0 0 0 0 0 0 0 0 0 0 0 0 0 0 0 0 0 0 0 0 0 0 0 0 0 0 0 0 0 0 0 0 0 0 0 0 0 0 0 0 0 0 0 0 0 0 0 0 0 0 0 0 0 0 0 0 0 0 0 0 0 0 0 0 0 0 0 0 0 0 0 0 0 0 0 0 0 0 0 0 0 0 0 0 0 0 0 0 0 0 0 0 0 0 0 0 0 0 0 0 0 0 0 0 0 0 0 0 0 0 0 0 0 0 0 0 0 0 0 0 0 0 0 0 0 0 0 0 0 0 0 0 0 0 0 0 0 0 0 0 0 0 0 0 0 0 0 0 0 0 0 0 0 0 0 0 0 0 0 0 0 0 0 0 0 0 0 0 0 0 0 0 0 0 0 0 0 0 0 0 0 0 0 0 0 0 0 0 0 0 0 0 0 0 0 0 0 0 0 0 0 0 0 0 0 0 0 0 0 0 0 0 0 0 0 0 0 0 0 0 0 0 0 0 0 0 0 0 0 0 0 0 0 0 0 0 0 0 0 0 0 0 0 0 0 0 0 0 0 0 0 0 0 0 0 0 0 0 0 0 0 0 0 0 0 0 0 0 0 0 0 0 0 0 0 0 0 0 0 0 0 0 0 0 0 0 0 0 0 0 0 0 0 0 0 0 0 0 0 0 0 0 0 0 0 0 0 0 0 0 0 0 0 0 0 0 0 0 0 0 0 0 0 0 0 0 0 0 0 0 0 0 0 0 0 0 0 0 0 0 0 0 0 0 0 0 0 0 0 0 0 0 0 0 0 0 0 0 0 0 0 0 0 0 0 0 0 0 0 0 0 0 0 0 0 0 0 0 0 0 0 0 0 0 0 0 0 0 0 0 0 0 0 0 0 0 0 0 0 0 0 0 0 0 0 0 0 0 0 0 0 0 0 0 0 0 0 0 0 0 0 0 0 0 0 0 0 0 0 0 0 0 0 0 0 0 0 0 0 0 0 0 0 0 0 0 0 0 0 0 0 0 0 0 0 0 0 0 0 0 0 0 0 0 0 0 0 0 0 0 0 0 0 0 0 0 0 0 0 0 0 0 0 0 0 0 0 0 0 0 0 0 0 0 0 0 0 0 0 0 0 0 0 0 0 0 0 0 0 0 0 0 0 0 0 0 0 0 0 0 0 0 0 0 0 0 0 0 0 0 0 0 0 0 0 0 0 0 0 0 0 0 0 0 0 0 0 0 0
ctxt 3867154017
btime 1783935075
processes 5443300
procs_running 1
procs_blocked 0
softirq 2898738988 204 324918516 1705228 918657817 33214 0 7717626 926965903 399464 718341016

/proc/meminfo
MemTotal:       32273192 kB
MemFree:         1741104 kB
MemAvailable:   23107908 kB
Buffers:               0 kB
Cached:         20856136 kB
SwapCached:        15524 kB
Active:         15770496 kB
Inactive:       12431660 kB
Active(anon):    6841048 kB
Inactive(anon):   552380 kB
Active(file):    8929448 kB
Inactive(file): 11879280 kB
Unevictable:           0 kB
Mlocked:               0 kB
SwapTotal:      67108860 kB
SwapFree:       63106556 kB
Zswap:                 0 kB
Zswapped:              0 kB
Dirty:                56 kB
Writeback:             0 kB
AnonPages:       7319100 kB
Mapped:           281752 kB
Shmem:             47772 kB
KReclaimable:    1027296 kB
Slab:            1465460 kB
SReclaimable:    1027296 kB
SUnreclaim:       438164 kB
KernelStack:       34240 kB
PageTables:        44840 kB
SecPageTables:      4112 kB
NFS_Unstable:          0 kB
Bounce:                0 kB
WritebackTmp:          0 kB
CommitLimit:    83245456 kB
Committed_AS:   17751036 kB
VmallocTotal:   34359738367 kB
VmallocUsed:      229820 kB
VmallocChunk:          0 kB
Percpu:            21216 kB
HardwareCorrupted:     0 kB
AnonHugePages:   1112064 kB
ShmemHugePages:        0 kB
ShmemPmdMapped:        0 kB
FileHugePages:         0 kB
FilePmdMapped:         0 kB
CmaTotal:              0 kB
CmaFree:               0 kB
Unaccepted:            0 kB
HugePages_Total:       0
HugePages_Free:        0
HugePages_Rsvd:        0
HugePages_Surp:        0
Hugepagesize:       2048 kB
Hugetlb:               0 kB
DirectMap4k:      389980 kB
DirectMap2M:     5574656 kB
DirectMap1G:    27262976 kB

