/proc/loadavg
2.00 1.81 1.47 1/2096 15

/proc/stat
cpu  119384941 86936 3735706 11900385086 195227641 904034 1420339 0 0 0
cpu0 41248584 53 88366 463344609 4314990 72712 145558 0 0 0
cpu1 7245880 38258 741273 474577856 26150487 117359 156566 0 0 0
cpu2 5424790 307 162564 489772852 13793964 40557 27877 0 0 0
cpu3 4746858 101 89198 495239931 9121296 26288 15396 0 0 0
cpu4 5152362 1389 235866 486622135 17044866 52268 45784 0 0 0
cpu5 5088148 58 87950 495412588 8600203 28753 15169 0 0 0
cpu6 4939946 76 63764 499355343 4842713 23692 24423 0 0 0
cpu7 10433938 22861 650015 474564810 23277991 105302 72586 0 0 0
cpu8 5086546 126 114736 493687807 10261047 38502 36711 0 0 0
cpu9 4984368 60 69489 499048114 5102146 24474 17781 0 0 0
cpu10 4966695 42 65270 500652595 3473284 24565 70932 0 0 0
cpu11 4717391 575 200499 491976429 12118519 56725 98099 0 0 0
cpu12 1716459 39 47566 502920094 4532965 14376 19611 0 0 0
cpu13 2179569 11035 350393 498761091 7824731 33665 22545 0 0 0
cpu14 804822 232 54087 503120127 5226357 14003 13013 0 0 0
cpu15 1037698 59 44988 503861981 4299939 9989 7502 0 0 0
cpu16 1058005 291 53408 504614279 3516668 10303 6135 0 0 0
cpu17 677371 106 57220 504944879 3356292 43821 157911 0 0 0
cpu18 803883 52 59404 504657153 3609263 22982 99785 0 0 0
cpu19 3477174 10449 255244 497192817 8152403 48231 39761 0 0 0
cpu20 711852 204 54917 503382777 4942711 34275 57148 0 0 0
cpu21 757458 140 76495 503823776 4271985 40616 255805 0 0 0
cpu22 748507 73 58819 504944032 3489561 9655 8238 0 0 0
cpu23 1376625 340 54161 503906996 3903248 10911 5989 0 0 0
intr 3816951932 22 0 0 0 0 0 0 0 0 0 0 0 0 0 0 0 8 0 0 0 0 0 0 0 0 0 0 0 1 0 1 1 1 1 0 0 0 0 37 0 0 0 0 0 0 0 0 0 0 0 0 0 0 0 0 0 0 0 0 0 0 0 0 0 2953 1 170676222 161728604 166795956 394005832 95183 763667 144681 105967 227154 183205 85703 592418 124923 90500 70988 165727 77129 286653 93979 81287 104916 73683 74654 600038 173445 100613 70931 80878 30004 0 0 0 0 0 0 2 0 2 2 2 2 2 2 35 2 207 2 0 0 0 0 0 0 0 0 0 0 0 0 0 0 0 0 0 0 0 0 0 0 0 0 0 0 0 0 0 0 0 0 0 0 0 0 0 0 0 0 0 0 0 0 0 0 0 0 0 0 0 0 0 0 0 0 0 0 0 0 0 0 0 0 0 0 0 0 0 0 0 0 0 0 0 0 0 0 0 0 0 0 0 0 0 0 0 0 0 0 0 0 0 0 0 0 0 0 0 0 0 0 0 0 0 0 0 0 0 0 0 0 0 0 0 0 0 0 0 0 0 0 0 0 0 0 0 0 0 0 0 0 0 0 0 0 0 0 0 0 0 0 0 0 0 0 0 0 0 0 0 0 0 0 0 0 0 0 0 0 0 0 0 0 0 0 0 0 0 0 0 0 0 0 0 0 0 0 0 0 0 0 0 0 0 0 0 0 0 0 0 0 0 0 0 0 0 0 0 0 0 0 0 0 0 0 0 0 0 0 0 0 0 0 0 0 0 0 0 0 0 0 0 0 0 0 0 0 0 0 0 0 0 0 0 0 0 0 0 0 0 0 0 0 0 0 0 0 0 0 0 0 0 0 0 0 0 0 0 0 0 0 0 0 0 0 0 0 0 0 0 0 0 0 0 0 0 0 0 0 0 0 0 0 0 0 0 0 0 0 0 0 0 0 0 0 0 0 0 0 0 0 0 0 0 0 0 0 0 0 0 0 0 0 0 0 0 0 0 0 0 0 0 0 0 0 0 0 0 0 0 0 0 0 0 0 0 0 0 0 0 0 0 0 0 0 0 0 0 0 0 0 0 0 0 0 0 0 0 0 0 0 0 0 0 0 0 0 0 0 0 0 0 0 0 0 0 0 0 0 0 0 0 0 0 0 0 0 0 0 0 0 0 0 0 0 0 0 0 0 0 0 0 0 0 0 0 0 0 0 0 0 0 0 0 0 0 0 0 0 0 0 0 0 0 0 0 0 0 0 0 0 0 0 0 0 0 0 0 0 0 0 0 0 0 0 0 0 0 0 0 0 0 0 0 0 0 0 0 0 0 0 0 0 0 0 0 0 0 0 0 0 0 0 0 0 0 0 0 0 0 0 0 0 0 0 0 0 0 0 0 0 0 0 0 0 0 0 0 0 0 0 0 0 0 0 0 0 0 0 0 0 0 0 0 0 0 0 0 0 0 0 0 0 0 0 0 0 0 0 0 0 0 0 0 0 0 0 0 0 0 0 0 0 0 0 0 0 0 0 0 0 0 0 0 0 0 0 0 0 0 0 0 0 0 0 0 0 0 0 0 0 0 0 0 0 0 0 0 0 0 0 0 0 0 0 0 0 0 0 0 0 0 0 0 0 0 0 0 0 0 0 0 0 0 0 0 0 0 0 0 0 0 0 0 0 0 0 0 0 0 0 0 0 0 0 0 0 0 0 0 0 0 0 0 0 0 0 0 0 0 0 0 0 0 0 0 0 0 0 0 0 0 0 0 0 0 0 0 0 0 0 0 0 0 0 0 0 0 0 0 0 0 0 0 0 0 0 0 0 0 0 0 0 0 0 0 0 0 0 0 0 0 0 0 0 0 0 0 0 0 0 0 0 0 0 0 0 0 0 0 0 0 0 0 0 0 0 0 0 0 0 0 0 0 0 0 0 0 0 0 0 0 0 0 0 0 0 0 0 0 0 0 0 0 0 0 0 0 0 0 0 0 0 0 0 0 0 0 0 0 0 0 0 0 0 0 0 0 0 0 0 0 0 0 0 0 0 0 0 0 0 0 0 0 0 0 0 0 0 0 0 0 0 0 0 0 0 0 0 0 0 0 0 0 0 0 0 0 0 0 0 0 0 0 0 0 0 0 0 0 0 0 0 0 0 0 0 0 0 0 0 0 0 0 0 0 0 0 0 0 0 0 0 0 0 0 0 0 0 0 0 0 0 0 0 0 0 0 0 0 0 0 0 0 0 0 0 0 0 0 0 0 0 0 0 0 0 0 0 0 0 0 0 0 0 0 0 0 0 0 0 0 0 0 0 0 0 0 0 0 0 0 0 0 0 0 0 0 0 0 0 0 0 0 0 0 0 0 0 0 0 0 0 0 0 0 0 0 0 0 0 0 0 0 0 0 0 0 0 0 0 0 0 0 0 0 0 0 0 0 0 0 0 0 0 0 0 0 0 0 0 0 0 0 0 0 0 0 0 0 0 0 0 0 0 0 0 0 0 0 0 0 0 0 0 0 0 0 0 0 0 0 0 0 0 0 0 0 0 0 0 0 0 0 0 0 0 0 0 0 0 0 0 0 0 0 0 0 0 0 0 0 0 0 0 0 0 0 0 0 0 0 0 0 0 0 0 0 0 0 0 0 0 0 0 0
ctxt 3867409856
btime 1783935075
processes 5443448
procs_running 1
procs_blocked 0
softirq 2898983746 204 324932624 1705765 918693995 33214 0 7718310 927127521 399464 718372649

/proc/meminfo
MemTotal:       32273192 kB
MemFree:         1720660 kB
MemAvailable:   23113784 kB
Buffers:               0 kB
Cached:         20882496 kB
SwapCached:        15528 kB
Active:         15769924 kB
Inactive:       12457992 kB
Active(anon):    6840416 kB
Inactive(anon):   552380 kB
Active(file):    8929508 kB
Inactive(file): 11905612 kB
Unevictable:           0 kB
Mlocked:               0 kB
SwapTotal:      67108860 kB
SwapFree:       63106556 kB
Zswap:                 0 kB
Zswapped:              0 kB
Dirty:                 4 kB
Writeback:             0 kB
AnonPages:       7317520 kB
Mapped:           281844 kB
Shmem:             47772 kB
KReclaimable:    1027224 kB
Slab:            1465288 kB
SReclaimable:    1027224 kB
SUnreclaim:       438064 kB
KernelStack:       33920 kB
PageTables:        44832 kB
SecPageTables:      4112 kB
NFS_Unstable:          0 kB
Bounce:                0 kB
WritebackTmp:          0 kB
CommitLimit:    83245456 kB
Committed_AS:   17732472 kB
VmallocTotal:   34359738367 kB
VmallocUsed:      229644 kB
VmallocChunk:          0 kB
Percpu:            21216 kB
HardwareCorrupted:     0 kB
AnonHugePages:   1112064 kB
ShmemHugePages:        0 kB
ShmemPmdMapped:        0 kB
FileHugePages:         0 kB
FilePmdMapped:         0 kB
CmaTotal:              0 kB
CmaFree:               0 kB
Unaccepted:            0 kB
HugePages_Total:       0
HugePages_Free:        0
HugePages_Rsvd:        0
HugePages_Surp:        0
Hugepagesize:       2048 kB
Hugetlb:               0 kB
DirectMap4k:      389980 kB
DirectMap2M:     5574656 kB
DirectMap1G:    27262976 kB

