/proc/loadavg
2.77 2.53 2.08 1/2109 99

/proc/stat
cpu  119504197 86936 3737399 11902607147 195228712 904379 1420801 0 0 0
cpu0 41254392 53 89301 463434846 4315307 72737 145869 0 0 0
cpu1 7245979 38258 741321 474675258 26150599 117366 156594 0 0 0
cpu2 5513960 307 162567 489781208 13793964 40743 27880 0 0 0
cpu3 4750143 101 89226 495334238 9121372 26298 15398 0 0 0
cpu4 5155747 1389 235923 486716278 17044965 52281 45790 0 0 0
cpu5 5091421 58 87974 495506969 8600218 28764 15171 0 0 0
cpu6 4943227 76 63780 499449742 4842718 23701 24424 0 0 0
cpu7 10437343 22861 650058 474659021 23278027 105314 72590 0 0 0
cpu8 5089783 126 114762 493782210 10261080 38511 36712 0 0 0
cpu9 4987630 60 69504 499142501 5102188 24482 17782 0 0 0
cpu10 4966750 42 65294 500750204 3473305 24567 70933 0 0 0
cpu11 4717488 575 200544 492073877 12118619 56730 98108 0 0 0
cpu12 1716484 39 47579 503017754 4532980 14378 19611 0 0 0
cpu13 2179682 11035 350502 498858528 7824755 33670 22548 0 0 0
cpu14 804829 232 54092 503217825 5226357 14003 13014 0 0 0
cpu15 1037770 59 45026 503959524 4299985 9992 7503 0 0 0
cpu16 1058167 291 53449 504711770 3516673 10306 6137 0 0 0
cpu17 677443 106 57256 505042432 3356306 43829 157929 0 0 0
cpu18 803903 52 59426 504754806 3609272 22985 99787 0 0 0
cpu19 3477358 10449 255306 497290256 8152412 48237 39764 0 0 0
cpu20 711931 204 54948 503480336 4942742 34280 57151 0 0 0
cpu21 757478 140 76518 503921356 4272002 40622 255864 0 0 0
cpu22 748551 73 58840 505041636 3489594 9658 8241 0 0 0
cpu23 1376726 340 54192 504004561 3903258 10914 5990 0 0 0
intr 3818978443 22 0 0 0 0 0 0 0 0 0 0 0 0 0 0 0 8 0 0 0 0 0 0 0 0 0 0 0 1 0 1 1 1 1 0 0 0 0 37 0 0 0 0 0 0 0 0 0 0 0 0 0 0 0 0 0 0 0 0 0 0 0 0 0 2953 1 170715904 161748631 166812042 394072707 95192 763667 144681 105968 227307 183274 85817 592423 124954 90501 70992 165728 77131 286673 93982 81288 104920 73686 74665 600128 173463 100622 70981 80880 30004 0 0 0 0 0 0 2 0 2 2 2 2 2 2 35 2 207 2 0 0 0 0 0 0 0 0 0 0 0 0 0 0 0 0 0 0 0 0 0 0 0 0 0 0 0 0 0 0 0 0 0 0 0 0 0 0 0 0 0 0 0 0 0 0 0 0 0 0 0 0 0 0 0 0 0 0 0 0 0 0 0 0 0 0 0 0 0 0 0 0 0 0 0 0 0 0 0 0 0 0 0 0 0 0 0 0 0 0 0 0 0 0 0 0 0 0 0 0 0 0 0 0 0 0 0 0 0 0 0 0 0 0 0 0 0 0 0 0 0 0 0 0 0 0 0 0 0 0 0 0 0 0 0 0 0 0 0 0 0 0 0 0 0 0 0 0 0 0 0 0 0 0 0 0 0 0 0 0 0 0 0 0 0 0 0 0 0 0 0 0 0 0 0 0 0 0 0 0 0 0 0 0 0 0 0 0 0 0 0 0 0 0 0 0 0 0 0 0 0 0 0 0 0 0 0 0 0 0 0 0 0 0 0 0 0 0 0 0 0 0 0 0 0 0 0 0 0 0 0 0 0 0 0 0 0 0 0 0 0 0 0 0 0 0 0 0 0 0 0 0 0 0 0 0 0 0 0 0 0 0 0 0 0 0 0 0 0 0 0 0 0 0 0 0 0 0 0 0 0 0 0 0 0 0 0 0 0 0 0 0 0 0 0 0 0 0 0 0 0 0 0 0 0 0 0 0 0 0 0 0 0 0 0 0 0 0 0 0 0 0 0 0 0 0 0 0 0 0 0 0 0 0 0 0 0 0 0 0 0 0 0 0 0 0 0 0 0 0 0 0 0 0 0 0 0 0 0 0 0 0 0 0 0 0 0 0 0 0 0 0 0 0 0 0 0 0 0 0 0 0 0 0 0 0 0 0 0 0 0 0 0 0 0 0 0 0 0 0 0 0 0 0 0 0 0 0 0 0 0 0 0 0 0 0 0 0 0 0 0 0 0 0 0 0 0 0 0 0 0 0 0 0 0 0 0 0 0 0 0 0 0 0 0 0 0 0 0 0 0 0 0 0 0 0 0 0 0 0 0 0 0 0 0 0 0 0 0 0 0 0 0 0 0 0 0 0 0 0 0 0 0 0 0 0 0 0 0 0 0 0 0 0 0 0 0 0 0 0 0 0 0 0 0 0 0 0 0 0 0 0 0 0 0 0 0 0 0 0 0 0 0 0 0 0 0 0 0 0 0 0 0 0 0 0 0 0 0 0 0 0 0 0 0 0 0 0 0 0 0 0 0 0 0 0 0 0 0 0 0 0 0 0 0 0 0 0 0 0 0 0 0 0 0 0 0 0 0 0 0 0 0 0 0 0 0 0 0 0 0 0 0 0 0 0 0 0 0 0 0 0 0 0 0 0 0 0 0 0 0 0 0 0 0 0 0 0 0 0 0 0 0 0 0 0 0 0 0 0 0 0 0 0 0 0 0 0 0 0 0 0 0 0 0 0 0 0 0 0 0 0 0 0 0 0 0 0 0 0 0 0 0 0 0 0 0 0 0 0 0 0 0 0 0 0 0 0 0 0 0 0 0 0 0 0 0 0 0 0 0 0 0 0 0 0 0 0 0 0 0 0 0 0 0 0 0 0 0 0 0 0 0 0 0 0 0 0 0 0 0 0 0 0 0 0 0 0 0 0 0 0 0 0 0 0 0 0 0 0 0 0 0 0 0 0 0 0 0 0 0 0 0 0 0 0 0 0 0 0 0 0 0 0 0 0 0 0 0 0 0 0 0 0 0 0 0 0 0 0 0 0 0 0 0 0 0 0 0 0 0 0 0 0 0 0 0 0 0 0 0 0 0 0 0 0 0 0 0 0 0 0 0 0 0 0 0 0 0 0 0 0 0 0 0 0 0 0 0 0 0 0 0 0 0 0 0 0 0 0 0 0 0 0 0 0 0 0 0 0 0 0 0 0 0 0 0 0 0 0 0 0 0 0 0 0 0 0 0 0 0 0 0 0 0 0 0 0 0 0 0 0 0 0 0 0 0 0 0 0 0 0 0 0 0 0 0 0 0 0 0 0 0 0 0 0 0 0 0 0 0 0 0 0 0 0 0 0 0 0 0 0 0 0 0 0 0 0 0 0 0 0 0 0 0 0 0 0 0 0 0 0 0 0 0 0 0 0 0 0 0 0 0 0 0 0 0 0 0 0 0 0 0 0 0 0 0 0 0 0 0 0 0 0 0 0 0 0 0 0 0 0 0 0 0 0 0 0 0 0 0 0 0 0 0 0 0 0 0 0 0 0 0 0 0 0 0 0 0 0 0 0 0 0 0 0 0 0 0 0 0 0 0 0 0 0 0 0 0 0 0 0 0 0 0 0 0 0 0 0 0 0 0 0 0 0 0
ctxt 3868861314
btime 1783935075
processes 5444606
procs_running 1
procs_blocked 0
softirq 2900213095 204 325006832 1708808 918841035 33214 0 7722016 927948164 399464 718553358

/proc/meminfo
MemTotal:       32273192 kB
MemFree:         1503608 kB
MemAvailable:   23032620 kB
Buffers:               0 kB
Cached:         21018392 kB
SwapCached:        15520 kB
Active:         15868216 kB
Inactive:       12592832 kB
Active(anon):    6937648 kB
Inactive(anon):   552376 kB
Active(file):    8930568 kB
Inactive(file): 12040456 kB
Unevictable:           0 kB
Mlocked:               0 kB
SwapTotal:      67108860 kB
SwapFree:       63106556 kB
Zswap:                 0 kB
Zswapped:              0 kB
Dirty:                28 kB
Writeback:             0 kB
AnonPages:       7412668 kB
Mapped:           282684 kB
Shmem:             47792 kB
KReclaimable:    1027208 kB
Slab:            1465168 kB
SReclaimable:    1027208 kB
SUnreclaim:       437960 kB
KernelStack:       34128 kB
PageTables:        45212 kB
SecPageTables:      4112 kB
NFS_Unstable:          0 kB
Bounce:                0 kB
WritebackTmp:          0 kB
CommitLimit:    83245456 kB
Committed_AS:   17918620 kB
VmallocTotal:   34359738367 kB
VmallocUsed:      229776 kB
VmallocChunk:          0 kB
Percpu:            21216 kB
HardwareCorrupted:     0 kB
AnonHugePages:   1359872 kB
ShmemHugePages:        0 kB
ShmemPmdMapped:        0 kB
FileHugePages:         0 kB
FilePmdMapped:         0 kB
CmaTotal:              0 kB
CmaFree:               0 kB
Unaccepted:            0 kB
HugePages_Total:       0
HugePages_Free:        0
HugePages_Rsvd:        0
HugePages_Surp:        0
Hugepagesize:       2048 kB
Hugetlb:               0 kB
DirectMap4k:      389980 kB
DirectMap2M:     5574656 kB
DirectMap1G:    27262976 kB

