/proc/loadavg
2.51 2.61 2.17 1/2094 126

/proc/stat
cpu  119525930 86936 3737597 11902878150 195228855 904437 1420865 0 0 0
cpu0 41255341 53 89419 463445887 4315363 72741 145908 0 0 0
cpu1 7246011 38258 741324 474687411 26150620 117366 156598 0 0 0
cpu2 5524943 307 162567 489782420 13793964 40766 27881 0 0 0
cpu3 4751516 101 89229 495345073 9121375 26301 15398 0 0 0
cpu4 5157136 1389 235927 486727081 17044982 52285 45791 0 0 0
cpu5 5092792 58 87975 495517811 8600219 28767 15171 0 0 0
cpu6 4944610 76 63784 499460566 4842720 23705 24424 0 0 0
cpu7 10438726 22861 650061 474669850 23278027 105318 72590 0 0 0
cpu8 5091149 126 114763 493793060 10261080 38514 36713 0 0 0
cpu9 4989000 60 69504 499153346 5102188 24485 17782 0 0 0
cpu10 4966755 42 65299 500762412 3473305 24568 70933 0 0 0
cpu11 4717492 575 200546 492086073 12118633 56730 98108 0 0 0
cpu12 1716496 39 47583 503029949 4532985 14378 19611 0 0 0
cpu13 2179690 11035 350511 498870725 7824755 33670 22548 0 0 0
cpu14 804831 232 54092 503230042 5226357 14003 13014 0 0 0
cpu15 1037780 59 45030 503971728 4299985 9993 7504 0 0 0
cpu16 1058183 291 53456 504723957 3516678 10307 6137 0 0 0
cpu17 677445 106 57260 505054638 3356308 43830 157932 0 0 0
cpu18 803905 52 59428 504767018 3609272 22985 99788 0 0 0
cpu19 3477361 10449 255308 497302465 8152414 48237 39764 0 0 0
cpu20 711940 204 54954 503492533 4942746 34280 57151 0 0 0
cpu21 757488 140 76522 503933545 4272005 40623 255876 0 0 0
cpu22 748557 73 58844 505053834 3489600 9658 8241 0 0 0
cpu23 1376772 340 54201 504016718 3903260 10914 5990 0 0 0
intr 3819294538 22 0 0 0 0 0 0 0 0 0 0 0 0 0 0 0 8 0 0 0 0 0 0 0 0 0 0 0 1 0 1 1 1 1 0 0 0 0 37 0 0 0 0 0 0 0 0 0 0 0 0 0 0 0 0 0 0 0 0 0 0 0 0 0 2953 1 170722596 161749149 166812580 394088533 95192 763667 144681 105968 227313 183287 85833 592423 124954 90501 70993 165728 77131 286678 93982 81289 104921 73686 74666 600151 173464 100623 70982 80880 30004 0 0 0 0 0 0 2 0 2 2 2 2 2 2 35 2 207 2 0 0 0 0 0 0 0 0 0 0 0 0 0 0 0 0 0 0 0 0 0 0 0 0 0 0 0 0 0 0 0 0 0 0 0 0 0 0 0 0 0 0 0 0 0 0 0 0 0 0 0 0 0 0 0 0 0 0 0 0 0 0 0 0 0 0 0 0 0 0 0 0 0 0 0 0 0 0 0 0 0 0 0 0 0 0 0 0 0 0 0 0 0 0 0 0 0 0 0 0 0 0 0 0 0 0 0 0 0 0 0 0 0 0 0 0 0 0 0 0 0 0 0 0 0 0 0 0 0 0 0 0 0 0 0 0 0 0 0 0 0 0 0 0 0 0 0 0 0 0 0 0 0 0 0 0 0 0 0 0 0 0 0 0 0 0 0 0 0 0 0 0 0 0 0 0 0 0 0 0 0 0 0 0 0 0 0 0 0 0 0 0 0 0 0 0 0 0 0 0 0 0 0 0 0 0 0 0 0 0 0 0 0 0 0 0 0 0 0 0 0 0 0 0 0 0 0 0 0 0 0 0 0 0 0 0 0 0 0 0 0 0 0 0 0 0 0 0 0 0 0 0 0 0 0 0 0 0 0 0 0 0 0 0 0 0 0 0 0 0 0 0 0 0 0 0 0 0 0 0 0 0 0 0 0 0 0 0 0 0 0 0 0 0 0 0 0 0 0 0 0 0 0 0 0 0 0 0 0 0 0 0 0 0 0 0 0 0 0 0 0 0 0 0 0 0 0 0 0 0 0 0 0 0 0 0 0 0 0 0 0 0 0 0 0 0 0 0 0 0 0 0 0 0 0 0 0 0 0 0 0 0 0 0 0 0 0 0 0 0 0 0 0 0 0 0 0 0 0 0 0 0 0 0 0 0 0 0 0 0 0 0 0 0 0 0 0 0 0 0 0 0 0 0 0 0 0 0 0 0 0 0 0 0 0 0 0 0 0 0 0 0 0 0 0 0 0 0 0 0 0 0 0 0 0 0 0 0 0 0 0 0 0 0 0 0 0 0 0 0 0 0 0 0 0 0 0 0 0 0 0 0 0 0 0 0 0 0 0 0 0 0 0 0 0 0 0 0 0 0 0 0 0 0 0 0 0 0 0 0 0 0 0 0 0 0 0 0 0 0 0 0 0 0 0 0 0 0 0 0 0 0 0 0 0 0 0 0 0 0 0 0 0 0 0 0 0 0 0 0 0 0 0 0 0 0 0 0 0 0 0 0 0 0 0 0 0 0 0 0 0 0 0 0 0 0 0 0 0 0 0 0 0 0 0 0 0 0 0 0 0 0 0 0 0 0 0 0 0 0 0 0 0 0 0 0 0 0 0 0 0 0 0 0 0 0 0 0 0 0 0 0 0 0 0 0 0 0 0 0 0 0 0 0 0 0 0 0 0 0 0 0 0 0 0 0 0 0 0 0 0 0 0 0 0 0 0 0 0 0 0 0 0 0 0 0 0 0 0 0 0 0 0 0 0 0 0 0 0 0 0 0 0 0 0 0 0 0 0 0 0 0 0 0 0 0 0 0 0 0 0 0 0 0 0 0 0 0 0 0 0 0 0 0 0 0 0 0 0 0 0 0 0 0 0 0 0 0 0 0 0 0 0 0 0 0 0 0 0 0 0 0 0 0 0 0 0 0 0 0 0 0 0 0 0 0 0 0 0 0 0 0 0 0 0 0 0 0 0 0 0 0 0 0 0 0 0 0 0 0 0 0 0 0 0 0 0 0 0 0 0 0 0 0 0 0 0 0 0 0 0 0 0 0 0 0 0 0 0 0 0 0 0 0 0 0 0 0 0 0 0 0 0 0 0 0 0 0 0 0 0 0 0 0 0 0 0 0 0 0 0 0 0 0 0 0 0 0 0 0 0 0 0 0 0 0 0 0 0 0 0 0 0 0 0 0 0 0 0 0 0 0 0 0 0 0 0 0 0 0 0 0 0 0 0 0 0 0 0 0 0 0 0 0 0 0 0 0 0 0 0 0 0 0 0 0 0 0 0 0 0 0 0 0 0 0 0 0 0 0 0 0 0 0 0 0 0 0 0 0 0 0 0 0 0 0 0 0 0 0 0 0 0 0 0 0 0 0 0 0 0 0 0 0 0 0 0 0 0 0 0 0 0 0 0 0 0 0 0 0 0 0 0 0 0 0 0 0 0 0 0 0 0 0 0 0 0 0 0 0 0 0 0 0 0 0 0 0 0 0 0 0 0 0 0 0 0 0 0 0 0 0 0 0 0 0 0 0 0 0 0 0 0 0 0 0 0 0 0 0 0 0 0 0 0 0 0 0 0 0 0 0 0 0 0 0 0 0 0 0 0 0 0 0 0 0 0 0 0 0 0 0 0 0 0 0 0
ctxt 3869030029
btime 1783935075
processes 5444745
procs_running 1
procs_blocked 0
softirq 2900380384 204 325016862 1709333 918865029 33214 0 7723154 928049078 399464 718584046

/proc/meminfo
MemTotal:       32273192 kB
MemFree:         1475212 kB
MemAvailable:   23029456 kB
Buffers:               0 kB
Cached:         21043664 kB
SwapCached:        15520 kB
Active:         15868092 kB
Inactive:       12618088 kB
Active(anon):    6937548 kB
Inactive(anon):   552376 kB
Active(file):    8930544 kB
Inactive(file): 12065712 kB
Unevictable:           0 kB
Mlocked:               0 kB
SwapTotal:      67108860 kB
SwapFree:       63106556 kB
Zswap:                 0 kB
Zswapped:              0 kB
Dirty:                48 kB
Writeback:             0 kB
AnonPages:       7412484 kB
Mapped:           282728 kB
Shmem:             47792 kB
KReclaimable:    1027208 kB
Slab:            1465244 kB
SReclaimable:    1027208 kB
SUnreclaim:       438036 kB
KernelStack:       33888 kB
PageTables:        45224 kB
SecPageTables:      4112 kB
NFS_Unstable:          0 kB
Bounce:                0 kB
WritebackTmp:          0 kB
CommitLimit:    83245456 kB
Committed_AS:   17887084 kB
VmallocTotal:   34359738367 kB
VmallocUsed:      229568 kB
VmallocChunk:          0 kB
Percpu:            21216 kB
HardwareCorrupted:     0 kB
AnonHugePages:   1359872 kB
ShmemHugePages:        0 kB
ShmemPmdMapped:        0 kB
FileHugePages:         0 kB
FilePmdMapped:         0 kB
CmaTotal:              0 kB
CmaFree:               0 kB
Unaccepted:            0 kB
HugePages_Total:       0
HugePages_Free:        0
HugePages_Rsvd:        0
HugePages_Surp:        0
Hugepagesize:       2048 kB
Hugetlb:               0 kB
DirectMap4k:      389980 kB
DirectMap2M:     5574656 kB
DirectMap1G:    27262976 kB

