/proc/loadavg
2.99 2.44 2.01 1/2105 81

/proc/stat
cpu  119489529 86936 3737258 11902427135 195228619 904339 1420764 0 0 0
cpu0 41253770 53 89220 463427482 4315278 72735 145847 0 0 0
cpu1 7245976 38258 741318 474667154 26150587 117365 156591 0 0 0
cpu2 5506652 307 162567 489780406 13793964 40727 27880 0 0 0
cpu3 4749192 101 89224 495327068 9121372 26296 15398 0 0 0
cpu4 5154802 1389 235917 486709113 17044959 52279 45790 0 0 0
cpu5 5090479 58 87974 495499792 8600215 28762 15171 0 0 0
cpu6 4942283 76 63779 499442564 4842718 23699 24424 0 0 0
cpu7 10436395 22861 650057 474651847 23278026 105311 72589 0 0 0
cpu8 5088850 126 114762 493775025 10261075 38508 36712 0 0 0
cpu9 4986683 60 69504 499135335 5102177 24480 17782 0 0 0
cpu10 4966747 42 65293 500742085 3473305 24567 70933 0 0 0
cpu11 4717484 575 200540 492065767 12118613 56730 98107 0 0 0
cpu12 1716483 39 47578 503009630 4532980 14378 19611 0 0 0
cpu13 2179679 11035 350500 498850410 7824755 33669 22547 0 0 0
cpu14 804828 232 54090 503209702 5226357 14003 13014 0 0 0
cpu15 1037765 59 45024 503951409 4299983 9992 7503 0 0 0
cpu16 1058155 291 53445 504703665 3516671 10306 6137 0 0 0
cpu17 677436 106 57253 505034324 3356303 43828 157927 0 0 0
cpu18 803903 52 59425 504746683 3609272 22985 99787 0 0 0
cpu19 3477335 10449 255302 497282160 8152411 48236 39764 0 0 0
cpu20 711900 204 54937 503472255 4942740 34279 57151 0 0 0
cpu21 757475 140 76514 503913250 4271998 40621 255857 0 0 0
cpu22 748550 73 58838 505033518 3489591 9657 8240 0 0 0
cpu23 1376695 340 54184 503996477 3903256 10914 5990 0 0 0
intr 3818763963 22 0 0 0 0 0 0 0 0 0 0 0 0 0 0 0 8 0 0 0 0 0 0 0 0 0 0 0 1 0 1 1 1 1 0 0 0 0 37 0 0 0 0 0 0 0 0 0 0 0 0 0 0 0 0 0 0 0 0 0 0 0 0 0 2953 1 170712113 161748370 166811591 394061999 95192 763667 144681 105967 227291 183264 85814 592423 124954 90501 70991 165728 77131 286673 93982 81288 104920 73686 74665 600122 173463 100621 70976 80880 30004 0 0 0 0 0 0 2 0 2 2 2 2 2 2 35 2 207 2 0 0 0 0 0 0 0 0 0 0 0 0 0 0 0 0 0 0 0 0 0 0 0 0 0 0 0 0 0 0 0 0 0 0 0 0 0 0 0 0 0 0 0 0 0 0 0 0 0 0 0 0 0 0 0 0 0 0 0 0 0 0 0 0 0 0 0 0 0 0 0 0 0 0 0 0 0 0 0 0 0 0 0 0 0 0 0 0 0 0 0 0 0 0 0 0 0 0 0 0 0 0 0 0 0 0 0 0 0 0 0 0 0 0 0 0 0 0 0 0 0 0 0 0 0 0 0 0 0 0 0 0 0 0 0 0 0 0 0 0 0 0 0 0 0 0 0 0 0 0 0 0 0 0 0 0 0 0 0 0 0 0 0 0 0 0 0 0 0 0 0 0 0 0 0 0 0 0 0 0 0 0 0 0 0 0 0 0 0 0 0 0 0 0 0 0 0 0 0 0 0 0 0 0 0 0 0 0 0 0 0 0 0 0 0 0 0 0 0 0 0 0 0 0 0 0 0 0 0 0 0 0 0 0 0 0 0 0 0 0 0 0 0 0 0 0 0 0 0 0 0 0 0 0 0 0 0 0 0 0 0 0 0 0 0 0 0 0 0 0 0 0 0 0 0 0 0 0 0 0 0 0 0 0 0 0 0 0 0 0 0 0 0 0 0 0 0 0 0 0 0 0 0 0 0 0 0 0 0 0 0 0 0 0 0 0 0 0 0 0 0 0 0 0 0 0 0 0 0 0 0 0 0 0 0 0 0 0 0 0 0 0 0 0 0 0 0 0 0 0 0 0 0 0 0 0 0 0 0 0 0 0 0 0 0 0 0 0 0 0 0 0 0 0 0 0 0 0 0 0 0 0 0 0 0 0 0 0 0 0 0 0 0 0 0 0 0 0 0 0 0 0 0 0 0 0 0 0 0 0 0 0 0 0 0 0 0 0 0 0 0 0 0 0 0 0 0 0 0 0 0 0 0 0 0 0 0 0 0 0 0 0 0 0 0 0 0 0 0 0 0 0 0 0 0 0 0 0 0 0 0 0 0 0 0 0 0 0 0 0 0 0 0 0 0 0 0 0 0 0 0 0 0 0 0 0 0 0 0 0 0 0 0 0 0 0 0 0 0 0 0 0 0 0 0 0 0 0 0 0 0 0 0 0 0 0 0 0 0 0 0 0 0 0 0 0 0 0 0 0 0 0 0 0 0 0 0 0 0 0 0 0 0 0 0 0 0 0 0 0 0 0 0 0 0 0 0 0 0 0 0 0 0 0 0 0 0 0 0 0 0 0 0 0 0 0 0 0 0 0 0 0 0 0 0 0 0 0 0 0 0 0 0 0 0 0 0 0 0 0 0 0 0 0 0 0 0 0 0 0 0 0 0 0 0 0 0 0 0 0 0 0 0 0 0 0 0 0 0 0 0 0 0 0 0 0 0 0 0 0 0 0 0 0 0 0 0 0 0 0 0 0 0 0 0 0 0 0 0 0 0 0 0 0 0 0 0 0 0 0 0 0 0 0 0 0 0 0 0 0 0 0 0 0 0 0 0 0 0 0 0 0 0 0 0 0 0 0 0 0 0 0 0 0 0 0 0 0 0 0 0 0 0 0 0 0 0 0 0 0 0 0 0 0 0 0 0 0 0 0 0 0 0 0 0 0 0 0 0 0 0 0 0 0 0 0 0 0 0 0 0 0 0 0 0 0 0 0 0 0 0 0 0 0 0 0 0 0 0 0 0 0 0 0 0 0 0 0 0 0 0 0 0 0 0 0 0 0 0 0 0 0 0 0 0 0 0 0 0 0 0 0 0 0 0 0 0 0 0 0 0 0 0 0 0 0 0 0 0 0 0 0 0 0 0 0 0 0 0 0 0 0 0 0 0 0 0 0 0 0 0 0 0 0 0 0 0 0 0 0 0 0 0 0 0 0 0 0 0 0 0 0 0 0 0 0 0 0 0 0 0 0 0 0 0 0 0 0 0 0 0 0 0 0 0 0 0 0 0 0 0 0 0 0 0 0 0 0 0 0 0 0 0 0 0 0 0 0 0 0 0 0 0 0 0 0 0 0 0 0 0 0 0 0 0 0 0 0 0 0 0 0 0 0 0 0 0 0 0 0 0 0 0 0 0 0 0 0 0 0 0 0 0 0 0 0 0 0 0 0 0 0 0 0 0 0 0 0 0 0 0 0 0 0 0 0 0 0 0 0 0 0 0 0 0 0 0 0 0 0 0 0 0 0 0 0 0 0 0 0 0 0 0 0 0 0 0 0 0 0 0 0 0 0 0 0 0 0 0 0 0 0 0 0 0 0 0 0 0 0 0 0 0 0 0 0 0 0 0 0 0 0 0 0 0 0 0
ctxt 3868750192
btime 1783935075
processes 5444505
procs_running 1
procs_blocked 0
softirq 2900096705 204 325000664 1708441 918825564 33214 0 7721403 927870524 399464 718537227

/proc/meminfo
MemTotal:       32273192 kB
MemFree:         1526604 kB
MemAvailable:   23042972 kB
Buffers:               0 kB
Cached:         21005764 kB
SwapCached:        15520 kB
Active:         15841928 kB
Inactive:       12581344 kB
Active(anon):    6912516 kB
Inactive(anon):   552376 kB
Active(file):    8929412 kB
Inactive(file): 12028968 kB
Unevictable:           0 kB
Mlocked:               0 kB
SwapTotal:      67108860 kB
SwapFree:       63106556 kB
Zswap:                 0 kB
Zswapped:              0 kB
Dirty:                 8 kB
Writeback:             0 kB
AnonPages:       7387272 kB
Mapped:           282308 kB
Shmem:             47772 kB
KReclaimable:    1027208 kB
Slab:            1465264 kB
SReclaimable:    1027208 kB
SUnreclaim:       438056 kB
KernelStack:       34064 kB
PageTables:        45012 kB
SecPageTables:      4112 kB
NFS_Unstable:          0 kB
Bounce:                0 kB
WritebackTmp:          0 kB
CommitLimit:    83245456 kB
Committed_AS:   17816788 kB
VmallocTotal:   34359738367 kB
VmallocUsed:      229756 kB
VmallocChunk:          0 kB
Percpu:            21216 kB
HardwareCorrupted:     0 kB
AnonHugePages:   1349632 kB
ShmemHugePages:        0 kB
ShmemPmdMapped:        0 kB
FileHugePages:         0 kB
FilePmdMapped:         0 kB
CmaTotal:              0 kB
CmaFree:               0 kB
Unaccepted:            0 kB
HugePages_Total:       0
HugePages_Free:        0
HugePages_Rsvd:        0
HugePages_Surp:        0
Hugepagesize:       2048 kB
Hugetlb:               0 kB
DirectMap4k:      389980 kB
DirectMap2M:     5574656 kB
DirectMap1G:    27262976 kB

