/proc/loadavg
2.17 2.10 1.85 1/2101 46

/proc/stat
cpu  119464139 86936 3737039 11902151650 195228457 904272 1420699 0 0 0
cpu0 41252834 53 89100 463416082 4315230 72732 145806 0 0 0
cpu1 7245945 38258 741313 474654653 26150574 117365 156587 0 0 0
cpu2 5495317 307 162566 489779206 13793964 40703 27879 0 0 0
cpu3 4747345 101 89223 495316366 9121368 26292 15398 0 0 0
cpu4 5152947 1389 235914 486698430 17044948 52274 45790 0 0 0
cpu5 5088637 58 87974 495489079 8600215 28758 15171 0 0 0
cpu6 4940432 76 63779 499431860 4842717 23695 24424 0 0 0
cpu7 10434547 22861 650055 474641150 23278020 105306 72589 0 0 0
cpu8 5087017 126 114762 493764309 10261069 38504 36712 0 0 0
cpu9 4984843 60 69503 499124636 5102162 24476 17782 0 0 0
cpu10 4966717 42 65281 500729573 3473300 24566 70932 0 0 0
cpu11 4717470 575 200534 492053240 12118605 56729 98106 0 0 0
cpu12 1716479 39 47576 502997077 4532980 14378 19611 0 0 0
cpu13 2179665 11035 350491 498837879 7824755 33669 22547 0 0 0
cpu14 804826 232 54089 503197147 5226357 14003 13014 0 0 0
cpu15 1037754 59 45016 503938885 4299970 9991 7503 0 0 0
cpu16 1058148 291 53441 504691117 3516671 10306 6136 0 0 0
cpu17 677427 106 57243 505021793 3356301 43827 157925 0 0 0
cpu18 803902 52 59422 504734133 3609271 22984 99787 0 0 0
cpu19 3477319 10449 255293 497269632 8152408 48236 39763 0 0 0
cpu20 711896 204 54934 503459706 4942739 34278 57151 0 0 0
cpu21 757475 140 76513 503900708 4271996 40620 255846 0 0 0
cpu22 748538 73 58835 505020999 3489570 9657 8240 0 0 0
cpu23 1376648 340 54173 503983980 3903256 10912 5990 0 0 0
intr 3818406914 22 0 0 0 0 0 0 0 0 0 0 0 0 0 0 0 8 0 0 0 0 0 0 0 0 0 0 0 1 0 1 1 1 1 0 0 0 0 37 0 0 0 0 0 0 0 0 0 0 0 0 0 0 0 0 0 0 0 0 0 0 0 0 0 2953 1 170705351 161747823 166810621 394045336 95192 763667 144681 105967 227270 183256 85784 592423 124954 90501 70991 165728 77131 286663 93982 81287 104919 73686 74664 600100 173462 100621 70968 80880 30004 0 0 0 0 0 0 2 0 2 2 2 2 2 2 35 2 207 2 0 0 0 0 0 0 0 0 0 0 0 0 0 0 0 0 0 0 0 0 0 0 0 0 0 0 0 0 0 0 0 0 0 0 0 0 0 0 0 0 0 0 0 0 0 0 0 0 0 0 0 0 0 0 0 0 0 0 0 0 0 0 0 0 0 0 0 0 0 0 0 0 0 0 0 0 0 0 0 0 0 0 0 0 0 0 0 0 0 0 0 0 0 0 0 0 0 0 0 0 0 0 0 0 0 0 0 0 0 0 0 0 0 0 0 0 0 0 0 0 0 0 0 0 0 0 0 0 0 0 0 0 0 0 0 0 0 0 0 0 0 0 0 0 0 0 0 0 0 0 0 0 0 0 0 0 0 0 0 0 0 0 0 0 0 0 0 0 0 0 0 0 0 0 0 0 0 0 0 0 0 0 0 0 0 0 0 0 0 0 0 0 0 0 0 0 0 0 0 0 0 0 0 0 0 0 0 0 0 0 0 0 0 0 0 0 0 0 0 0 0 0 0 0 0 0 0 0 0 0 0 0 0 0 0 0 0 0 0 0 0 0 0 0 0 0 0 0 0 0 0 0 0 0 0 0 0 0 0 0 0 0 0 0 0 0 0 0 0 0 0 0 0 0 0 0 0 0 0 0 0 0 0 0 0 0 0 0 0 0 0 0 0 0 0 0 0 0 0 0 0 0 0 0 0 0 0 0 0 0 0 0 0 0 0 0 0 0 0 0 0 0 0 0 0 0 0 0 0 0 0 0 0 0 0 0 0 0 0 0 0 0 0 0 0 0 0 0 0 0 0 0 0 0 0 0 0 0 0 0 0 0 0 0 0 0 0 0 0 0 0 0 0 0 0 0 0 0 0 0 0 0 0 0 0 0 0 0 0 0 0 0 0 0 0 0 0 0 0 0 0 0 0 0 0 0 0 0 0 0 0 0 0 0 0 0 0 0 0 0 0 0 0 0 0 0 0 0 0 0 0 0 0 0 0 0 0 0 0 0 0 0 0 0 0 0 0 0 0 0 0 0 0 0 0 0 0 0 0 0 0 0 0 0 0 0 0 0 0 0 0 0 0 0 0 0 0 0 0 0 0 0 0 0 0 0 0 0 0 0 0 0 0 0 0 0 0 0 0 0 0 0 0 0 0 0 0 0 0 0 0 0 0 0 0 0 0 0 0 0 0 0 0 0 0 0 0 0 0 0 0 0 0 0 0 0 0 0 0 0 0 0 0 0 0 0 0 0 0 0 0 0 0 0 0 0 0 0 0 0 0 0 0 0 0 0 0 0 0 0 0 0 0 0 0 0 0 0 0 0 0 0 0 0 0 0 0 0 0 0 0 0 0 0 0 0 0 0 0 0 0 0 0 0 0 0 0 0 0 0 0 0 0 0 0 0 0 0 0 0 0 0 0 0 0 0 0 0 0 0 0 0 0 0 0 0 0 0 0 0 0 0 0 0 0 0 0 0 0 0 0 0 0 0 0 0 0 0 0 0 0 0 0 0 0 0 0 0 0 0 0 0 0 0 0 0 0 0 0 0 0 0 0 0 0 0 0 0 0 0 0 0 0 0 0 0 0 0 0 0 0 0 0 0 0 0 0 0 0 0 0 0 0 0 0 0 0 0 0 0 0 0 0 0 0 0 0 0 0 0 0 0 0 0 0 0 0 0 0 0 0 0 0 0 0 0 0 0 0 0 0 0 0 0 0 0 0 0 0 0 0 0 0 0 0 0 0 0 0 0 0 0 0 0 0 0 0 0 0 0 0 0 0 0 0 0 0 0 0 0 0 0 0 0 0 0 0 0 0 0 0 0 0 0 0 0 0 0 0 0 0 0 0 0 0 0 0 0 0 0 0 0 0 0 0 0 0 0 0 0 0 0 0 0 0 0 0 0 0 0 0 0 0 0 0 0 0 0 0 0 0 0 0 0 0 0 0 0 0 0 0 0 0 0 0 0 0 0 0 0 0 0 0 0 0 0 0 0 0 0 0 0 0 0 0 0 0 0 0 0 0 0 0 0 0 0 0 0 0 0 0 0 0 0 0 0 0 0 0 0 0 0 0 0 0 0 0 0 0 0 0 0 0 0 0 0 0 0 0 0 0 0 0 0 0 0 0 0 0 0 0 0 0 0 0 0 0 0 0 0 0 0 0 0 0 0 0 0 0 0 0 0 0 0 0 0 0 0 0 0 0 0 0 0 0 0 0 0 0 0 0 0 0 0 0 0 0 0 0 0 0 0 0 0 0 0 0 0 0 0 0 0 0 0 0 0 0 0 0 0 0 0 0 0 0 0 0 0 0 0 0 0 0 0 0 0 0 0 0 0 0 0 0 0 0 0 0 0 0 0 0 0 0 0 0 0 0
ctxt 3868573558
btime 1783935075
processes 5444319
procs_running 1
procs_blocked 0
softirq 2899924328 204 324990903 1707857 918799697 33214 0 7720715 927761466 399464 718510808

/proc/meminfo
MemTotal:       32273192 kB
MemFree:         1547776 kB
MemAvailable:   23038780 kB
Buffers:               0 kB
Cached:         20980396 kB
SwapCached:        15520 kB
Active:         15797280 kB
Inactive:       12555980 kB
Active(anon):    6867836 kB
Inactive(anon):   552376 kB
Active(file):    8929444 kB
Inactive(file): 12003604 kB
Unevictable:           0 kB
Mlocked:               0 kB
SwapTotal:      67108860 kB
SwapFree:       63106556 kB
Zswap:                 0 kB
Zswapped:              0 kB
Dirty:                12 kB
Writeback:           324 kB
AnonPages:       7342568 kB
Mapped:           282232 kB
Shmem:             47772 kB
KReclaimable:    1027176 kB
Slab:            1465108 kB
SReclaimable:    1027176 kB
SUnreclaim:       437932 kB
KernelStack:       33984 kB
PageTables:        44924 kB
SecPageTables:      4112 kB
NFS_Unstable:          0 kB
Bounce:                0 kB
WritebackTmp:          0 kB
CommitLimit:    83245456 kB
Committed_AS:   17789660 kB
VmallocTotal:   34359738367 kB
VmallocUsed:      229708 kB
VmallocChunk:          0 kB
Percpu:            21216 kB
HardwareCorrupted:     0 kB
AnonHugePages:   1345536 kB
ShmemHugePages:        0 kB
ShmemPmdMapped:        0 kB
FileHugePages:         0 kB
FilePmdMapped:         0 kB
CmaTotal:              0 kB
CmaFree:               0 kB
Unaccepted:            0 kB
HugePages_Total:       0
HugePages_Free:        0
HugePages_Rsvd:        0
HugePages_Surp:        0
Hugepagesize:       2048 kB
Hugetlb:               0 kB
DirectMap4k:      389980 kB
DirectMap2M:     5574656 kB
DirectMap1G:    27262976 kB

