/proc/loadavg
2.40 2.19 1.89 1/2110 55

/proc/stat
cpu  119471280 86936 3737103 11902235568 195228534 904292 1420721 0 0 0
cpu0 41252993 53 89121 463419677 4315238 72733 145819 0 0 0
cpu1 7245963 38258 741316 474658427 26150579 117365 156588 0 0 0
cpu2 5498914 307 162566 489779404 13793964 40711 27879 0 0 0
cpu3 4747819 101 89224 495319689 9121372 26293 15398 0 0 0
cpu4 5153425 1389 235916 486701748 17044951 52275 45790 0 0 0
cpu5 5089107 58 87974 495492410 8600215 28759 15171 0 0 0
cpu6 4940906 76 63779 499435187 4842718 23696 24424 0 0 0
cpu7 10435021 22861 650057 474644471 23278024 105308 72589 0 0 0
cpu8 5087487 126 114762 493767638 10261071 38505 36712 0 0 0
cpu9 4985312 60 69504 499127957 5102172 24477 17782 0 0 0
cpu10 4966726 42 65286 500733357 3473305 24566 70932 0 0 0
cpu11 4717474 575 200536 492057031 12118609 56729 98107 0 0 0
cpu12 1716481 39 47577 503000877 4532980 14378 19611 0 0 0
cpu13 2179667 11035 350494 498841674 7824755 33669 22547 0 0 0
cpu14 804828 232 54090 503200947 5226357 14003 13014 0 0 0
cpu15 1037755 59 45017 503942674 4299981 9991 7503 0 0 0
cpu16 1058151 291 53444 504694913 3516671 10306 6137 0 0 0
cpu17 677430 106 57246 505025587 3356301 43828 157926 0 0 0
cpu18 803903 52 59424 504737930 3609272 22985 99787 0 0 0
cpu19 3477330 10449 255297 497273416 8152409 48236 39764 0 0 0
cpu20 711897 204 54935 503463506 4942739 34278 57151 0 0 0
cpu21 757475 140 76514 503904505 4271996 40620 255849 0 0 0
cpu22 748546 73 58837 505024771 3489588 9657 8240 0 0 0
cpu23 1376660 340 54177 503987764 3903256 10913 5990 0 0 0
intr 3818517214 22 0 0 0 0 0 0 0 0 0 0 0 0 0 0 0 8 0 0 0 0 0 0 0 0 0 0 0 1 0 1 1 1 1 0 0 0 0 37 0 0 0 0 0 0 0 0 0 0 0 0 0 0 0 0 0 0 0 0 0 0 0 0 0 2953 1 170708312 161748132 166811284 394050672 95192 763667 144681 105967 227274 183258 85797 592423 124954 90501 70991 165728 77131 286664 93982 81287 104920 73686 74664 600115 173462 100621 70971 80880 30004 0 0 0 0 0 0 2 0 2 2 2 2 2 2 35 2 207 2 0 0 0 0 0 0 0 0 0 0 0 0 0 0 0 0 0 0 0 0 0 0 0 0 0 0 0 0 0 0 0 0 0 0 0 0 0 0 0 0 0 0 0 0 0 0 0 0 0 0 0 0 0 0 0 0 0 0 0 0 0 0 0 0 0 0 0 0 0 0 0 0 0 0 0 0 0 0 0 0 0 0 0 0 0 0 0 0 0 0 0 0 0 0 0 0 0 0 0 0 0 0 0 0 0 0 0 0 0 0 0 0 0 0 0 0 0 0 0 0 0 0 0 0 0 0 0 0 0 0 0 0 0 0 0 0 0 0 0 0 0 0 0 0 0 0 0 0 0 0 0 0 0 0 0 0 0 0 0 0 0 0 0 0 0 0 0 0 0 0 0 0 0 0 0 0 0 0 0 0 0 0 0 0 0 0 0 0 0 0 0 0 0 0 0 0 0 0 0 0 0 0 0 0 0 0 0 0 0 0 0 0 0 0 0 0 0 0 0 0 0 0 0 0 0 0 0 0 0 0 0 0 0 0 0 0 0 0 0 0 0 0 0 0 0 0 0 0 0 0 0 0 0 0 0 0 0 0 0 0 0 0 0 0 0 0 0 0 0 0 0 0 0 0 0 0 0 0 0 0 0 0 0 0 0 0 0 0 0 0 0 0 0 0 0 0 0 0 0 0 0 0 0 0 0 0 0 0 0 0 0 0 0 0 0 0 0 0 0 0 0 0 0 0 0 0 0 0 0 0 0 0 0 0 0 0 0 0 0 0 0 0 0 0 0 0 0 0 0 0 0 0 0 0 0 0 0 0 0 0 0 0 0 0 0 0 0 0 0 0 0 0 0 0 0 0 0 0 0 0 0 0 0 0 0 0 0 0 0 0 0 0 0 0 0 0 0 0 0 0 0 0 0 0 0 0 0 0 0 0 0 0 0 0 0 0 0 0 0 0 0 0 0 0 0 0 0 0 0 0 0 0 0 0 0 0 0 0 0 0 0 0 0 0 0 0 0 0 0 0 0 0 0 0 0 0 0 0 0 0 0 0 0 0 0 0 0 0 0 0 0 0 0 0 0 0 0 0 0 0 0 0 0 0 0 0 0 0 0 0 0 0 0 0 0 0 0 0 0 0 0 0 0 0 0 0 0 0 0 0 0 0 0 0 0 0 0 0 0 0 0 0 0 0 0 0 0 0 0 0 0 0 0 0 0 0 0 0 0 0 0 0 0 0 0 0 0 0 0 0 0 0 0 0 0 0 0 0 0 0 0 0 0 0 0 0 0 0 0 0 0 0 0 0 0 0 0 0 0 0 0 0 0 0 0 0 0 0 0 0 0 0 0 0 0 0 0 0 0 0 0 0 0 0 0 0 0 0 0 0 0 0 0 0 0 0 0 0 0 0 0 0 0 0 0 0 0 0 0 0 0 0 0 0 0 0 0 0 0 0 0 0 0 0 0 0 0 0 0 0 0 0 0 0 0 0 0 0 0 0 0 0 0 0 0 0 0 0 0 0 0 0 0 0 0 0 0 0 0 0 0 0 0 0 0 0 0 0 0 0 0 0 0 0 0 0 0 0 0 0 0 0 0 0 0 0 0 0 0 0 0 0 0 0 0 0 0 0 0 0 0 0 0 0 0 0 0 0 0 0 0 0 0 0 0 0 0 0 0 0 0 0 0 0 0 0 0 0 0 0 0 0 0 0 0 0 0 0 0 0 0 0 0 0 0 0 0 0 0 0 0 0 0 0 0 0 0 0 0 0 0 0 0 0 0 0 0 0 0 0 0 0 0 0 0 0 0 0 0 0 0 0 0 0 0 0 0 0 0 0 0 0 0 0 0 0 0 0 0 0 0 0 0 0 0 0 0 0 0 0 0 0 0 0 0 0 0 0 0 0 0 0 0 0 0 0 0 0 0 0 0 0 0 0 0 0 0 0 0 0 0 0 0 0 0 0 0 0 0 0 0 0 0 0 0 0 0 0 0 0 0 0 0 0 0 0 0 0 0 0 0 0 0 0 0 0 0 0 0 0 0 0 0 0 0 0 0 0 0 0 0 0 0 0 0 0 0 0 0 0 0 0 0 0 0 0 0 0 0 0 0 0 0 0 0 0 0 0 0 0 0 0 0 0 0 0 0 0 0 0 0 0 0 0 0 0 0 0 0 0 0 0 0 0 0 0 0 0 0 0 0 0 0 0 0 0 0 0 0 0 0 0 0 0 0 0 0 0 0 0 0 0 0 0 0 0 0 0 0 0 0 0 0 0 0 0 0 0 0 0 0 0 0 0 0 0 0 0 0 0 0 0 0 0 0 0 0 0 0 0 0 0 0 0 0 0 0 0 0 0 0 0 0 0 0 0 0
ctxt 3868642139
btime 1783935075
processes 5444427
procs_running 1
procs_blocked 0
softirq 2899984417 204 324994354 1707994 918809590 33214 0 7720897 927796869 399464 718521831

/proc/meminfo
MemTotal:       32273192 kB
MemFree:         1540960 kB
MemAvailable:   23036324 kB
Buffers:               0 kB
Cached:         20984760 kB
SwapCached:        15520 kB
Active:         15822984 kB
Inactive:       12560340 kB
Active(anon):    6893572 kB
Inactive(anon):   552376 kB
Active(file):    8929412 kB
Inactive(file): 12007964 kB
Unevictable:           0 kB
Mlocked:               0 kB
SwapTotal:      67108860 kB
SwapFree:       63106556 kB
Zswap:                 0 kB
Zswapped:              0 kB
Dirty:               116 kB
Writeback:             0 kB
AnonPages:       7368320 kB
Mapped:           282256 kB
Shmem:             47772 kB
KReclaimable:    1027208 kB
Slab:            1465176 kB
SReclaimable:    1027208 kB
SUnreclaim:       437968 kB
KernelStack:       34144 kB
PageTables:        44980 kB
SecPageTables:      4112 kB
NFS_Unstable:          0 kB
Bounce:                0 kB
WritebackTmp:          0 kB
CommitLimit:    83245456 kB
Committed_AS:   17816248 kB
VmallocTotal:   34359738367 kB
VmallocUsed:      229884 kB
VmallocChunk:          0 kB
Percpu:            21216 kB
HardwareCorrupted:     0 kB
AnonHugePages:   1345536 kB
ShmemHugePages:        0 kB
ShmemPmdMapped:        0 kB
FileHugePages:         0 kB
FilePmdMapped:         0 kB
CmaTotal:              0 kB
CmaFree:               0 kB
Unaccepted:            0 kB
HugePages_Total:       0
HugePages_Free:        0
HugePages_Rsvd:        0
HugePages_Surp:        0
Hugepagesize:       2048 kB
Hugetlb:               0 kB
DirectMap4k:      389980 kB
DirectMap2M:     5574656 kB
DirectMap1G:    27262976 kB

