/proc/loadavg
2.68 2.56 2.11 1/2105 108

/proc/stat
cpu  119511595 86936 3737480 11902702880 195228777 904399 1420824 0 0 0
cpu0 41254868 53 89358 463438576 4315332 72739 145882 0 0 0
cpu1 7245980 38258 741321 474679549 26150609 117366 156596 0 0 0
cpu2 5517668 307 162567 489781798 13793964 40751 27880 0 0 0
cpu3 4750595 101 89227 495338089 9121372 26299 15398 0 0 0
cpu4 5156200 1389 235923 486720117 17044977 52282 45791 0 0 0
cpu5 5091871 58 87975 495510823 8600218 28765 15171 0 0 0
cpu6 4943681 76 63781 499453588 4842720 23703 24424 0 0 0
cpu7 10437795 22861 650059 474662872 23278027 105315 72590 0 0 0
cpu8 5090232 126 114762 493786066 10261080 38512 36712 0 0 0
cpu9 4988080 60 69504 499146355 5102188 24483 17782 0 0 0
cpu10 4966751 42 65296 500754507 3473305 24567 70933 0 0 0
cpu11 4717490 575 200544 492078169 12118630 56730 98108 0 0 0
cpu12 1716484 39 47579 503022059 4532980 14378 19611 0 0 0
cpu13 2179683 11035 350504 498862831 7824755 33670 22548 0 0 0
cpu14 804830 232 54092 503222130 5226357 14003 13014 0 0 0
cpu15 1037779 59 45029 503963818 4299985 9993 7503 0 0 0
cpu16 1058171 291 53451 504716063 3516677 10307 6137 0 0 0
cpu17 677444 106 57258 505046733 3356306 43830 157931 0 0 0
cpu18 803903 52 59427 504759109 3609272 22985 99788 0 0 0
cpu19 3477358 10449 255306 497294560 8152412 48237 39764 0 0 0
cpu20 711935 204 54951 503484633 4942743 34280 57151 0 0 0
cpu21 757479 140 76518 503925655 4272002 40622 255869 0 0 0
cpu22 748552 73 58841 505045937 3489594 9658 8241 0 0 0
cpu23 1376755 340 54196 504008831 3903258 10914 5990 0 0 0
intr 3819089194 22 0 0 0 0 0 0 0 0 0 0 0 0 0 0 0 8 0 0 0 0 0 0 0 0 0 0 0 1 0 1 1 1 1 0 0 0 0 37 0 0 0 0 0 0 0 0 0 0 0 0 0 0 0 0 0 0 0 0 0 0 0 0 0 2953 1 170718910 161748891 166812256 394078889 95192 763667 144681 105968 227307 183276 85818 592423 124954 90501 70992 165728 77131 286675 93982 81288 104921 73686 74665 600130 173464 100622 70981 80880 30004 0 0 0 0 0 0 2 0 2 2 2 2 2 2 35 2 207 2 0 0 0 0 0 0 0 0 0 0 0 0 0 0 0 0 0 0 0 0 0 0 0 0 0 0 0 0 0 0 0 0 0 0 0 0 0 0 0 0 0 0 0 0 0 0 0 0 0 0 0 0 0 0 0 0 0 0 0 0 0 0 0 0 0 0 0 0 0 0 0 0 0 0 0 0 0 0 0 0 0 0 0 0 0 0 0 0 0 0 0 0 0 0 0 0 0 0 0 0 0 0 0 0 0 0 0 0 0 0 0 0 0 0 0 0 0 0 0 0 0 0 0 0 0 0 0 0 0 0 0 0 0 0 0 0 0 0 0 0 0 0 0 0 0 0 0 0 0 0 0 0 0 0 0 0 0 0 0 0 0 0 0 0 0 0 0 0 0 0 0 0 0 0 0 0 0 0 0 0 0 0 0 0 0 0 0 0 0 0 0 0 0 0 0 0 0 0 0 0 0 0 0 0 0 0 0 0 0 0 0 0 0 0 0 0 0 0 0 0 0 0 0 0 0 0 0 0 0 0 0 0 0 0 0 0 0 0 0 0 0 0 0 0 0 0 0 0 0 0 0 0 0 0 0 0 0 0 0 0 0 0 0 0 0 0 0 0 0 0 0 0 0 0 0 0 0 0 0 0 0 0 0 0 0 0 0 0 0 0 0 0 0 0 0 0 0 0 0 0 0 0 0 0 0 0 0 0 0 0 0 0 0 0 0 0 0 0 0 0 0 0 0 0 0 0 0 0 0 0 0 0 0 0 0 0 0 0 0 0 0 0 0 0 0 0 0 0 0 0 0 0 0 0 0 0 0 0 0 0 0 0 0 0 0 0 0 0 0 0 0 0 0 0 0 0 0 0 0 0 0 0 0 0 0 0 0 0 0 0 0 0 0 0 0 0 0 0 0 0 0 0 0 0 0 0 0 0 0 0 0 0 0 0 0 0 0 0 0 0 0 0 0 0 0 0 0 0 0 0 0 0 0 0 0 0 0 0 0 0 0 0 0 0 0 0 0 0 0 0 0 0 0 0 0 0 0 0 0 0 0 0 0 0 0 0 0 0 0 0 0 0 0 0 0 0 0 0 0 0 0 0 0 0 0 0 0 0 0 0 0 0 0 0 0 0 0 0 0 0 0 0 0 0 0 0 0 0 0 0 0 0 0 0 0 0 0 0 0 0 0 0 0 0 0 0 0 0 0 0 0 0 0 0 0 0 0 0 0 0 0 0 0 0 0 0 0 0 0 0 0 0 0 0 0 0 0 0 0 0 0 0 0 0 0 0 0 0 0 0 0 0 0 0 0 0 0 0 0 0 0 0 0 0 0 0 0 0 0 0 0 0 0 0 0 0 0 0 0 0 0 0 0 0 0 0 0 0 0 0 0 0 0 0 0 0 0 0 0 0 0 0 0 0 0 0 0 0 0 0 0 0 0 0 0 0 0 0 0 0 0 0 0 0 0 0 0 0 0 0 0 0 0 0 0 0 0 0 0 0 0 0 0 0 0 0 0 0 0 0 0 0 0 0 0 0 0 0 0 0 0 0 0 0 0 0 0 0 0 0 0 0 0 0 0 0 0 0 0 0 0 0 0 0 0 0 0 0 0 0 0 0 0 0 0 0 0 0 0 0 0 0 0 0 0 0 0 0 0 0 0 0 0 0 0 0 0 0 0 0 0 0 0 0 0 0 0 0 0 0 0 0 0 0 0 0 0 0 0 0 0 0 0 0 0 0 0 0 0 0 0 0 0 0 0 0 0 0 0 0 0 0 0 0 0 0 0 0 0 0 0 0 0 0 0 0 0 0 0 0 0 0 0 0 0 0 0 0 0 0 0 0 0 0 0 0 0 0 0 0 0 0 0 0 0 0 0 0 0 0 0 0 0 0 0 0 0 0 0 0 0 0 0 0 0 0 0 0 0 0 0 0 0 0 0 0 0 0 0 0 0 0 0 0 0 0 0 0 0 0 0 0 0 0 0 0 0 0 0 0 0 0 0 0 0 0 0 0 0 0 0 0 0 0 0 0 0 0 0 0 0 0 0 0 0 0 0 0 0 0 0 0 0 0 0 0 0 0 0 0 0 0 0 0 0 0 0 0 0 0 0 0 0 0 0 0 0 0 0 0 0 0 0 0 0 0 0 0 0 0 0 0 0 0 0 0 0 0 0 0 0 0 0 0 0 0 0 0 0 0 0 0 0 0 0 0 0 0 0 0 0 0 0 0 0 0 0 0 0 0 0 0 0 0 0 0 0 0 0 0 0 0 0 0 0 0 0 0 0 0 0 0 0 0 0 0 0 0 0 0 0 0 0 0 0 0 0 0 0 0 0 0 0 0 0 0 0 0 0 0 0 0 0 0 0 0 0
ctxt 3868916208
btime 1783935075
processes 5444632
procs_running 1
procs_blocked 0
softirq 2900274831 204 325010653 1709049 918850832 33214 0 7722538 927984108 399464 718564769

/proc/meminfo
MemTotal:       32273192 kB
MemFree:         1492384 kB
MemAvailable:   23034048 kB
Buffers:               0 kB
Cached:         21030992 kB
SwapCached:        15520 kB
Active:         15863624 kB
Inactive:       12605452 kB
Active(anon):    6933056 kB
Inactive(anon):   552376 kB
Active(file):    8930568 kB
Inactive(file): 12053076 kB
Unevictable:           0 kB
Mlocked:               0 kB
SwapTotal:      67108860 kB
SwapFree:       63106556 kB
Zswap:                 0 kB
Zswapped:              0 kB
Dirty:                72 kB
Writeback:           540 kB
AnonPages:       7407948 kB
Mapped:           282640 kB
Shmem:             47772 kB
KReclaimable:    1027240 kB
Slab:            1465328 kB
SReclaimable:    1027240 kB
SUnreclaim:       438088 kB
KernelStack:       34048 kB
PageTables:        45116 kB
SecPageTables:      4112 kB
NFS_Unstable:          0 kB
Bounce:                0 kB
WritebackTmp:          0 kB
CommitLimit:    83245456 kB
Committed_AS:   17857052 kB
VmallocTotal:   34359738367 kB
VmallocUsed:      229692 kB
VmallocChunk:          0 kB
Percpu:            21216 kB
HardwareCorrupted:     0 kB
AnonHugePages:   1359872 kB
ShmemHugePages:        0 kB
ShmemPmdMapped:        0 kB
FileHugePages:         0 kB
FilePmdMapped:         0 kB
CmaTotal:              0 kB
CmaFree:               0 kB
Unaccepted:            0 kB
HugePages_Total:       0
HugePages_Free:        0
HugePages_Rsvd:        0
HugePages_Surp:        0
Hugepagesize:       2048 kB
Hugetlb:               0 kB
DirectMap4k:      389980 kB
DirectMap2M:     5574656 kB
DirectMap1G:    27262976 kB

