/proc/loadavg
3.52 2.76 2.18 1/2105 124

/proc/stat
cpu  119519305 86936 3737527 11902726912 195228804 904418 1420833 0 0 0
cpu0 41255182 53 89397 463439524 4315352 72740 145886 0 0 0
cpu1 7245985 38258 741321 474680867 26150611 117366 156597 0 0 0
cpu2 5518587 307 162567 489782203 13793964 40753 27880 0 0 0
cpu3 4751514 101 89227 495338494 9121372 26301 15398 0 0 0
cpu4 5157126 1389 235923 486720517 17044977 52285 45791 0 0 0
cpu5 5092792 58 87975 495511228 8600218 28767 15171 0 0 0
cpu6 4944607 76 63781 499453987 4842720 23705 24424 0 0 0
cpu7 10438718 22861 650059 474663275 23278027 105317 72590 0 0 0
cpu8 5091148 126 114762 493786476 10261080 38514 36713 0 0 0
cpu9 4989000 60 69504 499146760 5102188 24485 17782 0 0 0
cpu10 4966752 42 65296 500755832 3473305 24567 70933 0 0 0
cpu11 4717491 575 200545 492079493 12118631 56730 98108 0 0 0
cpu12 1716485 39 47579 503023384 4532981 14378 19611 0 0 0
cpu13 2179683 11035 350505 498864155 7824755 33670 22548 0 0 0
cpu14 804830 232 54092 503223457 5226357 14003 13014 0 0 0
cpu15 1037779 59 45029 503965145 4299985 9993 7503 0 0 0
cpu16 1058173 291 53452 504717386 3516677 10307 6137 0 0 0
cpu17 677444 106 57258 505048058 3356306 43830 157931 0 0 0
cpu18 803904 52 59427 504760435 3609272 22985 99788 0 0 0
cpu19 3477359 10449 255307 497295885 8152412 48237 39764 0 0 0
cpu20 711936 204 54952 503485959 4942743 34280 57151 0 0 0
cpu21 757487 140 76520 503926971 4272002 40623 255871 0 0 0
cpu22 748554 73 58842 505047260 3489595 9658 8241 0 0 0
cpu23 1376760 340 54197 504010150 3903260 10914 5990 0 0 0
intr 3819180135 22 0 0 0 0 0 0 0 0 0 0 0 0 0 0 0 8 0 0 0 0 0 0 0 0 0 0 0 1 0 1 1 1 1 0 0 0 0 37 0 0 0 0 0 0 0 0 0 0 0 0 0 0 0 0 0 0 0 0 0 0 0 0 0 2953 1 170720107 161748932 166812323 394081032 95192 763667 144681 105968 227311 183278 85833 592423 124954 90501 70992 165728 77131 286676 93982 81288 104921 73686 74665 600132 173464 100622 70981 80880 30004 0 0 0 0 0 0 2 0 2 2 2 2 2 2 35 2 207 2 0 0 0 0 0 0 0 0 0 0 0 0 0 0 0 0 0 0 0 0 0 0 0 0 0 0 0 0 0 0 0 0 0 0 0 0 0 0 0 0 0 0 0 0 0 0 0 0 0 0 0 0 0 0 0 0 0 0 0 0 0 0 0 0 0 0 0 0 0 0 0 0 0 0 0 0 0 0 0 0 0 0 0 0 0 0 0 0 0 0 0 0 0 0 0 0 0 0 0 0 0 0 0 0 0 0 0 0 0 0 0 0 0 0 0 0 0 0 0 0 0 0 0 0 0 0 0 0 0 0 0 0 0 0 0 0 0 0 0 0 0 0 0 0 0 0 0 0 0 0 0 0 0 0 0 0 0 0 0 0 0 0 0 0 0 0 0 0 0 0 0 0 0 0 0 0 0 0 0 0 0 0 0 0 0 0 0 0 0 0 0 0 0 0 0 0 0 0 0 0 0 0 0 0 0 0 0 0 0 0 0 0 0 0 0 0 0 0 0 0 0 0 0 0 0 0 0 0 0 0 0 0 0 0 0 0 0 0 0 0 0 0 0 0 0 0 0 0 0 0 0 0 0 0 0 0 0 0 0 0 0 0 0 0 0 0 0 0 0 0 0 0 0 0 0 0 0 0 0 0 0 0 0 0 0 0 0 0 0 0 0 0 0 0 0 0 0 0 0 0 0 0 0 0 0 0 0 0 0 0 0 0 0 0 0 0 0 0 0 0 0 0 0 0 0 0 0 0 0 0 0 0 0 0 0 0 0 0 0 0 0 0 0 0 0 0 0 0 0 0 0 0 0 0 0 0 0 0 0 0 0 0 0 0 0 0 0 0 0 0 0 0 0 0 0 0 0 0 0 0 0 0 0 0 0 0 0 0 0 0 0 0 0 0 0 0 0 0 0 0 0 0 0 0 0 0 0 0 0 0 0 0 0 0 0 0 0 0 0 0 0 0 0 0 0 0 0 0 0 0 0 0 0 0 0 0 0 0 0 0 0 0 0 0 0 0 0 0 0 0 0 0 0 0 0 0 0 0 0 0 0 0 0 0 0 0 0 0 0 0 0 0 0 0 0 0 0 0 0 0 0 0 0 0 0 0 0 0 0 0 0 0 0 0 0 0 0 0 0 0 0 0 0 0 0 0 0 0 0 0 0 0 0 0 0 0 0 0 0 0 0 0 0 0 0 0 0 0 0 0 0 0 0 0 0 0 0 0 0 0 0 0 0 0 0 0 0 0 0 0 0 0 0 0 0 0 0 0 0 0 0 0 0 0 0 0 0 0 0 0 0 0 0 0 0 0 0 0 0 0 0 0 0 0 0 0 0 0 0 0 0 0 0 0 0 0 0 0 0 0 0 0 0 0 0 0 0 0 0 0 0 0 0 0 0 0 0 0 0 0 0 0 0 0 0 0 0 0 0 0 0 0 0 0 0 0 0 0 0 0 0 0 0 0 0 0 0 0 0 0 0 0 0 0 0 0 0 0 0 0 0 0 0 0 0 0 0 0 0 0 0 0 0 0 0 0 0 0 0 0 0 0 0 0 0 0 0 0 0 0 0 0 0 0 0 0 0 0 0 0 0 0 0 0 0 0 0 0 0 0 0 0 0 0 0 0 0 0 0 0 0 0 0 0 0 0 0 0 0 0 0 0 0 0 0 0 0 0 0 0 0 0 0 0 0 0 0 0 0 0 0 0 0 0 0 0 0 0 0 0 0 0 0 0 0 0 0 0 0 0 0 0 0 0 0 0 0 0 0 0 0 0 0 0 0 0 0 0 0 0 0 0 0 0 0 0 0 0 0 0 0 0 0 0 0 0 0 0 0 0 0 0 0 0 0 0 0 0 0 0 0 0 0 0 0 0 0 0 0 0 0 0 0 0 0 0 0 0 0 0 0 0 0 0 0 0 0 0 0 0 0 0 0 0 0 0 0 0 0 0 0 0 0 0 0 0 0 0 0 0 0 0 0 0 0 0 0 0 0 0 0 0 0 0 0 0 0 0 0 0 0 0 0 0 0 0 0 0 0 0 0 0 0 0 0 0 0 0 0 0 0 0 0 0 0 0 0 0 0 0 0 0 0 0 0 0 0 0 0 0 0 0 0 0 0 0 0 0 0 0 0 0 0 0 0 0 0 0 0 0 0 0 0 0 0 0 0 0 0 0 0 0 0 0 0 0 0 0 0 0 0 0 0 0 0 0 0 0 0 0 0 0 0 0 0 0 0 0 0 0 0 0 0 0 0 0 0 0 0 0 0 0 0 0 0 0 0 0 0 0 0 0 0 0 0 0 0 0 0 0 0 0 0 0 0 0 0 0 0 0 0 0 0 0 0 0 0 0 0 0 0 0 0 0 0 0 0
ctxt 3868935010
btime 1783935075
processes 5444654
procs_running 1
procs_blocked 0
softirq 2900301503 204 325011949 1709229 918854370 33214 0 7722683 927996347 399464 718574043

/proc/meminfo
MemTotal:       32273192 kB
MemFree:         1462264 kB
MemAvailable:   23012284 kB
Buffers:               0 kB
Cached:         21039380 kB
SwapCached:        15520 kB
Active:         15864980 kB
Inactive:       12613840 kB
Active(anon):    6934444 kB
Inactive(anon):   552376 kB
Active(file):    8930536 kB
Inactive(file): 12061464 kB
Unevictable:           0 kB
Mlocked:               0 kB
SwapTotal:      67108860 kB
SwapFree:       63106556 kB
Zswap:                 0 kB
Zswapped:              0 kB
Dirty:               176 kB
Writeback:             0 kB
AnonPages:       7409328 kB
Mapped:           282352 kB
Shmem:             47772 kB
KReclaimable:    1027240 kB
Slab:            1465244 kB
SReclaimable:    1027240 kB
SUnreclaim:       438004 kB
KernelStack:       34048 kB
PageTables:        45056 kB
SecPageTables:      4112 kB
NFS_Unstable:          0 kB
Bounce:                0 kB
WritebackTmp:          0 kB
CommitLimit:    83245456 kB
Committed_AS:   17873756 kB
VmallocTotal:   34359738367 kB
VmallocUsed:      229708 kB
VmallocChunk:          0 kB
Percpu:            21216 kB
HardwareCorrupted:     0 kB
AnonHugePages:   1359872 kB
ShmemHugePages:        0 kB
ShmemPmdMapped:        0 kB
FileHugePages:         0 kB
FilePmdMapped:         0 kB
CmaTotal:              0 kB
CmaFree:               0 kB
Unaccepted:            0 kB
HugePages_Total:       0
HugePages_Free:        0
HugePages_Rsvd:        0
HugePages_Surp:        0
Hugepagesize:       2048 kB
Hugetlb:               0 kB
DirectMap4k:      389980 kB
DirectMap2M:     5574656 kB
DirectMap1G:    27262976 kB

