/proc/loadavg
2.31 2.11 1.84 1/2093 45

/proc/stat
cpu  119460651 86936 3736956 11902070922 195228409 904261 1420681 0 0 0
cpu0 41252522 53 89059 463412951 4315212 72731 145796 0 0 0
cpu1 7245941 38258 741310 474651147 26150571 117365 156586 0 0 0
cpu2 5492201 307 162566 489778814 13793964 40697 27879 0 0 0
cpu3 4747345 101 89222 495312856 9121364 26291 15397 0 0 0
cpu4 5152942 1389 235912 486694930 17044940 52274 45789 0 0 0
cpu5 5088628 58 87969 495485577 8600215 28757 15170 0 0 0
cpu6 4940432 76 63779 499428344 4842717 23695 24424 0 0 0
cpu7 10434540 22861 650053 474637645 23278018 105306 72589 0 0 0
cpu8 5087017 126 114761 493760793 10261069 38504 36712 0 0 0
cpu9 4984842 60 69500 499121125 5102160 24476 17782 0 0 0
cpu10 4966716 42 65281 500726059 3473300 24566 70932 0 0 0
cpu11 4717464 575 200529 492049738 12118604 56729 98106 0 0 0
cpu12 1716474 39 47574 502993568 4532980 14377 19611 0 0 0
cpu13 2179663 11035 350485 498834375 7824752 33669 22547 0 0 0
cpu14 804826 232 54089 503193631 5226357 14003 13014 0 0 0
cpu15 1037752 59 45013 503935378 4299966 9991 7503 0 0 0
cpu16 1058146 291 53438 504687609 3516671 10305 6136 0 0 0
cpu17 677425 106 57240 505018283 3356301 43827 157924 0 0 0
cpu18 803900 52 59420 504730622 3609270 22984 99787 0 0 0
cpu19 3477311 10449 255292 497266125 8152408 48236 39763 0 0 0
cpu20 711893 204 54933 503456195 4942737 34278 57151 0 0 0
cpu21 757474 140 76512 503897197 4271996 40620 255842 0 0 0
cpu22 748537 73 58834 505017485 3489570 9656 8240 0 0 0
cpu23 1376648 340 54172 503980465 3903256 10912 5990 0 0 0
intr 3818340275 22 0 0 0 0 0 0 0 0 0 0 0 0 0 0 0 8 0 0 0 0 0 0 0 0 0 0 0 1 0 1 1 1 1 0 0 0 0 37 0 0 0 0 0 0 0 0 0 0 0 0 0 0 0 0 0 0 0 0 0 0 0 0 0 2953 1 170703237 161747676 166810305 394040848 95191 763667 144681 105967 227270 183254 85783 592423 124954 90501 70991 165728 77131 286663 93982 81287 104918 73686 74664 600098 173462 100621 70967 80880 30004 0 0 0 0 0 0 2 0 2 2 2 2 2 2 35 2 207 2 0 0 0 0 0 0 0 0 0 0 0 0 0 0 0 0 0 0 0 0 0 0 0 0 0 0 0 0 0 0 0 0 0 0 0 0 0 0 0 0 0 0 0 0 0 0 0 0 0 0 0 0 0 0 0 0 0 0 0 0 0 0 0 0 0 0 0 0 0 0 0 0 0 0 0 0 0 0 0 0 0 0 0 0 0 0 0 0 0 0 0 0 0 0 0 0 0 0 0 0 0 0 0 0 0 0 0 0 0 0 0 0 0 0 0 0 0 0 0 0 0 0 0 0 0 0 0 0 0 0 0 0 0 0 0 0 0 0 0 0 0 0 0 0 0 0 0 0 0 0 0 0 0 0 0 0 0 0 0 0 0 0 0 0 0 0 0 0 0 0 0 0 0 0 0 0 0 0 0 0 0 0 0 0 0 0 0 0 0 0 0 0 0 0 0 0 0 0 0 0 0 0 0 0 0 0 0 0 0 0 0 0 0 0 0 0 0 0 0 0 0 0 0 0 0 0 0 0 0 0 0 0 0 0 0 0 0 0 0 0 0 0 0 0 0 0 0 0 0 0 0 0 0 0 0 0 0 0 0 0 0 0 0 0 0 0 0 0 0 0 0 0 0 0 0 0 0 0 0 0 0 0 0 0 0 0 0 0 0 0 0 0 0 0 0 0 0 0 0 0 0 0 0 0 0 0 0 0 0 0 0 0 0 0 0 0 0 0 0 0 0 0 0 0 0 0 0 0 0 0 0 0 0 0 0 0 0 0 0 0 0 0 0 0 0 0 0 0 0 0 0 0 0 0 0 0 0 0 0 0 0 0 0 0 0 0 0 0 0 0 0 0 0 0 0 0 0 0 0 0 0 0 0 0 0 0 0 0 0 0 0 0 0 0 0 0 0 0 0 0 0 0 0 0 0 0 0 0 0 0 0 0 0 0 0 0 0 0 0 0 0 0 0 0 0 0 0 0 0 0 0 0 0 0 0 0 0 0 0 0 0 0 0 0 0 0 0 0 0 0 0 0 0 0 0 0 0 0 0 0 0 0 0 0 0 0 0 0 0 0 0 0 0 0 0 0 0 0 0 0 0 0 0 0 0 0 0 0 0 0 0 0 0 0 0 0 0 0 0 0 0 0 0 0 0 0 0 0 0 0 0 0 0 0 0 0 0 0 0 0 0 0 0 0 0 0 0 0 0 0 0 0 0 0 0 0 0 0 0 0 0 0 0 0 0 0 0 0 0 0 0 0 0 0 0 0 0 0 0 0 0 0 0 0 0 0 0 0 0 0 0 0 0 0 0 0 0 0 0 0 0 0 0 0 0 0 0 0 0 0 0 0 0 0 0 0 0 0 0 0 0 0 0 0 0 0 0 0 0 0 0 0 0 0 0 0 0 0 0 0 0 0 0 0 0 0 0 0 0 0 0 0 0 0 0 0 0 0 0 0 0 0 0 0 0 0 0 0 0 0 0 0 0 0 0 0 0 0 0 0 0 0 0 0 0 0 0 0 0 0 0 0 0 0 0 0 0 0 0 0 0 0 0 0 0 0 0 0 0 0 0 0 0 0 0 0 0 0 0 0 0 0 0 0 0 0 0 0 0 0 0 0 0 0 0 0 0 0 0 0 0 0 0 0 0 0 0 0 0 0 0 0 0 0 0 0 0 0 0 0 0 0 0 0 0 0 0 0 0 0 0 0 0 0 0 0 0 0 0 0 0 0 0 0 0 0 0 0 0 0 0 0 0 0 0 0 0 0 0 0 0 0 0 0 0 0 0 0 0 0 0 0 0 0 0 0 0 0 0 0 0 0 0 0 0 0 0 0 0 0 0 0 0 0 0 0 0 0 0 0 0 0 0 0 0 0 0 0 0 0 0 0 0 0 0 0 0 0 0 0 0 0 0 0 0 0 0 0 0 0 0 0 0 0 0 0 0 0 0 0 0 0 0 0 0 0 0 0 0 0 0 0 0 0 0 0 0 0 0 0 0 0 0 0 0 0 0 0 0 0 0 0 0 0 0 0 0 0 0 0 0 0 0 0 0 0 0 0 0 0 0 0 0 0 0 0 0 0 0 0 0 0 0 0 0 0 0 0 0 0 0 0 0 0 0 0 0 0 0 0 0 0 0 0 0 0 0 0 0 0 0 0 0 0 0 0 0 0 0 0 0 0 0 0 0 0 0 0 0 0 0 0 0 0 0 0 0 0 0 0 0 0 0 0 0 0 0 0 0 0 0 0 0 0 0 0 0 0 0 0 0 0 0 0 0 0 0 0 0 0 0 0 0 0 0 0 0 0 0 0 0 0 0 0 0 0 0 0 0 0 0 0 0 0 0 0 0 0 0 0 0 0 0 0 0 0 0
ctxt 3868518599
btime 1783935075
processes 5444189
procs_running 1
procs_blocked 0
softirq 2899876388 204 324988190 1707653 918792379 33214 0 7720516 927731019 399464 718503749

/proc/meminfo
MemTotal:       32273192 kB
MemFree:         1599840 kB
MemAvailable:   23082440 kB
Buffers:               0 kB
Cached:         20972004 kB
SwapCached:        15520 kB
Active:         15805356 kB
Inactive:       12547576 kB
Active(anon):    6875912 kB
Inactive(anon):   552376 kB
Active(file):    8929444 kB
Inactive(file): 11995200 kB
Unevictable:           0 kB
Mlocked:               0 kB
SwapTotal:      67108860 kB
SwapFree:       63106556 kB
Zswap:                 0 kB
Zswapped:              0 kB
Dirty:                16 kB
Writeback:             0 kB
AnonPages:       7350856 kB
Mapped:           282964 kB
Shmem:             47784 kB
KReclaimable:    1027176 kB
Slab:            1465024 kB
SReclaimable:    1027176 kB
SUnreclaim:       437848 kB
KernelStack:       33888 kB
PageTables:        45308 kB
SecPageTables:      4112 kB
NFS_Unstable:          0 kB
Bounce:                0 kB
WritebackTmp:          0 kB
CommitLimit:    83245456 kB
Committed_AS:   17805356 kB
VmallocTotal:   34359738367 kB
VmallocUsed:      229600 kB
VmallocChunk:          0 kB
Percpu:            21216 kB
HardwareCorrupted:     0 kB
AnonHugePages:   1345536 kB
ShmemHugePages:        0 kB
ShmemPmdMapped:        0 kB
FileHugePages:         0 kB
FilePmdMapped:         0 kB
CmaTotal:              0 kB
CmaFree:               0 kB
Unaccepted:            0 kB
HugePages_Total:       0
HugePages_Free:        0
HugePages_Rsvd:        0
HugePages_Surp:        0
Hugepagesize:       2048 kB
Hugetlb:               0 kB
DirectMap4k:      389980 kB
DirectMap2M:     5574656 kB
DirectMap1G:    27262976 kB

