/proc/loadavg
3.63 2.49 2.01 1/2109 80

/proc/stat
cpu  119486367 86936 3737237 11902355374 195228599 904330 1420750 0 0 0
cpu0 41253769 53 89220 463424373 4315276 72735 145837 0 0 0
cpu1 7245975 38258 741317 474664035 26150584 117365 156591 0 0 0
cpu2 5503536 307 162566 489780404 13793964 40721 27880 0 0 0
cpu3 4749192 101 89224 495323945 9121372 26296 15398 0 0 0
cpu4 5154800 1389 235916 486705994 17044958 52278 45790 0 0 0
cpu5 5090478 58 87974 495496668 8600215 28762 15171 0 0 0
cpu6 4942283 76 63779 499439440 4842718 23699 24424 0 0 0
cpu7 10436395 22861 650057 474648723 23278026 105311 72589 0 0 0
cpu8 5088850 126 114762 493771903 10261073 38508 36712 0 0 0
cpu9 4986683 60 69504 499132210 5102177 24480 17782 0 0 0
cpu10 4966745 42 65292 500738963 3473305 24567 70932 0 0 0
cpu11 4717482 575 200539 492062648 12118611 56730 98107 0 0 0
cpu12 1716483 39 47578 503006506 4532980 14378 19611 0 0 0
cpu13 2179679 11035 350498 498847288 7824755 33669 22547 0 0 0
cpu14 804828 232 54090 503206577 5226357 14003 13014 0 0 0
cpu15 1037755 59 45019 503948303 4299981 9991 7503 0 0 0
cpu16 1058153 291 53444 504700543 3516671 10306 6137 0 0 0
cpu17 677433 106 57252 505031205 3356303 43828 157927 0 0 0
cpu18 803903 52 59425 504743559 3609272 22985 99787 0 0 0
cpu19 3477332 10449 255300 497279043 8152409 48236 39764 0 0 0
cpu20 711900 204 54936 503469133 4942740 34278 57151 0 0 0
cpu21 757475 140 76514 503910131 4271996 40621 255855 0 0 0
cpu22 748548 73 58838 505030400 3489588 9657 8240 0 0 0
cpu23 1376678 340 54181 503993371 3903256 10913 5990 0 0 0
intr 3818709922 22 0 0 0 0 0 0 0 0 0 0 0 0 0 0 0 8 0 0 0 0 0 0 0 0 0 0 0 1 0 1 1 1 1 0 0 0 0 37 0 0 0 0 0 0 0 0 0 0 0 0 0 0 0 0 0 0 0 0 0 0 0 0 0 2953 1 170711118 161748297 166811509 394058317 95192 763667 144681 105967 227288 183262 85801 592423 124954 90501 70991 165728 77131 286671 93982 81288 104920 73686 74665 600120 173462 100621 70976 80880 30004 0 0 0 0 0 0 2 0 2 2 2 2 2 2 35 2 207 2 0 0 0 0 0 0 0 0 0 0 0 0 0 0 0 0 0 0 0 0 0 0 0 0 0 0 0 0 0 0 0 0 0 0 0 0 0 0 0 0 0 0 0 0 0 0 0 0 0 0 0 0 0 0 0 0 0 0 0 0 0 0 0 0 0 0 0 0 0 0 0 0 0 0 0 0 0 0 0 0 0 0 0 0 0 0 0 0 0 0 0 0 0 0 0 0 0 0 0 0 0 0 0 0 0 0 0 0 0 0 0 0 0 0 0 0 0 0 0 0 0 0 0 0 0 0 0 0 0 0 0 0 0 0 0 0 0 0 0 0 0 0 0 0 0 0 0 0 0 0 0 0 0 0 0 0 0 0 0 0 0 0 0 0 0 0 0 0 0 0 0 0 0 0 0 0 0 0 0 0 0 0 0 0 0 0 0 0 0 0 0 0 0 0 0 0 0 0 0 0 0 0 0 0 0 0 0 0 0 0 0 0 0 0 0 0 0 0 0 0 0 0 0 0 0 0 0 0 0 0 0 0 0 0 0 0 0 0 0 0 0 0 0 0 0 0 0 0 0 0 0 0 0 0 0 0 0 0 0 0 0 0 0 0 0 0 0 0 0 0 0 0 0 0 0 0 0 0 0 0 0 0 0 0 0 0 0 0 0 0 0 0 0 0 0 0 0 0 0 0 0 0 0 0 0 0 0 0 0 0 0 0 0 0 0 0 0 0 0 0 0 0 0 0 0 0 0 0 0 0 0 0 0 0 0 0 0 0 0 0 0 0 0 0 0 0 0 0 0 0 0 0 0 0 0 0 0 0 0 0 0 0 0 0 0 0 0 0 0 0 0 0 0 0 0 0 0 0 0 0 0 0 0 0 0 0 0 0 0 0 0 0 0 0 0 0 0 0 0 0 0 0 0 0 0 0 0 0 0 0 0 0 0 0 0 0 0 0 0 0 0 0 0 0 0 0 0 0 0 0 0 0 0 0 0 0 0 0 0 0 0 0 0 0 0 0 0 0 0 0 0 0 0 0 0 0 0 0 0 0 0 0 0 0 0 0 0 0 0 0 0 0 0 0 0 0 0 0 0 0 0 0 0 0 0 0 0 0 0 0 0 0 0 0 0 0 0 0 0 0 0 0 0 0 0 0 0 0 0 0 0 0 0 0 0 0 0 0 0 0 0 0 0 0 0 0 0 0 0 0 0 0 0 0 0 0 0 0 0 0 0 0 0 0 0 0 0 0 0 0 0 0 0 0 0 0 0 0 0 0 0 0 0 0 0 0 0 0 0 0 0 0 0 0 0 0 0 0 0 0 0 0 0 0 0 0 0 0 0 0 0 0 0 0 0 0 0 0 0 0 0 0 0 0 0 0 0 0 0 0 0 0 0 0 0 0 0 0 0 0 0 0 0 0 0 0 0 0 0 0 0 0 0 0 0 0 0 0 0 0 0 0 0 0 0 0 0 0 0 0 0 0 0 0 0 0 0 0 0 0 0 0 0 0 0 0 0 0 0 0 0 0 0 0 0 0 0 0 0 0 0 0 0 0 0 0 0 0 0 0 0 0 0 0 0 0 0 0 0 0 0 0 0 0 0 0 0 0 0 0 0 0 0 0 0 0 0 0 0 0 0 0 0 0 0 0 0 0 0 0 0 0 0 0 0 0 0 0 0 0 0 0 0 0 0 0 0 0 0 0 0 0 0 0 0 0 0 0 0 0 0 0 0 0 0 0 0 0 0 0 0 0 0 0 0 0 0 0 0 0 0 0 0 0 0 0 0 0 0 0 0 0 0 0 0 0 0 0 0 0 0 0 0 0 0 0 0 0 0 0 0 0 0 0 0 0 0 0 0 0 0 0 0 0 0 0 0 0 0 0 0 0 0 0 0 0 0 0 0 0 0 0 0 0 0 0 0 0 0 0 0 0 0 0 0 0 0 0 0 0 0 0 0 0 0 0 0 0 0 0 0 0 0 0 0 0 0 0 0 0 0 0 0 0 0 0 0 0 0 0 0 0 0 0 0 0 0 0 0 0 0 0 0 0 0 0 0 0 0 0 0 0 0 0 0 0 0 0 0 0 0 0 0 0 0 0 0 0 0 0 0 0 0 0 0 0 0 0 0 0 0 0 0 0 0 0 0 0 0 0 0 0 0 0 0 0 0 0 0 0 0 0 0 0 0 0 0 0 0 0 0 0 0 0 0 0 0 0 0 0 0 0 0 0 0 0 0 0 0 0 0 0 0 0 0 0 0 0 0 0 0 0 0 0 0 0 0 0 0 0 0 0 0 0 0 0 0 0 0 0 0 0 0 0 0 0 0 0 0 0 0 0 0 0 0 0 0 0 0 0 0 0 0 0 0 0 0
ctxt 3868712671
btime 1783935075
processes 5444487
procs_running 1
procs_blocked 0
softirq 2900058758 204 324998499 1708432 918820651 33214 0 7721297 927843869 399464 718533128

/proc/meminfo
MemTotal:       32273192 kB
MemFree:         1536576 kB
MemAvailable:   23052936 kB
Buffers:               0 kB
Cached:         21005772 kB
SwapCached:        15520 kB
Active:         15827768 kB
Inactive:       12581336 kB
Active(anon):    6898356 kB
Inactive(anon):   552376 kB
Active(file):    8929412 kB
Inactive(file): 12028960 kB
Unevictable:           0 kB
Mlocked:               0 kB
SwapTotal:      67108860 kB
SwapFree:       63106556 kB
Zswap:                 0 kB
Zswapped:              0 kB
Dirty:               212 kB
Writeback:             0 kB
AnonPages:       7373164 kB
Mapped:           282632 kB
Shmem:             47792 kB
KReclaimable:    1027208 kB
Slab:            1465284 kB
SReclaimable:    1027208 kB
SUnreclaim:       438076 kB
KernelStack:       34112 kB
PageTables:        45152 kB
SecPageTables:      4112 kB
NFS_Unstable:          0 kB
Bounce:                0 kB
WritebackTmp:          0 kB
CommitLimit:    83245456 kB
Committed_AS:   17829200 kB
VmallocTotal:   34359738367 kB
VmallocUsed:      229904 kB
VmallocChunk:          0 kB
Percpu:            21216 kB
HardwareCorrupted:     0 kB
AnonHugePages:   1345536 kB
ShmemHugePages:        0 kB
ShmemPmdMapped:        0 kB
FileHugePages:         0 kB
FilePmdMapped:         0 kB
CmaTotal:              0 kB
CmaFree:               0 kB
Unaccepted:            0 kB
HugePages_Total:       0
HugePages_Free:        0
HugePages_Rsvd:        0
HugePages_Surp:        0
Hugepagesize:       2048 kB
Hugetlb:               0 kB
DirectMap4k:      389980 kB
DirectMap2M:     5574656 kB
DirectMap1G:    27262976 kB

