/proc/loadavg
3.18 2.67 2.15 1/2104 116

/proc/stat
cpu  119515537 86936 3737505 11902715174 195228792 904409 1420829 0 0 0
cpu0 41255027 53 89378 463439063 4315343 72739 145884 0 0 0
cpu1 7245982 38258 741321 474680224 26150610 117366 156597 0 0 0
cpu2 5518139 307 162567 489782005 13793964 40752 27880 0 0 0
cpu3 4751064 101 89227 495338297 9121372 26300 15398 0 0 0
cpu4 5156674 1389 235923 486720321 17044977 52284 45791 0 0 0
cpu5 5092342 58 87975 495511030 8600218 28766 15171 0 0 0
cpu6 4944155 76 63781 499453792 4842720 23704 24424 0 0 0
cpu7 10438267 22861 650059 474663078 23278027 105316 72590 0 0 0
cpu8 5090701 126 114762 493786275 10261080 38513 36713 0 0 0
cpu9 4988549 60 69504 499146564 5102188 24484 17782 0 0 0
cpu10 4966752 42 65296 500755185 3473305 24567 70933 0 0 0
cpu11 4717490 575 200545 492078846 12118631 56730 98108 0 0 0
cpu12 1716485 39 47579 503022736 4532981 14378 19611 0 0 0
cpu13 2179683 11035 350504 498863508 7824755 33670 22548 0 0 0
cpu14 804830 232 54092 503222809 5226357 14003 13014 0 0 0
cpu15 1037779 59 45029 503964497 4299985 9993 7503 0 0 0
cpu16 1058173 291 53452 504716739 3516677 10307 6137 0 0 0
cpu17 677444 106 57258 505047410 3356306 43830 157931 0 0 0
cpu18 803903 52 59427 504759788 3609272 22985 99788 0 0 0
cpu19 3477359 10449 255307 497295237 8152412 48237 39764 0 0 0
cpu20 711935 204 54951 503485311 4942743 34280 57151 0 0 0
cpu21 757483 140 76520 503926328 4272002 40623 255870 0 0 0
cpu22 748553 73 58841 505046613 3489595 9658 8241 0 0 0
cpu23 1376758 340 54197 504009506 3903258 10914 5990 0 0 0
intr 3819136577 22 0 0 0 0 0 0 0 0 0 0 0 0 0 0 0 8 0 0 0 0 0 0 0 0 0 0 0 1 0 1 1 1 1 0 0 0 0 37 0 0 0 0 0 0 0 0 0 0 0 0 0 0 0 0 0 0 0 0 0 0 0 0 0 2953 1 170719564 161748918 166812312 394079998 95192 763667 144681 105968 227311 183278 85833 592423 124954 90501 70992 165728 77131 286675 93982 81288 104921 73686 74665 600130 173464 100622 70981 80880 30004 0 0 0 0 0 0 2 0 2 2 2 2 2 2 35 2 207 2 0 0 0 0 0 0 0 0 0 0 0 0 0 0 0 0 0 0 0 0 0 0 0 0 0 0 0 0 0 0 0 0 0 0 0 0 0 0 0 0 0 0 0 0 0 0 0 0 0 0 0 0 0 0 0 0 0 0 0 0 0 0 0 0 0 0 0 0 0 0 0 0 0 0 0 0 0 0 0 0 0 0 0 0 0 0 0 0 0 0 0 0 0 0 0 0 0 0 0 0 0 0 0 0 0 0 0 0 0 0 0 0 0 0 0 0 0 0 0 0 0 0 0 0 0 0 0 0 0 0 0 0 0 0 0 0 0 0 0 0 0 0 0 0 0 0 0 0 0 0 0 0 0 0 0 0 0 0 0 0 0 0 0 0 0 0 0 0 0 0 0 0 0 0 0 0 0 0 0 0 0 0 0 0 0 0 0 0 0 0 0 0 0 0 0 0 0 0 0 0 0 0 0 0 0 0 0 0 0 0 0 0 0 0 0 0 0 0 0 0 0 0 0 0 0 0 0 0 0 0 0 0 0 0 0 0 0 0 0 0 0 0 0 0 0 0 0 0 0 0 0 0 0 0 0 0 0 0 0 0 0 0 0 0 0 0 0 0 0 0 0 0 0 0 0 0 0 0 0 0 0 0 0 0 0 0 0 0 0 0 0 0 0 0 0 0 0 0 0 0 0 0 0 0 0 0 0 0 0 0 0 0 0 0 0 0 0 0 0 0 0 0 0 0 0 0 0 0 0 0 0 0 0 0 0 0 0 0 0 0 0 0 0 0 0 0 0 0 0 0 0 0 0 0 0 0 0 0 0 0 0 0 0 0 0 0 0 0 0 0 0 0 0 0 0 0 0 0 0 0 0 0 0 0 0 0 0 0 0 0 0 0 0 0 0 0 0 0 0 0 0 0 0 0 0 0 0 0 0 0 0 0 0 0 0 0 0 0 0 0 0 0 0 0 0 0 0 0 0 0 0 0 0 0 0 0 0 0 0 0 0 0 0 0 0 0 0 0 0 0 0 0 0 0 0 0 0 0 0 0 0 0 0 0 0 0 0 0 0 0 0 0 0 0 0 0 0 0 0 0 0 0 0 0 0 0 0 0 0 0 0 0 0 0 0 0 0 0 0 0 0 0 0 0 0 0 0 0 0 0 0 0 0 0 0 0 0 0 0 0 0 0 0 0 0 0 0 0 0 0 0 0 0 0 0 0 0 0 0 0 0 0 0 0 0 0 0 0 0 0 0 0 0 0 0 0 0 0 0 0 0 0 0 0 0 0 0 0 0 0 0 0 0 0 0 0 0 0 0 0 0 0 0 0 0 0 0 0 0 0 0 0 0 0 0 0 0 0 0 0 0 0 0 0 0 0 0 0 0 0 0 0 0 0 0 0 0 0 0 0 0 0 0 0 0 0 0 0 0 0 0 0 0 0 0 0 0 0 0 0 0 0 0 0 0 0 0 0 0 0 0 0 0 0 0 0 0 0 0 0 0 0 0 0 0 0 0 0 0 0 0 0 0 0 0 0 0 0 0 0 0 0 0 0 0 0 0 0 0 0 0 0 0 0 0 0 0 0 0 0 0 0 0 0 0 0 0 0 0 0 0 0 0 0 0 0 0 0 0 0 0 0 0 0 0 0 0 0 0 0 0 0 0 0 0 0 0 0 0 0 0 0 0 0 0 0 0 0 0 0 0 0 0 0 0 0 0 0 0 0 0 0 0 0 0 0 0 0 0 0 0 0 0 0 0 0 0 0 0 0 0 0 0 0 0 0 0 0 0 0 0 0 0 0 0 0 0 0 0 0 0 0 0 0 0 0 0 0 0 0 0 0 0 0 0 0 0 0 0 0 0 0 0 0 0 0 0 0 0 0 0 0 0 0 0 0 0 0 0 0 0 0 0 0 0 0 0 0 0 0 0 0 0 0 0 0 0 0 0 0 0 0 0 0 0 0 0 0 0 0 0 0 0 0 0 0 0 0 0 0 0 0 0 0 0 0 0 0 0 0 0 0 0 0 0 0 0 0 0 0 0 0 0 0 0 0 0 0 0 0 0 0 0 0 0 0 0 0 0 0 0 0 0 0 0 0 0 0 0 0 0 0 0 0 0 0 0 0 0 0 0 0 0 0 0 0 0 0 0 0 0 0 0 0 0 0 0 0 0 0 0 0 0 0 0 0 0 0 0 0 0 0 0 0 0 0 0 0 0 0 0 0 0 0 0 0 0 0 0 0 0 0 0 0 0 0 0 0 0 0 0 0 0 0 0 0 0 0 0 0 0 0 0 0 0 0 0 0 0 0 0 0 0 0 0 0 0 0 0 0 0 0 0 0 0 0 0 0 0 0 0 0 0 0 0 0 0
ctxt 3868926650
btime 1783935075
processes 5444643
procs_running 1
procs_blocked 0
softirq 2900289960 204 325011371 1709140 918852737 33214 0 7722609 927990807 399464 718570414

/proc/meminfo
MemTotal:       32273192 kB
MemFree:         1468876 kB
MemAvailable:   23014728 kB
Buffers:               0 kB
Cached:         21035184 kB
SwapCached:        15520 kB
Active:         15862772 kB
Inactive:       12609640 kB
Active(anon):    6932204 kB
Inactive(anon):   552376 kB
Active(file):    8930568 kB
Inactive(file): 12057264 kB
Unevictable:           0 kB
Mlocked:               0 kB
SwapTotal:      67108860 kB
SwapFree:       63106556 kB
Zswap:                 0 kB
Zswapped:              0 kB
Dirty:                 8 kB
Writeback:             0 kB
AnonPages:       7407120 kB
Mapped:           282352 kB
Shmem:             47772 kB
KReclaimable:    1027240 kB
Slab:            1465240 kB
SReclaimable:    1027240 kB
SUnreclaim:       438000 kB
KernelStack:       34032 kB
PageTables:        45056 kB
SecPageTables:      4112 kB
NFS_Unstable:          0 kB
Bounce:                0 kB
WritebackTmp:          0 kB
CommitLimit:    83245456 kB
Committed_AS:   17855184 kB
VmallocTotal:   34359738367 kB
VmallocUsed:      229692 kB
VmallocChunk:          0 kB
Percpu:            21216 kB
HardwareCorrupted:     0 kB
AnonHugePages:   1359872 kB
ShmemHugePages:        0 kB
ShmemPmdMapped:        0 kB
FileHugePages:         0 kB
FilePmdMapped:         0 kB
CmaTotal:              0 kB
CmaFree:               0 kB
Unaccepted:            0 kB
HugePages_Total:       0
HugePages_Free:        0
HugePages_Rsvd:        0
HugePages_Surp:        0
Hugepagesize:       2048 kB
Hugetlb:               0 kB
DirectMap4k:      389980 kB
DirectMap2M:     5574656 kB
DirectMap1G:    27262976 kB

