/proc/loadavg
1.99 2.01 1.79 1/2095 36

/proc/stat
cpu  119453558 86936 3736880 11901984252 195228371 904242 1420660 0 0 0
cpu0 41252365 53 89038 463409241 4315203 72730 145783 0 0 0
cpu1 7245940 38258 741308 474647246 26150563 117364 156585 0 0 0
cpu2 5488491 307 162566 489778619 13793964 40689 27879 0 0 0
cpu3 4746894 101 89220 495309398 9121364 26290 15397 0 0 0
cpu4 5152481 1389 235907 486691489 17044935 52272 45789 0 0 0
cpu5 5088175 58 87967 495482120 8600215 28756 15170 0 0 0
cpu6 4939979 76 63778 499424886 4842717 23694 24423 0 0 0
cpu7 10434080 22861 650051 474634200 23278013 105305 72589 0 0 0
cpu8 5086570 126 114761 493757329 10261067 38503 36712 0 0 0
cpu9 4984392 60 69500 499117664 5102160 24475 17781 0 0 0
cpu10 4966714 42 65281 500722149 3473300 24566 70932 0 0 0
cpu11 4717453 575 200526 492045842 12118601 56729 98106 0 0 0
cpu12 1716474 39 47574 502989655 4532980 14377 19611 0 0 0
cpu13 2179657 11035 350465 498830488 7824752 33669 22547 0 0 0
cpu14 804826 232 54089 503189719 5226357 14003 13014 0 0 0
cpu15 1037752 59 45013 503931470 4299961 9991 7503 0 0 0
cpu16 1058141 291 53436 504683703 3516671 10305 6136 0 0 0
cpu17 677425 106 57238 505014374 3356301 43827 157923 0 0 0
cpu18 803900 52 59419 504726711 3609269 22984 99786 0 0 0
cpu19 3477306 10449 255289 497262218 8152408 48236 39763 0 0 0
cpu20 711893 204 54932 503452283 4942737 34278 57151 0 0 0
cpu21 757473 140 76511 503893289 4271996 40619 255839 0 0 0
cpu22 748526 73 58832 505013586 3489570 9656 8239 0 0 0
cpu23 1376642 340 54170 503976560 3903255 10912 5990 0 0 0
intr 3818235353 22 0 0 0 0 0 0 0 0 0 0 0 0 0 0 0 8 0 0 0 0 0 0 0 0 0 0 0 1 0 1 1 1 1 0 0 0 0 37 0 0 0 0 0 0 0 0 0 0 0 0 0 0 0 0 0 0 0 0 0 0 0 0 0 2953 1 170701181 161747537 166809914 394036020 95191 763667 144681 105967 227257 183251 85780 592423 124954 90501 70991 165728 77129 286663 93982 81287 104918 73685 74664 600094 173462 100621 70965 80880 30004 0 0 0 0 0 0 2 0 2 2 2 2 2 2 35 2 207 2 0 0 0 0 0 0 0 0 0 0 0 0 0 0 0 0 0 0 0 0 0 0 0 0 0 0 0 0 0 0 0 0 0 0 0 0 0 0 0 0 0 0 0 0 0 0 0 0 0 0 0 0 0 0 0 0 0 0 0 0 0 0 0 0 0 0 0 0 0 0 0 0 0 0 0 0 0 0 0 0 0 0 0 0 0 0 0 0 0 0 0 0 0 0 0 0 0 0 0 0 0 0 0 0 0 0 0 0 0 0 0 0 0 0 0 0 0 0 0 0 0 0 0 0 0 0 0 0 0 0 0 0 0 0 0 0 0 0 0 0 0 0 0 0 0 0 0 0 0 0 0 0 0 0 0 0 0 0 0 0 0 0 0 0 0 0 0 0 0 0 0 0 0 0 0 0 0 0 0 0 0 0 0 0 0 0 0 0 0 0 0 0 0 0 0 0 0 0 0 0 0 0 0 0 0 0 0 0 0 0 0 0 0 0 0 0 0 0 0 0 0 0 0 0 0 0 0 0 0 0 0 0 0 0 0 0 0 0 0 0 0 0 0 0 0 0 0 0 0 0 0 0 0 0 0 0 0 0 0 0 0 0 0 0 0 0 0 0 0 0 0 0 0 0 0 0 0 0 0 0 0 0 0 0 0 0 0 0 0 0 0 0 0 0 0 0 0 0 0 0 0 0 0 0 0 0 0 0 0 0 0 0 0 0 0 0 0 0 0 0 0 0 0 0 0 0 0 0 0 0 0 0 0 0 0 0 0 0 0 0 0 0 0 0 0 0 0 0 0 0 0 0 0 0 0 0 0 0 0 0 0 0 0 0 0 0 0 0 0 0 0 0 0 0 0 0 0 0 0 0 0 0 0 0 0 0 0 0 0 0 0 0 0 0 0 0 0 0 0 0 0 0 0 0 0 0 0 0 0 0 0 0 0 0 0 0 0 0 0 0 0 0 0 0 0 0 0 0 0 0 0 0 0 0 0 0 0 0 0 0 0 0 0 0 0 0 0 0 0 0 0 0 0 0 0 0 0 0 0 0 0 0 0 0 0 0 0 0 0 0 0 0 0 0 0 0 0 0 0 0 0 0 0 0 0 0 0 0 0 0 0 0 0 0 0 0 0 0 0 0 0 0 0 0 0 0 0 0 0 0 0 0 0 0 0 0 0 0 0 0 0 0 0 0 0 0 0 0 0 0 0 0 0 0 0 0 0 0 0 0 0 0 0 0 0 0 0 0 0 0 0 0 0 0 0 0 0 0 0 0 0 0 0 0 0 0 0 0 0 0 0 0 0 0 0 0 0 0 0 0 0 0 0 0 0 0 0 0 0 0 0 0 0 0 0 0 0 0 0 0 0 0 0 0 0 0 0 0 0 0 0 0 0 0 0 0 0 0 0 0 0 0 0 0 0 0 0 0 0 0 0 0 0 0 0 0 0 0 0 0 0 0 0 0 0 0 0 0 0 0 0 0 0 0 0 0 0 0 0 0 0 0 0 0 0 0 0 0 0 0 0 0 0 0 0 0 0 0 0 0 0 0 0 0 0 0 0 0 0 0 0 0 0 0 0 0 0 0 0 0 0 0 0 0 0 0 0 0 0 0 0 0 0 0 0 0 0 0 0 0 0 0 0 0 0 0 0 0 0 0 0 0 0 0 0 0 0 0 0 0 0 0 0 0 0 0 0 0 0 0 0 0 0 0 0 0 0 0 0 0 0 0 0 0 0 0 0 0 0 0 0 0 0 0 0 0 0 0 0 0 0 0 0 0 0 0 0 0 0 0 0 0 0 0 0 0 0 0 0 0 0 0 0 0 0 0 0 0 0 0 0 0 0 0 0 0 0 0 0 0 0 0 0 0 0 0 0 0 0 0 0 0 0 0 0 0 0 0 0 0 0 0 0 0 0 0 0 0 0 0 0 0 0 0 0 0 0 0 0 0 0 0 0 0 0 0 0 0 0 0 0 0 0 0 0 0 0 0 0 0 0 0 0 0 0 0 0 0 0 0 0 0 0 0 0 0 0 0 0 0 0 0 0 0 0 0 0 0 0 0 0 0 0 0 0 0 0 0 0 0 0 0 0 0 0 0 0 0 0 0 0 0 0 0 0 0 0 0 0 0 0 0 0 0 0 0 0 0 0 0 0 0 0 0 0 0 0 0 0 0 0 0 0 0 0 0 0 0 0 0 0 0 0 0 0 0 0 0 0 0 0 0 0 0 0 0 0 0 0 0 0 0 0 0 0 0 0 0 0 0 0 0 0 0 0 0 0 0 0 0 0 0 0 0 0 0 0 0 0 0 0 0 0 0 0 0 0 0 0 0 0 0 0 0 0 0 0 0 0 0 0 0 0 0 0 0 0
ctxt 3868461465
btime 1783935075
processes 5444126
procs_running 1
procs_blocked 0
softirq 2899822116 204 324985095 1707548 918784484 33214 0 7720327 927696495 399464 718495285

/proc/meminfo
MemTotal:       32273192 kB
MemFree:         1658208 kB
MemAvailable:   23136540 kB
Buffers:               0 kB
Cached:         20967756 kB
SwapCached:        15520 kB
Active:         15743452 kB
Inactive:       12543340 kB
Active(anon):    6814040 kB
Inactive(anon):   552376 kB
Active(file):    8929412 kB
Inactive(file): 11990964 kB
Unevictable:           0 kB
Mlocked:               0 kB
SwapTotal:      67108860 kB
SwapFree:       63106556 kB
Zswap:                 0 kB
Zswapped:              0 kB
Dirty:                28 kB
Writeback:             4 kB
AnonPages:       7288824 kB
Mapped:           281892 kB
Shmem:             47772 kB
KReclaimable:    1027176 kB
Slab:            1464992 kB
SReclaimable:    1027176 kB
SUnreclaim:       437816 kB
KernelStack:       33888 kB
PageTables:        44776 kB
SecPageTables:      4112 kB
NFS_Unstable:          0 kB
Bounce:                0 kB
WritebackTmp:          0 kB
CommitLimit:    83245456 kB
Committed_AS:   17686060 kB
VmallocTotal:   34359738367 kB
VmallocUsed:      229596 kB
VmallocChunk:          0 kB
Percpu:            21216 kB
HardwareCorrupted:     0 kB
AnonHugePages:   1345536 kB
ShmemHugePages:        0 kB
ShmemPmdMapped:        0 kB
FileHugePages:         0 kB
FilePmdMapped:         0 kB
CmaTotal:              0 kB
CmaFree:               0 kB
Unaccepted:            0 kB
HugePages_Total:       0
HugePages_Free:        0
HugePages_Rsvd:        0
HugePages_Surp:        0
Hugepagesize:       2048 kB
Hugetlb:               0 kB
DirectMap4k:      389980 kB
DirectMap2M:     5574656 kB
DirectMap1G:    27262976 kB

