/proc/loadavg
2.78 2.48 2.04 1/2107 90

/proc/stat
cpu  119497089 86936 3737348 11902523429 195228673 904360 1420783 0 0 0
cpu0 41254234 53 89281 463431259 4315297 72737 145857 0 0 0
cpu1 7245978 38258 741319 474671478 26150594 117366 156593 0 0 0
cpu2 5510372 307 162567 489781013 13793964 40735 27880 0 0 0
cpu3 4749666 101 89225 495330927 9121372 26297 15398 0 0 0
cpu4 5155274 1389 235921 486712966 17044964 52280 45790 0 0 0
cpu5 5090949 58 87974 495503653 8600217 28763 15171 0 0 0
cpu6 4942756 76 63779 499446425 4842718 23700 24424 0 0 0
cpu7 10436868 22861 650057 474655708 23278026 105313 72589 0 0 0
cpu8 5089316 126 114762 493778893 10261075 38510 36712 0 0 0
cpu9 4987157 60 69504 499139184 5102188 24481 17782 0 0 0
cpu10 4966748 42 65293 500746418 3473305 24567 70933 0 0 0
cpu11 4717487 575 200542 492070092 12118617 56730 98107 0 0 0
cpu12 1716484 39 47579 503013964 4532980 14378 19611 0 0 0
cpu13 2179681 11035 350501 498854740 7824755 33670 22547 0 0 0
cpu14 804829 232 54091 503214036 5226357 14003 13014 0 0 0
cpu15 1037767 59 45025 503955739 4299985 9992 7503 0 0 0
cpu16 1058160 291 53447 504707991 3516671 10306 6137 0 0 0
cpu17 677442 106 57255 505038648 3356303 43829 157928 0 0 0
cpu18 803903 52 59426 504751017 3609272 22985 99787 0 0 0
cpu19 3477353 10449 255305 497286473 8152412 48237 39764 0 0 0
cpu20 711918 204 54943 503476566 4942740 34279 57151 0 0 0
cpu21 757476 140 76516 503917577 4271999 40622 255861 0 0 0
cpu22 748551 73 58839 505037850 3489592 9657 8241 0 0 0
cpu23 1376707 340 54185 504000800 3903256 10914 5990 0 0 0
intr 3818875588 22 0 0 0 0 0 0 0 0 0 0 0 0 0 0 0 8 0 0 0 0 0 0 0 0 0 0 0 1 0 1 1 1 1 0 0 0 0 37 0 0 0 0 0 0 0 0 0 0 0 0 0 0 0 0 0 0 0 0 0 0 0 0 0 2953 1 170714210 161748493 166811739 394067768 95192 763667 144681 105968 227293 183268 85814 592423 124954 90501 70991 165728 77131 286673 93982 81288 104920 73686 74665 600126 173463 100621 70978 80880 30004 0 0 0 0 0 0 2 0 2 2 2 2 2 2 35 2 207 2 0 0 0 0 0 0 0 0 0 0 0 0 0 0 0 0 0 0 0 0 0 0 0 0 0 0 0 0 0 0 0 0 0 0 0 0 0 0 0 0 0 0 0 0 0 0 0 0 0 0 0 0 0 0 0 0 0 0 0 0 0 0 0 0 0 0 0 0 0 0 0 0 0 0 0 0 0 0 0 0 0 0 0 0 0 0 0 0 0 0 0 0 0 0 0 0 0 0 0 0 0 0 0 0 0 0 0 0 0 0 0 0 0 0 0 0 0 0 0 0 0 0 0 0 0 0 0 0 0 0 0 0 0 0 0 0 0 0 0 0 0 0 0 0 0 0 0 0 0 0 0 0 0 0 0 0 0 0 0 0 0 0 0 0 0 0 0 0 0 0 0 0 0 0 0 0 0 0 0 0 0 0 0 0 0 0 0 0 0 0 0 0 0 0 0 0 0 0 0 0 0 0 0 0 0 0 0 0 0 0 0 0 0 0 0 0 0 0 0 0 0 0 0 0 0 0 0 0 0 0 0 0 0 0 0 0 0 0 0 0 0 0 0 0 0 0 0 0 0 0 0 0 0 0 0 0 0 0 0 0 0 0 0 0 0 0 0 0 0 0 0 0 0 0 0 0 0 0 0 0 0 0 0 0 0 0 0 0 0 0 0 0 0 0 0 0 0 0 0 0 0 0 0 0 0 0 0 0 0 0 0 0 0 0 0 0 0 0 0 0 0 0 0 0 0 0 0 0 0 0 0 0 0 0 0 0 0 0 0 0 0 0 0 0 0 0 0 0 0 0 0 0 0 0 0 0 0 0 0 0 0 0 0 0 0 0 0 0 0 0 0 0 0 0 0 0 0 0 0 0 0 0 0 0 0 0 0 0 0 0 0 0 0 0 0 0 0 0 0 0 0 0 0 0 0 0 0 0 0 0 0 0 0 0 0 0 0 0 0 0 0 0 0 0 0 0 0 0 0 0 0 0 0 0 0 0 0 0 0 0 0 0 0 0 0 0 0 0 0 0 0 0 0 0 0 0 0 0 0 0 0 0 0 0 0 0 0 0 0 0 0 0 0 0 0 0 0 0 0 0 0 0 0 0 0 0 0 0 0 0 0 0 0 0 0 0 0 0 0 0 0 0 0 0 0 0 0 0 0 0 0 0 0 0 0 0 0 0 0 0 0 0 0 0 0 0 0 0 0 0 0 0 0 0 0 0 0 0 0 0 0 0 0 0 0 0 0 0 0 0 0 0 0 0 0 0 0 0 0 0 0 0 0 0 0 0 0 0 0 0 0 0 0 0 0 0 0 0 0 0 0 0 0 0 0 0 0 0 0 0 0 0 0 0 0 0 0 0 0 0 0 0 0 0 0 0 0 0 0 0 0 0 0 0 0 0 0 0 0 0 0 0 0 0 0 0 0 0 0 0 0 0 0 0 0 0 0 0 0 0 0 0 0 0 0 0 0 0 0 0 0 0 0 0 0 0 0 0 0 0 0 0 0 0 0 0 0 0 0 0 0 0 0 0 0 0 0 0 0 0 0 0 0 0 0 0 0 0 0 0 0 0 0 0 0 0 0 0 0 0 0 0 0 0 0 0 0 0 0 0 0 0 0 0 0 0 0 0 0 0 0 0 0 0 0 0 0 0 0 0 0 0 0 0 0 0 0 0 0 0 0 0 0 0 0 0 0 0 0 0 0 0 0 0 0 0 0 0 0 0 0 0 0 0 0 0 0 0 0 0 0 0 0 0 0 0 0 0 0 0 0 0 0 0 0 0 0 0 0 0 0 0 0 0 0 0 0 0 0 0 0 0 0 0 0 0 0 0 0 0 0 0 0 0 0 0 0 0 0 0 0 0 0 0 0 0 0 0 0 0 0 0 0 0 0 0 0 0 0 0 0 0 0 0 0 0 0 0 0 0 0 0 0 0 0 0 0 0 0 0 0 0 0 0 0 0 0 0 0 0 0 0 0 0 0 0 0 0 0 0 0 0 0 0 0 0 0 0 0 0 0 0 0 0 0 0 0 0 0 0 0 0 0 0 0 0 0 0 0 0 0 0 0 0 0 0 0 0 0 0 0 0 0 0 0 0 0 0 0 0 0 0 0 0 0 0 0 0 0 0 0 0 0 0 0 0 0 0 0 0 0 0 0 0 0 0 0 0 0 0 0 0 0 0 0 0 0 0 0 0 0 0 0 0 0 0 0 0 0 0 0 0 0 0 0 0 0 0 0 0 0 0 0 0 0 0 0 0 0 0 0 0 0 0 0 0 0 0 0 0 0 0 0 0 0 0 0 0 0 0 0 0 0 0 0 0 0 0 0 0 0 0 0 0 0 0 0 0 0 0 0 0 0 0 0 0 0
ctxt 3868808438
btime 1783935075
processes 5444550
procs_running 1
procs_blocked 1
softirq 2900158532 204 325004007 1708699 918833799 33214 0 7721871 927912032 399464 718545242

/proc/meminfo
MemTotal:       32273192 kB
MemFree:         1530628 kB
MemAvailable:   23055424 kB
Buffers:               0 kB
Cached:         21014156 kB
SwapCached:        15520 kB
Active:         15861544 kB
Inactive:       12588616 kB
Active(anon):    6930976 kB
Inactive(anon):   552376 kB
Active(file):    8930568 kB
Inactive(file): 12036240 kB
Unevictable:           0 kB
Mlocked:               0 kB
SwapTotal:      67108860 kB
SwapFree:       63106556 kB
Zswap:                 0 kB
Zswapped:              0 kB
Dirty:                40 kB
Writeback:           540 kB
AnonPages:       7405900 kB
Mapped:           282328 kB
Shmem:             47772 kB
KReclaimable:    1027208 kB
Slab:            1465336 kB
SReclaimable:    1027208 kB
SUnreclaim:       438128 kB
KernelStack:       34048 kB
PageTables:        45056 kB
SecPageTables:      4112 kB
NFS_Unstable:          0 kB
Bounce:                0 kB
WritebackTmp:          0 kB
CommitLimit:    83245456 kB
Committed_AS:   17853972 kB
VmallocTotal:   34359738367 kB
VmallocUsed:      229756 kB
VmallocChunk:          0 kB
Percpu:            21216 kB
HardwareCorrupted:     0 kB
AnonHugePages:   1359872 kB
ShmemHugePages:        0 kB
ShmemPmdMapped:        0 kB
FileHugePages:         0 kB
FilePmdMapped:         0 kB
CmaTotal:              0 kB
CmaFree:               0 kB
Unaccepted:            0 kB
HugePages_Total:       0
HugePages_Free:        0
HugePages_Rsvd:        0
HugePages_Surp:        0
Hugepagesize:       2048 kB
Hugetlb:               0 kB
DirectMap4k:      389980 kB
DirectMap2M:     5574656 kB
DirectMap1G:    27262976 kB

