/proc/loadavg
2.92 2.69 2.18 1/2099 125

/proc/stat
cpu  119522621 86936 3737571 11902803383 195228831 904428 1420849 0 0 0
cpu0 41255340 53 89419 463442648 4315362 72741 145897 0 0 0
cpu1 7245994 38258 741323 474684179 26150615 117366 156598 0 0 0
cpu2 5521695 307 162567 489782418 13793964 40759 27880 0 0 0
cpu3 4751515 101 89228 495341821 9121373 26301 15398 0 0 0
cpu4 5157126 1389 235923 486723844 17044977 52285 45791 0 0 0
cpu5 5092792 58 87975 495514555 8600219 28767 15171 0 0 0
cpu6 4944609 76 63783 499457312 4842720 23705 24424 0 0 0
cpu7 10438722 22861 650060 474666597 23278027 105317 72590 0 0 0
cpu8 5091148 126 114762 493789804 10261080 38514 36713 0 0 0
cpu9 4989000 60 69504 499150089 5102188 24485 17782 0 0 0
cpu10 4966753 42 65296 500759159 3473305 24567 70933 0 0 0
cpu11 4717491 575 200545 492082820 12118631 56730 98108 0 0 0
cpu12 1716496 39 47583 503026695 4532983 14378 19611 0 0 0
cpu13 2179685 11035 350509 498867477 7824755 33670 22548 0 0 0
cpu14 804830 232 54092 503226786 5226357 14003 13014 0 0 0
cpu15 1037780 59 45030 503968471 4299985 9993 7504 0 0 0
cpu16 1058177 291 53454 504720710 3516677 10307 6137 0 0 0
cpu17 677445 106 57258 505051385 3356306 43830 157932 0 0 0
cpu18 803904 52 59427 504763763 3609272 22985 99788 0 0 0
cpu19 3477360 10449 255307 497299211 8152413 48237 39764 0 0 0
cpu20 711937 204 54953 503489282 4942746 34280 57151 0 0 0
cpu21 757488 140 76521 503930295 4272002 40623 255873 0 0 0
cpu22 748554 73 58842 505050583 3489599 9658 8241 0 0 0
cpu23 1376769 340 54199 504013468 3903260 10914 5990 0 0 0
intr 3819237829 22 0 0 0 0 0 0 0 0 0 0 0 0 0 0 0 8 0 0 0 0 0 0 0 0 0 0 0 1 0 1 1 1 1 0 0 0 0 37 0 0 0 0 0 0 0 0 0 0 0 0 0 0 0 0 0 0 0 0 0 0 0 0 0 2953 1 170721400 161749043 166812428 394084876 95192 763667 144681 105968 227312 183284 85833 592423 124954 90501 70992 165728 77131 286677 93982 81289 104921 73686 74665 600134 173464 100622 70982 80880 30004 0 0 0 0 0 0 2 0 2 2 2 2 2 2 35 2 207 2 0 0 0 0 0 0 0 0 0 0 0 0 0 0 0 0 0 0 0 0 0 0 0 0 0 0 0 0 0 0 0 0 0 0 0 0 0 0 0 0 0 0 0 0 0 0 0 0 0 0 0 0 0 0 0 0 0 0 0 0 0 0 0 0 0 0 0 0 0 0 0 0 0 0 0 0 0 0 0 0 0 0 0 0 0 0 0 0 0 0 0 0 0 0 0 0 0 0 0 0 0 0 0 0 0 0 0 0 0 0 0 0 0 0 0 0 0 0 0 0 0 0 0 0 0 0 0 0 0 0 0 0 0 0 0 0 0 0 0 0 0 0 0 0 0 0 0 0 0 0 0 0 0 0 0 0 0 0 0 0 0 0 0 0 0 0 0 0 0 0 0 0 0 0 0 0 0 0 0 0 0 0 0 0 0 0 0 0 0 0 0 0 0 0 0 0 0 0 0 0 0 0 0 0 0 0 0 0 0 0 0 0 0 0 0 0 0 0 0 0 0 0 0 0 0 0 0 0 0 0 0 0 0 0 0 0 0 0 0 0 0 0 0 0 0 0 0 0 0 0 0 0 0 0 0 0 0 0 0 0 0 0 0 0 0 0 0 0 0 0 0 0 0 0 0 0 0 0 0 0 0 0 0 0 0 0 0 0 0 0 0 0 0 0 0 0 0 0 0 0 0 0 0 0 0 0 0 0 0 0 0 0 0 0 0 0 0 0 0 0 0 0 0 0 0 0 0 0 0 0 0 0 0 0 0 0 0 0 0 0 0 0 0 0 0 0 0 0 0 0 0 0 0 0 0 0 0 0 0 0 0 0 0 0 0 0 0 0 0 0 0 0 0 0 0 0 0 0 0 0 0 0 0 0 0 0 0 0 0 0 0 0 0 0 0 0 0 0 0 0 0 0 0 0 0 0 0 0 0 0 0 0 0 0 0 0 0 0 0 0 0 0 0 0 0 0 0 0 0 0 0 0 0 0 0 0 0 0 0 0 0 0 0 0 0 0 0 0 0 0 0 0 0 0 0 0 0 0 0 0 0 0 0 0 0 0 0 0 0 0 0 0 0 0 0 0 0 0 0 0 0 0 0 0 0 0 0 0 0 0 0 0 0 0 0 0 0 0 0 0 0 0 0 0 0 0 0 0 0 0 0 0 0 0 0 0 0 0 0 0 0 0 0 0 0 0 0 0 0 0 0 0 0 0 0 0 0 0 0 0 0 0 0 0 0 0 0 0 0 0 0 0 0 0 0 0 0 0 0 0 0 0 0 0 0 0 0 0 0 0 0 0 0 0 0 0 0 0 0 0 0 0 0 0 0 0 0 0 0 0 0 0 0 0 0 0 0 0 0 0 0 0 0 0 0 0 0 0 0 0 0 0 0 0 0 0 0 0 0 0 0 0 0 0 0 0 0 0 0 0 0 0 0 0 0 0 0 0 0 0 0 0 0 0 0 0 0 0 0 0 0 0 0 0 0 0 0 0 0 0 0 0 0 0 0 0 0 0 0 0 0 0 0 0 0 0 0 0 0 0 0 0 0 0 0 0 0 0 0 0 0 0 0 0 0 0 0 0 0 0 0 0 0 0 0 0 0 0 0 0 0 0 0 0 0 0 0 0 0 0 0 0 0 0 0 0 0 0 0 0 0 0 0 0 0 0 0 0 0 0 0 0 0 0 0 0 0 0 0 0 0 0 0 0 0 0 0 0 0 0 0 0 0 0 0 0 0 0 0 0 0 0 0 0 0 0 0 0 0 0 0 0 0 0 0 0 0 0 0 0 0 0 0 0 0 0 0 0 0 0 0 0 0 0 0 0 0 0 0 0 0 0 0 0 0 0 0 0 0 0 0 0 0 0 0 0 0 0 0 0 0 0 0 0 0 0 0 0 0 0 0 0 0 0 0 0 0 0 0 0 0 0 0 0 0 0 0 0 0 0 0 0 0 0 0 0 0 0 0 0 0 0 0 0 0 0 0 0 0 0 0 0 0 0 0 0 0 0 0 0 0 0 0 0 0 0 0 0 0 0 0 0 0 0 0 0 0 0 0 0 0 0 0 0 0 0 0 0 0 0 0 0 0 0 0 0 0 0 0 0 0 0 0 0 0 0 0 0 0 0 0 0 0 0 0 0 0 0 0 0 0 0 0 0 0 0 0 0 0 0 0 0 0 0 0 0 0 0 0 0 0 0 0 0 0 0 0 0 0 0 0 0 0 0 0 0 0 0 0 0 0 0 0 0 0 0 0 0 0 0 0 0 0 0 0 0 0 0 0 0 0 0 0 0 0 0 0 0 0 0 0 0 0 0 0 0 0 0 0 0 0 0 0 0 0 0 0 0 0 0 0 0 0 0 0 0 0
ctxt 3868981375
btime 1783935075
processes 5444692
procs_running 1
procs_blocked 0
softirq 2900341768 204 325014446 1709323 918859811 33214 0 7722931 928023300 399464 718579075

/proc/meminfo
MemTotal:       32273192 kB
MemFree:         1477864 kB
MemAvailable:   23032036 kB
Buffers:               0 kB
Cached:         21043600 kB
SwapCached:        15520 kB
Active:         15863016 kB
Inactive:       12618056 kB
Active(anon):    6932480 kB
Inactive(anon):   552376 kB
Active(file):    8930536 kB
Inactive(file): 12065680 kB
Unevictable:           0 kB
Mlocked:               0 kB
SwapTotal:      67108860 kB
SwapFree:       63106556 kB
Zswap:                 0 kB
Zswapped:              0 kB
Dirty:               548 kB
Writeback:             0 kB
AnonPages:       7407340 kB
Mapped:           282372 kB
Shmem:             47772 kB
KReclaimable:    1027176 kB
Slab:            1465180 kB
SReclaimable:    1027176 kB
SUnreclaim:       438004 kB
KernelStack:       33952 kB
PageTables:        45180 kB
SecPageTables:      4112 kB
NFS_Unstable:          0 kB
Bounce:                0 kB
WritebackTmp:          0 kB
CommitLimit:    83245456 kB
Committed_AS:   17855064 kB
VmallocTotal:   34359738367 kB
VmallocUsed:      229612 kB
VmallocChunk:          0 kB
Percpu:            21216 kB
HardwareCorrupted:     0 kB
AnonHugePages:   1359872 kB
ShmemHugePages:        0 kB
ShmemPmdMapped:        0 kB
FileHugePages:         0 kB
FilePmdMapped:         0 kB
CmaTotal:              0 kB
CmaFree:               0 kB
Unaccepted:            0 kB
HugePages_Total:       0
HugePages_Free:        0
HugePages_Rsvd:        0
HugePages_Surp:        0
Hugepagesize:       2048 kB
Hugetlb:               0 kB
DirectMap4k:      389980 kB
DirectMap2M:     5574656 kB
DirectMap1G:    27262976 kB

