/proc/loadavg
3.40 2.55 2.05 1/2106 89

/proc/stat
cpu  119493624 86936 3737303 11902443676 195228652 904350 1420769 0 0 0
cpu0 41254080 53 89260 463427981 4315290 72736 145849 0 0 0
cpu1 7245976 38258 741318 474668012 26150592 117366 156593 0 0 0
cpu2 5507122 307 162567 489780799 13793964 40728 27880 0 0 0
cpu3 4749665 101 89224 495327458 9121372 26297 15398 0 0 0
cpu4 5155273 1389 235918 486709502 17044961 52280 45790 0 0 0
cpu5 5090949 58 87974 495500184 8600215 28763 15171 0 0 0
cpu6 4942756 76 63779 499442954 4842718 23700 24424 0 0 0
cpu7 10436868 22861 650057 474652237 23278026 105313 72589 0 0 0
cpu8 5089316 126 114762 493775422 10261075 38510 36712 0 0 0
cpu9 4987157 60 69504 499135713 5102188 24481 17782 0 0 0
cpu10 4966747 42 65293 500742949 3473305 24567 70933 0 0 0
cpu11 4717485 575 200541 492066629 12118613 56730 98107 0 0 0
cpu12 1716483 39 47578 503010493 4532980 14378 19611 0 0 0
cpu13 2179679 11035 350500 498851273 7824755 33669 22547 0 0 0
cpu14 804828 232 54091 503210565 5226357 14003 13014 0 0 0
cpu15 1037766 59 45024 503952270 4299985 9992 7503 0 0 0
cpu16 1058155 291 53446 504704528 3516671 10306 6137 0 0 0
cpu17 677437 106 57253 505035186 3356303 43829 157928 0 0 0
cpu18 803903 52 59425 504747546 3609272 22985 99787 0 0 0
cpu19 3477337 10449 255302 497283021 8152411 48236 39764 0 0 0
cpu20 711904 204 54938 503473114 4942740 34279 57151 0 0 0
cpu21 757475 140 76514 503914112 4271998 40621 255858 0 0 0
cpu22 748550 73 58839 505034381 3489591 9657 8240 0 0 0
cpu23 1376700 340 54185 503997335 3903256 10914 5990 0 0 0
intr 3818814072 22 0 0 0 0 0 0 0 0 0 0 0 0 0 0 0 8 0 0 0 0 0 0 0 0 0 0 0 1 0 1 1 1 1 0 0 0 0 37 0 0 0 0 0 0 0 0 0 0 0 0 0 0 0 0 0 0 0 0 0 0 0 0 0 2953 1 170713059 161748412 166811636 394063824 95192 763667 144681 105968 227291 183264 85814 592423 124954 90501 70991 165728 77131 286673 93982 81288 104920 73686 74665 600122 173463 100621 70976 80880 30004 0 0 0 0 0 0 2 0 2 2 2 2 2 2 35 2 207 2 0 0 0 0 0 0 0 0 0 0 0 0 0 0 0 0 0 0 0 0 0 0 0 0 0 0 0 0 0 0 0 0 0 0 0 0 0 0 0 0 0 0 0 0 0 0 0 0 0 0 0 0 0 0 0 0 0 0 0 0 0 0 0 0 0 0 0 0 0 0 0 0 0 0 0 0 0 0 0 0 0 0 0 0 0 0 0 0 0 0 0 0 0 0 0 0 0 0 0 0 0 0 0 0 0 0 0 0 0 0 0 0 0 0 0 0 0 0 0 0 0 0 0 0 0 0 0 0 0 0 0 0 0 0 0 0 0 0 0 0 0 0 0 0 0 0 0 0 0 0 0 0 0 0 0 0 0 0 0 0 0 0 0 0 0 0 0 0 0 0 0 0 0 0 0 0 0 0 0 0 0 0 0 0 0 0 0 0 0 0 0 0 0 0 0 0 0 0 0 0 0 0 0 0 0 0 0 0 0 0 0 0 0 0 0 0 0 0 0 0 0 0 0 0 0 0 0 0 0 0 0 0 0 0 0 0 0 0 0 0 0 0 0 0 0 0 0 0 0 0 0 0 0 0 0 0 0 0 0 0 0 0 0 0 0 0 0 0 0 0 0 0 0 0 0 0 0 0 0 0 0 0 0 0 0 0 0 0 0 0 0 0 0 0 0 0 0 0 0 0 0 0 0 0 0 0 0 0 0 0 0 0 0 0 0 0 0 0 0 0 0 0 0 0 0 0 0 0 0 0 0 0 0 0 0 0 0 0 0 0 0 0 0 0 0 0 0 0 0 0 0 0 0 0 0 0 0 0 0 0 0 0 0 0 0 0 0 0 0 0 0 0 0 0 0 0 0 0 0 0 0 0 0 0 0 0 0 0 0 0 0 0 0 0 0 0 0 0 0 0 0 0 0 0 0 0 0 0 0 0 0 0 0 0 0 0 0 0 0 0 0 0 0 0 0 0 0 0 0 0 0 0 0 0 0 0 0 0 0 0 0 0 0 0 0 0 0 0 0 0 0 0 0 0 0 0 0 0 0 0 0 0 0 0 0 0 0 0 0 0 0 0 0 0 0 0 0 0 0 0 0 0 0 0 0 0 0 0 0 0 0 0 0 0 0 0 0 0 0 0 0 0 0 0 0 0 0 0 0 0 0 0 0 0 0 0 0 0 0 0 0 0 0 0 0 0 0 0 0 0 0 0 0 0 0 0 0 0 0 0 0 0 0 0 0 0 0 0 0 0 0 0 0 0 0 0 0 0 0 0 0 0 0 0 0 0 0 0 0 0 0 0 0 0 0 0 0 0 0 0 0 0 0 0 0 0 0 0 0 0 0 0 0 0 0 0 0 0 0 0 0 0 0 0 0 0 0 0 0 0 0 0 0 0 0 0 0 0 0 0 0 0 0 0 0 0 0 0 0 0 0 0 0 0 0 0 0 0 0 0 0 0 0 0 0 0 0 0 0 0 0 0 0 0 0 0 0 0 0 0 0 0 0 0 0 0 0 0 0 0 0 0 0 0 0 0 0 0 0 0 0 0 0 0 0 0 0 0 0 0 0 0 0 0 0 0 0 0 0 0 0 0 0 0 0 0 0 0 0 0 0 0 0 0 0 0 0 0 0 0 0 0 0 0 0 0 0 0 0 0 0 0 0 0 0 0 0 0 0 0 0 0 0 0 0 0 0 0 0 0 0 0 0 0 0 0 0 0 0 0 0 0 0 0 0 0 0 0 0 0 0 0 0 0 0 0 0 0 0 0 0 0 0 0 0 0 0 0 0 0 0 0 0 0 0 0 0 0 0 0 0 0 0 0 0 0 0 0 0 0 0 0 0 0 0 0 0 0 0 0 0 0 0 0 0 0 0 0 0 0 0 0 0 0 0 0 0 0 0 0 0 0 0 0 0 0 0 0 0 0 0 0 0 0 0 0 0 0 0 0 0 0 0 0 0 0 0 0 0 0 0 0 0 0 0 0 0 0 0 0 0 0 0 0 0 0 0 0 0 0 0 0 0 0 0 0 0 0 0 0 0 0 0 0 0 0 0 0 0 0 0 0 0 0 0 0 0 0 0 0 0 0 0 0 0 0 0 0 0 0 0 0 0 0 0 0 0 0 0 0 0 0 0 0 0 0 0 0 0 0 0 0 0 0 0 0 0 0 0 0 0 0 0 0 0 0 0 0 0 0 0 0 0 0 0 0 0 0 0 0 0 0 0 0 0 0 0 0 0 0 0 0 0 0 0 0 0 0 0 0 0 0 0 0 0 0 0 0 0 0 0 0 0 0 0 0 0 0 0 0 0 0 0 0 0 0 0 0 0 0 0 0 0 0 0 0 0 0 0 0 0 0 0 0 0 0 0
ctxt 3868761496
btime 1783935075
processes 5444515
procs_running 1
procs_blocked 0
softirq 2900111908 204 325001445 1708627 918828438 33214 0 7721602 927878638 399464 718540276

/proc/meminfo
MemTotal:       32273192 kB
MemFree:         1583220 kB
MemAvailable:   23103772 kB
Buffers:               0 kB
Cached:         21009944 kB
SwapCached:        15520 kB
Active:         15837880 kB
Inactive:       12584404 kB
Active(anon):    6907344 kB
Inactive(anon):   552376 kB
Active(file):    8930536 kB
Inactive(file): 12032028 kB
Unevictable:           0 kB
Mlocked:               0 kB
SwapTotal:      67108860 kB
SwapFree:       63106556 kB
Zswap:                 0 kB
Zswapped:              0 kB
Dirty:                 4 kB
Writeback:             0 kB
AnonPages:       7384516 kB
Mapped:           282308 kB
Shmem:             47772 kB
KReclaimable:    1027208 kB
Slab:            1465236 kB
SReclaimable:    1027208 kB
SUnreclaim:       438028 kB
KernelStack:       34064 kB
PageTables:        45128 kB
SecPageTables:      4112 kB
NFS_Unstable:          0 kB
Bounce:                0 kB
WritebackTmp:          0 kB
CommitLimit:    83245456 kB
Committed_AS:   17831108 kB
VmallocTotal:   34359738367 kB
VmallocUsed:      229772 kB
VmallocChunk:          0 kB
Percpu:            21216 kB
HardwareCorrupted:     0 kB
AnonHugePages:   1355776 kB
ShmemHugePages:        0 kB
ShmemPmdMapped:        0 kB
FileHugePages:         0 kB
FilePmdMapped:         0 kB
CmaTotal:              0 kB
CmaFree:               0 kB
Unaccepted:            0 kB
HugePages_Total:       0
HugePages_Free:        0
HugePages_Rsvd:        0
HugePages_Surp:        0
Hugepagesize:       2048 kB
Hugetlb:               0 kB
DirectMap4k:      389980 kB
DirectMap2M:     5574656 kB
DirectMap1G:    27262976 kB

