/proc/loadavg
3.21 2.63 2.12 1/2108 107

/proc/stat
cpu  119507966 86936 3737422 11902619200 195228726 904388 1420806 0 0 0
cpu0 41254550 53 89319 463435319 4315317 72738 145871 0 0 0
cpu1 7245979 38258 741321 474675918 26150599 117366 156595 0 0 0
cpu2 5514408 307 162567 489781420 13793964 40744 27880 0 0 0
cpu3 4750593 101 89226 495334448 9121372 26299 15398 0 0 0
cpu4 5156199 1389 235923 486716486 17044965 52282 45791 0 0 0
cpu5 5091871 58 87974 495507180 8600218 28765 15171 0 0 0
cpu6 4943679 76 63780 499449950 4842718 23702 24424 0 0 0
cpu7 10437793 22861 650058 474659231 23278027 105315 72590 0 0 0
cpu8 5090232 126 114762 493782423 10261080 38512 36712 0 0 0
cpu9 4988080 60 69504 499142711 5102188 24483 17782 0 0 0
cpu10 4966750 42 65295 500750865 3473305 24567 70933 0 0 0
cpu11 4717488 575 200544 492074536 12118621 56730 98108 0 0 0
cpu12 1716484 39 47579 503018415 4532980 14378 19611 0 0 0
cpu13 2179683 11035 350502 498859188 7824755 33670 22548 0 0 0
cpu14 804829 232 54092 503218487 5226357 14003 13014 0 0 0
cpu15 1037770 59 45026 503960185 4299985 9992 7503 0 0 0
cpu16 1058167 291 53449 504712427 3516675 10307 6137 0 0 0
cpu17 677443 106 57257 505043093 3356306 43829 157929 0 0 0
cpu18 803903 52 59426 504755467 3609272 22985 99787 0 0 0
cpu19 3477358 10449 255306 497290917 8152412 48237 39764 0 0 0
cpu20 711934 204 54949 503480993 4942742 34280 57151 0 0 0
cpu21 757478 140 76518 503922017 4272002 40622 255865 0 0 0
cpu22 748552 73 58840 505042296 3489594 9658 8241 0 0 0
cpu23 1376731 340 54192 504005216 3903258 10914 5990 0 0 0
intr 3819021487 22 0 0 0 0 0 0 0 0 0 0 0 0 0 0 0 8 0 0 0 0 0 0 0 0 0 0 0 1 0 1 1 1 1 0 0 0 0 37 0 0 0 0 0 0 0 0 0 0 0 0 0 0 0 0 0 0 0 0 0 0 0 0 0 2953 1 170716484 161748669 166812088 394073811 95192 763667 144681 105968 227307 183274 85817 592423 124954 90501 70992 165728 77131 286673 93982 81288 104920 73686 74665 600128 173463 100622 70981 80880 30004 0 0 0 0 0 0 2 0 2 2 2 2 2 2 35 2 207 2 0 0 0 0 0 0 0 0 0 0 0 0 0 0 0 0 0 0 0 0 0 0 0 0 0 0 0 0 0 0 0 0 0 0 0 0 0 0 0 0 0 0 0 0 0 0 0 0 0 0 0 0 0 0 0 0 0 0 0 0 0 0 0 0 0 0 0 0 0 0 0 0 0 0 0 0 0 0 0 0 0 0 0 0 0 0 0 0 0 0 0 0 0 0 0 0 0 0 0 0 0 0 0 0 0 0 0 0 0 0 0 0 0 0 0 0 0 0 0 0 0 0 0 0 0 0 0 0 0 0 0 0 0 0 0 0 0 0 0 0 0 0 0 0 0 0 0 0 0 0 0 0 0 0 0 0 0 0 0 0 0 0 0 0 0 0 0 0 0 0 0 0 0 0 0 0 0 0 0 0 0 0 0 0 0 0 0 0 0 0 0 0 0 0 0 0 0 0 0 0 0 0 0 0 0 0 0 0 0 0 0 0 0 0 0 0 0 0 0 0 0 0 0 0 0 0 0 0 0 0 0 0 0 0 0 0 0 0 0 0 0 0 0 0 0 0 0 0 0 0 0 0 0 0 0 0 0 0 0 0 0 0 0 0 0 0 0 0 0 0 0 0 0 0 0 0 0 0 0 0 0 0 0 0 0 0 0 0 0 0 0 0 0 0 0 0 0 0 0 0 0 0 0 0 0 0 0 0 0 0 0 0 0 0 0 0 0 0 0 0 0 0 0 0 0 0 0 0 0 0 0 0 0 0 0 0 0 0 0 0 0 0 0 0 0 0 0 0 0 0 0 0 0 0 0 0 0 0 0 0 0 0 0 0 0 0 0 0 0 0 0 0 0 0 0 0 0 0 0 0 0 0 0 0 0 0 0 0 0 0 0 0 0 0 0 0 0 0 0 0 0 0 0 0 0 0 0 0 0 0 0 0 0 0 0 0 0 0 0 0 0 0 0 0 0 0 0 0 0 0 0 0 0 0 0 0 0 0 0 0 0 0 0 0 0 0 0 0 0 0 0 0 0 0 0 0 0 0 0 0 0 0 0 0 0 0 0 0 0 0 0 0 0 0 0 0 0 0 0 0 0 0 0 0 0 0 0 0 0 0 0 0 0 0 0 0 0 0 0 0 0 0 0 0 0 0 0 0 0 0 0 0 0 0 0 0 0 0 0 0 0 0 0 0 0 0 0 0 0 0 0 0 0 0 0 0 0 0 0 0 0 0 0 0 0 0 0 0 0 0 0 0 0 0 0 0 0 0 0 0 0 0 0 0 0 0 0 0 0 0 0 0 0 0 0 0 0 0 0 0 0 0 0 0 0 0 0 0 0 0 0 0 0 0 0 0 0 0 0 0 0 0 0 0 0 0 0 0 0 0 0 0 0 0 0 0 0 0 0 0 0 0 0 0 0 0 0 0 0 0 0 0 0 0 0 0 0 0 0 0 0 0 0 0 0 0 0 0 0 0 0 0 0 0 0 0 0 0 0 0 0 0 0 0 0 0 0 0 0 0 0 0 0 0 0 0 0 0 0 0 0 0 0 0 0 0 0 0 0 0 0 0 0 0 0 0 0 0 0 0 0 0 0 0 0 0 0 0 0 0 0 0 0 0 0 0 0 0 0 0 0 0 0 0 0 0 0 0 0 0 0 0 0 0 0 0 0 0 0 0 0 0 0 0 0 0 0 0 0 0 0 0 0 0 0 0 0 0 0 0 0 0 0 0 0 0 0 0 0 0 0 0 0 0 0 0 0 0 0 0 0 0 0 0 0 0 0 0 0 0 0 0 0 0 0 0 0 0 0 0 0 0 0 0 0 0 0 0 0 0 0 0 0 0 0 0 0 0 0 0 0 0 0 0 0 0 0 0 0 0 0 0 0 0 0 0 0 0 0 0 0 0 0 0 0 0 0 0 0 0 0 0 0 0 0 0 0 0 0 0 0 0 0 0 0 0 0 0 0 0 0 0 0 0 0 0 0 0 0 0 0 0 0 0 0 0 0 0 0 0 0 0 0 0 0 0 0 0 0 0 0 0 0 0 0 0 0 0 0 0 0 0 0 0 0 0 0 0 0 0 0 0 0 0 0 0 0 0 0 0 0 0 0 0 0 0 0 0 0 0 0 0 0 0 0 0 0 0 0 0 0 0 0 0 0 0 0 0 0 0 0 0 0 0 0 0 0 0 0 0 0 0 0 0 0 0 0 0 0 0 0 0 0 0 0 0 0 0 0 0 0 0 0 0 0 0 0 0 0 0 0 0 0 0 0 0 0 0 0 0 0 0 0 0 0 0 0 0 0 0 0 0 0 0 0 0 0 0 0 0 0 0 0 0 0 0 0 0 0 0 0 0 0 0 0 0 0
ctxt 3868869560
btime 1783935075
processes 5444614
procs_running 1
procs_blocked 0
softirq 2900223697 204 325007401 1708859 918842824 33214 0 7722109 927953233 399464 718556389

/proc/meminfo
MemTotal:       32273192 kB
MemFree:         1506912 kB
MemAvailable:   23040084 kB
Buffers:               0 kB
Cached:         21022604 kB
SwapCached:        15520 kB
Active:         15867920 kB
Inactive:       12597024 kB
Active(anon):    6937384 kB
Inactive(anon):   552376 kB
Active(file):    8930536 kB
Inactive(file): 12044648 kB
Unevictable:           0 kB
Mlocked:               0 kB
SwapTotal:      67108860 kB
SwapFree:       63106556 kB
Zswap:                 0 kB
Zswapped:              0 kB
Dirty:               532 kB
Writeback:             0 kB
AnonPages:       7412364 kB
Mapped:           282684 kB
Shmem:             47792 kB
KReclaimable:    1027208 kB
Slab:            1465172 kB
SReclaimable:    1027208 kB
SUnreclaim:       437964 kB
KernelStack:       34224 kB
PageTables:        45224 kB
SecPageTables:      4112 kB
NFS_Unstable:          0 kB
Bounce:                0 kB
WritebackTmp:          0 kB
CommitLimit:    83245456 kB
Committed_AS:   17902140 kB
VmallocTotal:   34359738367 kB
VmallocUsed:      229808 kB
VmallocChunk:          0 kB
Percpu:            21216 kB
HardwareCorrupted:     0 kB
AnonHugePages:   1359872 kB
ShmemHugePages:        0 kB
ShmemPmdMapped:        0 kB
FileHugePages:         0 kB
FilePmdMapped:         0 kB
CmaTotal:              0 kB
CmaFree:               0 kB
Unaccepted:            0 kB
HugePages_Total:       0
HugePages_Free:        0
HugePages_Rsvd:        0
HugePages_Surp:        0
Hugepagesize:       2048 kB
Hugetlb:               0 kB
DirectMap4k:      389980 kB
DirectMap2M:     5574656 kB
DirectMap1G:    27262976 kB

