/proc/loadavg
3.16 2.38 1.98 1/2110 72

/proc/stat
cpu  119482605 86936 3737214 11902343483 195228589 904321 1420746 0 0 0
cpu0 41253614 53 89201 463423906 4315266 72734 145834 0 0 0
cpu1 7245975 38258 741317 474663382 26150584 117365 156591 0 0 0
cpu2 5503088 307 162566 489780199 13793964 40720 27880 0 0 0
cpu3 4748742 101 89224 495323741 9121372 26295 15398 0 0 0
cpu4 5154348 1389 235916 486705792 17044958 52277 45790 0 0 0
cpu5 5090029 58 87974 495496464 8600215 28761 15171 0 0 0
cpu6 4941831 76 63779 499439238 4842718 23698 24424 0 0 0
cpu7 10435945 22861 650057 474648520 23278026 105310 72589 0 0 0
cpu8 5088403 126 114762 493771696 10261073 38507 36712 0 0 0
cpu9 4986233 60 69504 499132007 5102177 24479 17782 0 0 0
cpu10 4966745 42 65292 500738309 3473305 24567 70932 0 0 0
cpu11 4717479 575 200538 492061998 12118611 56730 98107 0 0 0
cpu12 1716482 39 47578 503005852 4532980 14378 19611 0 0 0
cpu13 2179679 11035 350498 498846634 7824755 33669 22547 0 0 0
cpu14 804828 232 54090 503205923 5226357 14003 13014 0 0 0
cpu15 1037755 59 45019 503947649 4299981 9991 7503 0 0 0
cpu16 1058153 291 53444 504699889 3516671 10306 6137 0 0 0
cpu17 677433 106 57252 505030551 3356303 43828 157927 0 0 0
cpu18 803903 52 59425 504742905 3609272 22985 99787 0 0 0
cpu19 3477332 10449 255300 497278389 8152409 48236 39764 0 0 0
cpu20 711900 204 54935 503468479 4942740 34278 57151 0 0 0
cpu21 757475 140 76514 503909477 4271996 40621 255854 0 0 0
cpu22 748547 73 58837 505029747 3489588 9657 8240 0 0 0
cpu23 1376674 340 54181 503992723 3903256 10913 5990 0 0 0
intr 3818668245 22 0 0 0 0 0 0 0 0 0 0 0 0 0 0 0 8 0 0 0 0 0 0 0 0 0 0 0 1 0 1 1 1 1 0 0 0 0 37 0 0 0 0 0 0 0 0 0 0 0 0 0 0 0 0 0 0 0 0 0 0 0 0 0 2953 1 170710820 161748293 166811507 394057440 95192 763667 144681 105967 227288 183262 85801 592423 124954 90501 70991 165728 77131 286671 93982 81288 104920 73686 74665 600120 173462 100621 70976 80880 30004 0 0 0 0 0 0 2 0 2 2 2 2 2 2 35 2 207 2 0 0 0 0 0 0 0 0 0 0 0 0 0 0 0 0 0 0 0 0 0 0 0 0 0 0 0 0 0 0 0 0 0 0 0 0 0 0 0 0 0 0 0 0 0 0 0 0 0 0 0 0 0 0 0 0 0 0 0 0 0 0 0 0 0 0 0 0 0 0 0 0 0 0 0 0 0 0 0 0 0 0 0 0 0 0 0 0 0 0 0 0 0 0 0 0 0 0 0 0 0 0 0 0 0 0 0 0 0 0 0 0 0 0 0 0 0 0 0 0 0 0 0 0 0 0 0 0 0 0 0 0 0 0 0 0 0 0 0 0 0 0 0 0 0 0 0 0 0 0 0 0 0 0 0 0 0 0 0 0 0 0 0 0 0 0 0 0 0 0 0 0 0 0 0 0 0 0 0 0 0 0 0 0 0 0 0 0 0 0 0 0 0 0 0 0 0 0 0 0 0 0 0 0 0 0 0 0 0 0 0 0 0 0 0 0 0 0 0 0 0 0 0 0 0 0 0 0 0 0 0 0 0 0 0 0 0 0 0 0 0 0 0 0 0 0 0 0 0 0 0 0 0 0 0 0 0 0 0 0 0 0 0 0 0 0 0 0 0 0 0 0 0 0 0 0 0 0 0 0 0 0 0 0 0 0 0 0 0 0 0 0 0 0 0 0 0 0 0 0 0 0 0 0 0 0 0 0 0 0 0 0 0 0 0 0 0 0 0 0 0 0 0 0 0 0 0 0 0 0 0 0 0 0 0 0 0 0 0 0 0 0 0 0 0 0 0 0 0 0 0 0 0 0 0 0 0 0 0 0 0 0 0 0 0 0 0 0 0 0 0 0 0 0 0 0 0 0 0 0 0 0 0 0 0 0 0 0 0 0 0 0 0 0 0 0 0 0 0 0 0 0 0 0 0 0 0 0 0 0 0 0 0 0 0 0 0 0 0 0 0 0 0 0 0 0 0 0 0 0 0 0 0 0 0 0 0 0 0 0 0 0 0 0 0 0 0 0 0 0 0 0 0 0 0 0 0 0 0 0 0 0 0 0 0 0 0 0 0 0 0 0 0 0 0 0 0 0 0 0 0 0 0 0 0 0 0 0 0 0 0 0 0 0 0 0 0 0 0 0 0 0 0 0 0 0 0 0 0 0 0 0 0 0 0 0 0 0 0 0 0 0 0 0 0 0 0 0 0 0 0 0 0 0 0 0 0 0 0 0 0 0 0 0 0 0 0 0 0 0 0 0 0 0 0 0 0 0 0 0 0 0 0 0 0 0 0 0 0 0 0 0 0 0 0 0 0 0 0 0 0 0 0 0 0 0 0 0 0 0 0 0 0 0 0 0 0 0 0 0 0 0 0 0 0 0 0 0 0 0 0 0 0 0 0 0 0 0 0 0 0 0 0 0 0 0 0 0 0 0 0 0 0 0 0 0 0 0 0 0 0 0 0 0 0 0 0 0 0 0 0 0 0 0 0 0 0 0 0 0 0 0 0 0 0 0 0 0 0 0 0 0 0 0 0 0 0 0 0 0 0 0 0 0 0 0 0 0 0 0 0 0 0 0 0 0 0 0 0 0 0 0 0 0 0 0 0 0 0 0 0 0 0 0 0 0 0 0 0 0 0 0 0 0 0 0 0 0 0 0 0 0 0 0 0 0 0 0 0 0 0 0 0 0 0 0 0 0 0 0 0 0 0 0 0 0 0 0 0 0 0 0 0 0 0 0 0 0 0 0 0 0 0 0 0 0 0 0 0 0 0 0 0 0 0 0 0 0 0 0 0 0 0 0 0 0 0 0 0 0 0 0 0 0 0 0 0 0 0 0 0 0 0 0 0 0 0 0 0 0 0 0 0 0 0 0 0 0 0 0 0 0 0 0 0 0 0 0 0 0 0 0 0 0 0 0 0 0 0 0 0 0 0 0 0 0 0 0 0 0 0 0 0 0 0 0 0 0 0 0 0 0 0 0 0 0 0 0 0 0 0 0 0 0 0 0 0 0 0 0 0 0 0 0 0 0 0 0 0 0 0 0 0 0 0 0 0 0 0 0 0 0 0 0 0 0 0 0 0 0 0 0 0 0 0 0 0 0 0 0 0 0 0 0 0 0 0 0 0 0 0 0 0 0 0 0 0 0 0 0 0 0 0 0 0 0 0 0 0 0 0 0 0 0 0 0 0 0 0 0 0 0 0 0 0 0 0 0 0 0 0 0 0 0 0 0 0 0 0 0 0 0 0 0 0 0 0 0 0 0 0 0 0 0 0 0 0 0 0 0 0 0 0 0 0 0 0 0 0 0 0 0 0 0 0 0 0 0 0 0 0 0 0 0 0 0 0 0 0 0 0 0 0 0 0 0 0
ctxt 3868705924
btime 1783935075
processes 5444479
procs_running 1
procs_blocked 0
softirq 2900050593 204 324998068 1708351 918819463 33214 0 7721237 927839093 399464 718531499

/proc/meminfo
MemTotal:       32273192 kB
MemFree:         1541248 kB
MemAvailable:   23053444 kB
Buffers:               0 kB
Cached:         21001576 kB
SwapCached:        15520 kB
Active:         15827800 kB
Inactive:       12577140 kB
Active(anon):    6898356 kB
Inactive(anon):   552376 kB
Active(file):    8929444 kB
Inactive(file): 12024764 kB
Unevictable:           0 kB
Mlocked:               0 kB
SwapTotal:      67108860 kB
SwapFree:       63106556 kB
Zswap:                 0 kB
Zswapped:              0 kB
Dirty:               212 kB
Writeback:           312 kB
AnonPages:       7373164 kB
Mapped:           282632 kB
Shmem:             47792 kB
KReclaimable:    1027208 kB
Slab:            1465316 kB
SReclaimable:    1027208 kB
SUnreclaim:       438108 kB
KernelStack:       34128 kB
PageTables:        45152 kB
SecPageTables:      4112 kB
NFS_Unstable:          0 kB
Bounce:                0 kB
WritebackTmp:          0 kB
CommitLimit:    83245456 kB
Committed_AS:   17829200 kB
VmallocTotal:   34359738367 kB
VmallocUsed:      229936 kB
VmallocChunk:          0 kB
Percpu:            21216 kB
HardwareCorrupted:     0 kB
AnonHugePages:   1345536 kB
ShmemHugePages:        0 kB
ShmemPmdMapped:        0 kB
FileHugePages:         0 kB
FilePmdMapped:         0 kB
CmaTotal:              0 kB
CmaFree:               0 kB
Unaccepted:            0 kB
HugePages_Total:       0
HugePages_Free:        0
HugePages_Rsvd:        0
HugePages_Surp:        0
Hugepagesize:       2048 kB
Hugetlb:               0 kB
DirectMap4k:      389980 kB
DirectMap2M:     5574656 kB
DirectMap1G:    27262976 kB

