/proc/loadavg
3.21 2.63 2.12 1/2104 107

/proc/stat
cpu  119508129 86936 3737442 11902623580 195228733 904389 1420807 0 0 0
cpu0 41254707 53 89338 463435327 4315323 72738 145871 0 0 0
cpu1 7245979 38258 741321 474676108 26150599 117366 156595 0 0 0
cpu2 5514408 307 162567 489781611 13793964 40744 27880 0 0 0
cpu3 4750593 101 89226 495334639 9121372 26299 15398 0 0 0
cpu4 5156199 1389 235923 486716676 17044965 52282 45791 0 0 0
cpu5 5091871 58 87974 495507370 8600218 28765 15171 0 0 0
cpu6 4943679 76 63780 499450141 4842718 23702 24424 0 0 0
cpu7 10437793 22861 650058 474659421 23278027 105315 72590 0 0 0
cpu8 5090232 126 114762 493782613 10261080 38512 36712 0 0 0
cpu9 4988080 60 69504 499142902 5102188 24483 17782 0 0 0
cpu10 4966750 42 65295 500751055 3473305 24567 70933 0 0 0
cpu11 4717488 575 200544 492074727 12118621 56730 98108 0 0 0
cpu12 1716484 39 47579 503018605 4532980 14378 19611 0 0 0
cpu13 2179683 11035 350503 498859379 7824755 33670 22548 0 0 0
cpu14 804830 232 54092 503218677 5226357 14003 13014 0 0 0
cpu15 1037771 59 45027 503960375 4299985 9992 7503 0 0 0
cpu16 1058169 291 53450 504712616 3516675 10307 6137 0 0 0
cpu17 677443 106 57257 505043283 3356306 43829 157929 0 0 0
cpu18 803903 52 59426 504755657 3609272 22985 99787 0 0 0
cpu19 3477358 10449 255306 497291107 8152412 48237 39764 0 0 0
cpu20 711934 204 54950 503481183 4942742 34280 57151 0 0 0
cpu21 757478 140 76518 503922207 4272002 40622 255866 0 0 0
cpu22 748552 73 58840 505042486 3489594 9658 8241 0 0 0
cpu23 1376733 340 54193 504005405 3903258 10914 5990 0 0 0
intr 3819026281 22 0 0 0 0 0 0 0 0 0 0 0 0 0 0 0 8 0 0 0 0 0 0 0 0 0 0 0 1 0 1 1 1 1 0 0 0 0 37 0 0 0 0 0 0 0 0 0 0 0 0 0 0 0 0 0 0 0 0 0 0 0 0 0 2953 1 170716788 161748671 166812088 394074344 95192 763667 144681 105968 227307 183274 85817 592423 124954 90501 70992 165728 77131 286673 93982 81288 104920 73686 74665 600128 173463 100622 70981 80880 30004 0 0 0 0 0 0 2 0 2 2 2 2 2 2 35 2 207 2 0 0 0 0 0 0 0 0 0 0 0 0 0 0 0 0 0 0 0 0 0 0 0 0 0 0 0 0 0 0 0 0 0 0 0 0 0 0 0 0 0 0 0 0 0 0 0 0 0 0 0 0 0 0 0 0 0 0 0 0 0 0 0 0 0 0 0 0 0 0 0 0 0 0 0 0 0 0 0 0 0 0 0 0 0 0 0 0 0 0 0 0 0 0 0 0 0 0 0 0 0 0 0 0 0 0 0 0 0 0 0 0 0 0 0 0 0 0 0 0 0 0 0 0 0 0 0 0 0 0 0 0 0 0 0 0 0 0 0 0 0 0 0 0 0 0 0 0 0 0 0 0 0 0 0 0 0 0 0 0 0 0 0 0 0 0 0 0 0 0 0 0 0 0 0 0 0 0 0 0 0 0 0 0 0 0 0 0 0 0 0 0 0 0 0 0 0 0 0 0 0 0 0 0 0 0 0 0 0 0 0 0 0 0 0 0 0 0 0 0 0 0 0 0 0 0 0 0 0 0 0 0 0 0 0 0 0 0 0 0 0 0 0 0 0 0 0 0 0 0 0 0 0 0 0 0 0 0 0 0 0 0 0 0 0 0 0 0 0 0 0 0 0 0 0 0 0 0 0 0 0 0 0 0 0 0 0 0 0 0 0 0 0 0 0 0 0 0 0 0 0 0 0 0 0 0 0 0 0 0 0 0 0 0 0 0 0 0 0 0 0 0 0 0 0 0 0 0 0 0 0 0 0 0 0 0 0 0 0 0 0 0 0 0 0 0 0 0 0 0 0 0 0 0 0 0 0 0 0 0 0 0 0 0 0 0 0 0 0 0 0 0 0 0 0 0 0 0 0 0 0 0 0 0 0 0 0 0 0 0 0 0 0 0 0 0 0 0 0 0 0 0 0 0 0 0 0 0 0 0 0 0 0 0 0 0 0 0 0 0 0 0 0 0 0 0 0 0 0 0 0 0 0 0 0 0 0 0 0 0 0 0 0 0 0 0 0 0 0 0 0 0 0 0 0 0 0 0 0 0 0 0 0 0 0 0 0 0 0 0 0 0 0 0 0 0 0 0 0 0 0 0 0 0 0 0 0 0 0 0 0 0 0 0 0 0 0 0 0 0 0 0 0 0 0 0 0 0 0 0 0 0 0 0 0 0 0 0 0 0 0 0 0 0 0 0 0 0 0 0 0 0 0 0 0 0 0 0 0 0 0 0 0 0 0 0 0 0 0 0 0 0 0 0 0 0 0 0 0 0 0 0 0 0 0 0 0 0 0 0 0 0 0 0 0 0 0 0 0 0 0 0 0 0 0 0 0 0 0 0 0 0 0 0 0 0 0 0 0 0 0 0 0 0 0 0 0 0 0 0 0 0 0 0 0 0 0 0 0 0 0 0 0 0 0 0 0 0 0 0 0 0 0 0 0 0 0 0 0 0 0 0 0 0 0 0 0 0 0 0 0 0 0 0 0 0 0 0 0 0 0 0 0 0 0 0 0 0 0 0 0 0 0 0 0 0 0 0 0 0 0 0 0 0 0 0 0 0 0 0 0 0 0 0 0 0 0 0 0 0 0 0 0 0 0 0 0 0 0 0 0 0 0 0 0 0 0 0 0 0 0 0 0 0 0 0 0 0 0 0 0 0 0 0 0 0 0 0 0 0 0 0 0 0 0 0 0 0 0 0 0 0 0 0 0 0 0 0 0 0 0 0 0 0 0 0 0 0 0 0 0 0 0 0 0 0 0 0 0 0 0 0 0 0 0 0 0 0 0 0 0 0 0 0 0 0 0 0 0 0 0 0 0 0 0 0 0 0 0 0 0 0 0 0 0 0 0 0 0 0 0 0 0 0 0 0 0 0 0 0 0 0 0 0 0 0 0 0 0 0 0 0 0 0 0 0 0 0 0 0 0 0 0 0 0 0 0 0 0 0 0 0 0 0 0 0 0 0 0 0 0 0 0 0 0 0 0 0 0 0 0 0 0 0 0 0 0 0 0 0 0 0 0 0 0 0 0 0 0 0 0 0 0 0 0 0 0 0 0 0 0 0 0 0 0 0 0 0 0 0 0 0 0 0 0 0 0 0 0 0 0 0 0 0 0 0 0 0 0 0 0 0 0 0 0 0 0 0 0 0 0 0 0 0 0 0 0 0 0 0 0 0 0 0 0 0 0 0 0 0 0 0 0 0 0 0 0 0 0 0 0 0 0 0 0 0 0 0 0 0 0 0 0 0 0 0 0 0 0 0 0 0 0 0 0 0 0 0 0 0 0 0 0 0 0 0 0 0 0 0 0 0 0 0 0 0 0 0 0 0 0 0 0 0 0 0 0 0 0 0 0 0 0 0 0 0 0
ctxt 3868875464
btime 1783935075
processes 5444615
procs_running 1
procs_blocked 0
softirq 2900227611 204 325007651 1708938 918843664 33214 0 7722177 927954990 399464 718557309

/proc/meminfo
MemTotal:       32273192 kB
MemFree:         1503464 kB
MemAvailable:   23040856 kB
Buffers:               0 kB
Cached:         21026772 kB
SwapCached:        15520 kB
Active:         15862552 kB
Inactive:       12601212 kB
Active(anon):    6931984 kB
Inactive(anon):   552376 kB
Active(file):    8930568 kB
Inactive(file): 12048836 kB
Unevictable:           0 kB
Mlocked:               0 kB
SwapTotal:      67108860 kB
SwapFree:       63106556 kB
Zswap:                 0 kB
Zswapped:              0 kB
Dirty:               532 kB
Writeback:           320 kB
AnonPages:       7406876 kB
Mapped:           282352 kB
Shmem:             47772 kB
KReclaimable:    1027208 kB
Slab:            1465164 kB
SReclaimable:    1027208 kB
SUnreclaim:       437956 kB
KernelStack:       34032 kB
PageTables:        45040 kB
SecPageTables:      4112 kB
NFS_Unstable:          0 kB
Bounce:                0 kB
WritebackTmp:          0 kB
CommitLimit:    83245456 kB
Committed_AS:   17851972 kB
VmallocTotal:   34359738367 kB
VmallocUsed:      229740 kB
VmallocChunk:          0 kB
Percpu:            21216 kB
HardwareCorrupted:     0 kB
AnonHugePages:   1359872 kB
ShmemHugePages:        0 kB
ShmemPmdMapped:        0 kB
FileHugePages:         0 kB
FilePmdMapped:         0 kB
CmaTotal:              0 kB
CmaFree:               0 kB
Unaccepted:            0 kB
HugePages_Total:       0
HugePages_Free:        0
HugePages_Rsvd:        0
HugePages_Surp:        0
Hugepagesize:       2048 kB
Hugetlb:               0 kB
DirectMap4k:      389980 kB
DirectMap2M:     5574656 kB
DirectMap1G:    27262976 kB

