/proc/loadavg
2.72 2.21 1.89 1/2103 54

/proc/stat
cpu  119468085 86936 3737069 11902163658 195228483 904282 1420704 0 0 0
cpu0 41252991 53 89119 463416563 4315237 72732 145809 0 0 0
cpu1 7245949 38258 741314 474655311 26150577 117365 156588 0 0 0
cpu2 5495788 307 162566 489779402 13793964 40704 27879 0 0 0
cpu3 4747818 101 89223 495316560 9121368 26293 15398 0 0 0
cpu4 5153420 1389 235914 486698623 17044948 52275 45790 0 0 0
cpu5 5089107 58 87974 495489276 8600215 28759 15171 0 0 0
cpu6 4940906 76 63779 499432053 4842717 23696 24424 0 0 0
cpu7 10435019 22861 650055 474641344 23278020 105308 72589 0 0 0
cpu8 5087486 126 114762 493764506 10261069 38505 36712 0 0 0
cpu9 4985311 60 69503 499124834 5102162 24477 17782 0 0 0
cpu10 4966720 42 65283 500730232 3473304 24566 70932 0 0 0
cpu11 4717471 575 200534 492053906 12118605 56729 98106 0 0 0
cpu12 1716479 39 47576 502997744 4532980 14378 19611 0 0 0
cpu13 2179666 11035 350492 498838544 7824755 33669 22547 0 0 0
cpu14 804827 232 54089 503197814 5226357 14003 13014 0 0 0
cpu15 1037754 59 45017 503939550 4299973 9991 7503 0 0 0
cpu16 1058148 291 53442 504691783 3516671 10306 6137 0 0 0
cpu17 677428 106 57243 505022459 3356301 43827 157925 0 0 0
cpu18 803902 52 59422 504734799 3609271 22984 99787 0 0 0
cpu19 3477321 10449 255293 497270297 8152408 48236 39763 0 0 0
cpu20 711897 204 54934 503460373 4942739 34278 57151 0 0 0
cpu21 757475 140 76513 503901375 4271996 40620 255847 0 0 0
cpu22 748540 73 58836 505021655 3489579 9657 8240 0 0 0
cpu23 1376651 340 54174 503984644 3903256 10912 5990 0 0 0
intr 3818455155 22 0 0 0 0 0 0 0 0 0 0 0 0 0 0 0 8 0 0 0 0 0 0 0 0 0 0 0 1 0 1 1 1 1 0 0 0 0 37 0 0 0 0 0 0 0 0 0 0 0 0 0 0 0 0 0 0 0 0 0 0 0 0 0 2953 1 170706109 161747870 166810863 394046691 95192 763667 144681 105967 227270 183256 85784 592423 124954 90501 70991 165728 77131 286663 93982 81287 104920 73686 74664 600100 173462 100621 70968 80880 30004 0 0 0 0 0 0 2 0 2 2 2 2 2 2 35 2 207 2 0 0 0 0 0 0 0 0 0 0 0 0 0 0 0 0 0 0 0 0 0 0 0 0 0 0 0 0 0 0 0 0 0 0 0 0 0 0 0 0 0 0 0 0 0 0 0 0 0 0 0 0 0 0 0 0 0 0 0 0 0 0 0 0 0 0 0 0 0 0 0 0 0 0 0 0 0 0 0 0 0 0 0 0 0 0 0 0 0 0 0 0 0 0 0 0 0 0 0 0 0 0 0 0 0 0 0 0 0 0 0 0 0 0 0 0 0 0 0 0 0 0 0 0 0 0 0 0 0 0 0 0 0 0 0 0 0 0 0 0 0 0 0 0 0 0 0 0 0 0 0 0 0 0 0 0 0 0 0 0 0 0 0 0 0 0 0 0 0 0 0 0 0 0 0 0 0 0 0 0 0 0 0 0 0 0 0 0 0 0 0 0 0 0 0 0 0 0 0 0 0 0 0 0 0 0 0 0 0 0 0 0 0 0 0 0 0 0 0 0 0 0 0 0 0 0 0 0 0 0 0 0 0 0 0 0 0 0 0 0 0 0 0 0 0 0 0 0 0 0 0 0 0 0 0 0 0 0 0 0 0 0 0 0 0 0 0 0 0 0 0 0 0 0 0 0 0 0 0 0 0 0 0 0 0 0 0 0 0 0 0 0 0 0 0 0 0 0 0 0 0 0 0 0 0 0 0 0 0 0 0 0 0 0 0 0 0 0 0 0 0 0 0 0 0 0 0 0 0 0 0 0 0 0 0 0 0 0 0 0 0 0 0 0 0 0 0 0 0 0 0 0 0 0 0 0 0 0 0 0 0 0 0 0 0 0 0 0 0 0 0 0 0 0 0 0 0 0 0 0 0 0 0 0 0 0 0 0 0 0 0 0 0 0 0 0 0 0 0 0 0 0 0 0 0 0 0 0 0 0 0 0 0 0 0 0 0 0 0 0 0 0 0 0 0 0 0 0 0 0 0 0 0 0 0 0 0 0 0 0 0 0 0 0 0 0 0 0 0 0 0 0 0 0 0 0 0 0 0 0 0 0 0 0 0 0 0 0 0 0 0 0 0 0 0 0 0 0 0 0 0 0 0 0 0 0 0 0 0 0 0 0 0 0 0 0 0 0 0 0 0 0 0 0 0 0 0 0 0 0 0 0 0 0 0 0 0 0 0 0 0 0 0 0 0 0 0 0 0 0 0 0 0 0 0 0 0 0 0 0 0 0 0 0 0 0 0 0 0 0 0 0 0 0 0 0 0 0 0 0 0 0 0 0 0 0 0 0 0 0 0 0 0 0 0 0 0 0 0 0 0 0 0 0 0 0 0 0 0 0 0 0 0 0 0 0 0 0 0 0 0 0 0 0 0 0 0 0 0 0 0 0 0 0 0 0 0 0 0 0 0 0 0 0 0 0 0 0 0 0 0 0 0 0 0 0 0 0 0 0 0 0 0 0 0 0 0 0 0 0 0 0 0 0 0 0 0 0 0 0 0 0 0 0 0 0 0 0 0 0 0 0 0 0 0 0 0 0 0 0 0 0 0 0 0 0 0 0 0 0 0 0 0 0 0 0 0 0 0 0 0 0 0 0 0 0 0 0 0 0 0 0 0 0 0 0 0 0 0 0 0 0 0 0 0 0 0 0 0 0 0 0 0 0 0 0 0 0 0 0 0 0 0 0 0 0 0 0 0 0 0 0 0 0 0 0 0 0 0 0 0 0 0 0 0 0 0 0 0 0 0 0 0 0 0 0 0 0 0 0 0 0 0 0 0 0 0 0 0 0 0 0 0 0 0 0 0 0 0 0 0 0 0 0 0 0 0 0 0 0 0 0 0 0 0 0 0 0 0 0 0 0 0 0 0 0 0 0 0 0 0 0 0 0 0 0 0 0 0 0 0 0 0 0 0 0 0 0 0 0 0 0 0 0 0 0 0 0 0 0 0 0 0 0 0 0 0 0 0 0 0 0 0 0 0 0 0 0 0 0 0 0 0 0 0 0 0 0 0 0 0 0 0 0 0 0 0 0 0 0 0 0 0 0 0 0 0 0 0 0 0 0 0 0 0 0 0 0 0 0 0 0 0 0 0 0 0 0 0 0 0 0 0 0 0 0 0 0 0 0 0 0 0 0 0 0 0 0 0 0 0 0 0 0 0 0 0 0 0 0 0 0 0 0 0 0 0 0 0 0 0 0 0 0 0 0 0 0 0 0 0 0 0 0 0 0 0 0 0 0 0 0 0 0 0 0 0 0 0 0 0 0 0 0 0 0 0 0 0 0 0 0 0 0 0 0 0 0 0 0 0 0 0 0 0 0 0 0 0 0 0 0 0 0 0 0 0 0 0 0 0 0 0 0 0 0 0
ctxt 3868585025
btime 1783935075
processes 5444343
procs_running 1
procs_blocked 0
softirq 2899938274 204 324991659 1707944 918802230 33214 0 7720833 927768086 399464 718514640

/proc/meminfo
MemTotal:       32273192 kB
MemFree:         1565812 kB
MemAvailable:   23060984 kB
Buffers:               0 kB
Cached:         20984596 kB
SwapCached:        15520 kB
Active:         15801976 kB
Inactive:       12560180 kB
Active(anon):    6872564 kB
Inactive(anon):   552376 kB
Active(file):    8929412 kB
Inactive(file): 12007804 kB
Unevictable:           0 kB
Mlocked:               0 kB
SwapTotal:      67108860 kB
SwapFree:       63106556 kB
Zswap:                 0 kB
Zswapped:              0 kB
Dirty:                 8 kB
Writeback:           328 kB
AnonPages:       7347296 kB
Mapped:           282216 kB
Shmem:             47772 kB
KReclaimable:    1027176 kB
Slab:            1465064 kB
SReclaimable:    1027176 kB
SUnreclaim:       437888 kB
KernelStack:       34016 kB
PageTables:        44936 kB
SecPageTables:      4112 kB
NFS_Unstable:          0 kB
Bounce:                0 kB
WritebackTmp:          0 kB
CommitLimit:    83245456 kB
Committed_AS:   17795252 kB
VmallocTotal:   34359738367 kB
VmallocUsed:      229756 kB
VmallocChunk:          0 kB
Percpu:            21216 kB
HardwareCorrupted:     0 kB
AnonHugePages:   1345536 kB
ShmemHugePages:        0 kB
ShmemPmdMapped:        0 kB
FileHugePages:         0 kB
FilePmdMapped:         0 kB
CmaTotal:              0 kB
CmaFree:               0 kB
Unaccepted:            0 kB
HugePages_Total:       0
HugePages_Free:        0
HugePages_Rsvd:        0
HugePages_Surp:        0
Hugepagesize:       2048 kB
Hugetlb:               0 kB
DirectMap4k:      389980 kB
DirectMap2M:     5574656 kB
DirectMap1G:    27262976 kB

