/proc/loadavg
2.91 2.44 2.01 2/2105 81

/proc/stat
cpu  119489687 86936 3737279 11902431746 195228637 904340 1420765 0 0 0
cpu0 41253925 53 89240 463427502 4315284 72736 145847 0 0 0
cpu1 7245976 38258 741318 474667354 26150587 117366 156592 0 0 0
cpu2 5506652 307 162567 489780607 13793964 40727 27880 0 0 0
cpu3 4749192 101 89224 495327269 9121372 26296 15398 0 0 0
cpu4 5154802 1389 235917 486709313 17044959 52279 45790 0 0 0
cpu5 5090479 58 87974 495499992 8600215 28762 15171 0 0 0
cpu6 4942283 76 63779 499442765 4842718 23699 24424 0 0 0
cpu7 10436395 22861 650057 474652048 23278026 105311 72589 0 0 0
cpu8 5088850 126 114762 493775225 10261075 38508 36712 0 0 0
cpu9 4986683 60 69504 499135524 5102188 24480 17782 0 0 0
cpu10 4966747 42 65293 500742286 3473305 24567 70933 0 0 0
cpu11 4717484 575 200541 492065967 12118613 56730 98107 0 0 0
cpu12 1716483 39 47578 503009830 4532980 14378 19611 0 0 0
cpu13 2179679 11035 350500 498850610 7824755 33669 22547 0 0 0
cpu14 804828 232 54091 503209902 5226357 14003 13014 0 0 0
cpu15 1037766 59 45024 503951608 4299983 9992 7503 0 0 0
cpu16 1058155 291 53445 504703865 3516671 10306 6137 0 0 0
cpu17 677436 106 57253 505034524 3356303 43828 157928 0 0 0
cpu18 803903 52 59425 504746883 3609272 22985 99787 0 0 0
cpu19 3477335 10449 255302 497282360 8152411 48236 39764 0 0 0
cpu20 711900 204 54937 503472455 4942740 34279 57151 0 0 0
cpu21 757475 140 76514 503913450 4271998 40621 255857 0 0 0
cpu22 748550 73 58838 505033719 3489591 9657 8240 0 0 0
cpu23 1376696 340 54184 503996677 3903256 10914 5990 0 0 0
intr 3818768018 22 0 0 0 0 0 0 0 0 0 0 0 0 0 0 0 8 0 0 0 0 0 0 0 0 0 0 0 1 0 1 1 1 1 0 0 0 0 37 0 0 0 0 0 0 0 0 0 0 0 0 0 0 0 0 0 0 0 0 0 0 0 0 0 2953 1 170712419 161748374 166811630 394062623 95192 763667 144681 105968 227291 183264 85814 592423 124954 90501 70991 165728 77131 286673 93982 81288 104920 73686 74665 600122 173463 100621 70976 80880 30004 0 0 0 0 0 0 2 0 2 2 2 2 2 2 35 2 207 2 0 0 0 0 0 0 0 0 0 0 0 0 0 0 0 0 0 0 0 0 0 0 0 0 0 0 0 0 0 0 0 0 0 0 0 0 0 0 0 0 0 0 0 0 0 0 0 0 0 0 0 0 0 0 0 0 0 0 0 0 0 0 0 0 0 0 0 0 0 0 0 0 0 0 0 0 0 0 0 0 0 0 0 0 0 0 0 0 0 0 0 0 0 0 0 0 0 0 0 0 0 0 0 0 0 0 0 0 0 0 0 0 0 0 0 0 0 0 0 0 0 0 0 0 0 0 0 0 0 0 0 0 0 0 0 0 0 0 0 0 0 0 0 0 0 0 0 0 0 0 0 0 0 0 0 0 0 0 0 0 0 0 0 0 0 0 0 0 0 0 0 0 0 0 0 0 0 0 0 0 0 0 0 0 0 0 0 0 0 0 0 0 0 0 0 0 0 0 0 0 0 0 0 0 0 0 0 0 0 0 0 0 0 0 0 0 0 0 0 0 0 0 0 0 0 0 0 0 0 0 0 0 0 0 0 0 0 0 0 0 0 0 0 0 0 0 0 0 0 0 0 0 0 0 0 0 0 0 0 0 0 0 0 0 0 0 0 0 0 0 0 0 0 0 0 0 0 0 0 0 0 0 0 0 0 0 0 0 0 0 0 0 0 0 0 0 0 0 0 0 0 0 0 0 0 0 0 0 0 0 0 0 0 0 0 0 0 0 0 0 0 0 0 0 0 0 0 0 0 0 0 0 0 0 0 0 0 0 0 0 0 0 0 0 0 0 0 0 0 0 0 0 0 0 0 0 0 0 0 0 0 0 0 0 0 0 0 0 0 0 0 0 0 0 0 0 0 0 0 0 0 0 0 0 0 0 0 0 0 0 0 0 0 0 0 0 0 0 0 0 0 0 0 0 0 0 0 0 0 0 0 0 0 0 0 0 0 0 0 0 0 0 0 0 0 0 0 0 0 0 0 0 0 0 0 0 0 0 0 0 0 0 0 0 0 0 0 0 0 0 0 0 0 0 0 0 0 0 0 0 0 0 0 0 0 0 0 0 0 0 0 0 0 0 0 0 0 0 0 0 0 0 0 0 0 0 0 0 0 0 0 0 0 0 0 0 0 0 0 0 0 0 0 0 0 0 0 0 0 0 0 0 0 0 0 0 0 0 0 0 0 0 0 0 0 0 0 0 0 0 0 0 0 0 0 0 0 0 0 0 0 0 0 0 0 0 0 0 0 0 0 0 0 0 0 0 0 0 0 0 0 0 0 0 0 0 0 0 0 0 0 0 0 0 0 0 0 0 0 0 0 0 0 0 0 0 0 0 0 0 0 0 0 0 0 0 0 0 0 0 0 0 0 0 0 0 0 0 0 0 0 0 0 0 0 0 0 0 0 0 0 0 0 0 0 0 0 0 0 0 0 0 0 0 0 0 0 0 0 0 0 0 0 0 0 0 0 0 0 0 0 0 0 0 0 0 0 0 0 0 0 0 0 0 0 0 0 0 0 0 0 0 0 0 0 0 0 0 0 0 0 0 0 0 0 0 0 0 0 0 0 0 0 0 0 0 0 0 0 0 0 0 0 0 0 0 0 0 0 0 0 0 0 0 0 0 0 0 0 0 0 0 0 0 0 0 0 0 0 0 0 0 0 0 0 0 0 0 0 0 0 0 0 0 0 0 0 0 0 0 0 0 0 0 0 0 0 0 0 0 0 0 0 0 0 0 0 0 0 0 0 0 0 0 0 0 0 0 0 0 0 0 0 0 0 0 0 0 0 0 0 0 0 0 0 0 0 0 0 0 0 0 0 0 0 0 0 0 0 0 0 0 0 0 0 0 0 0 0 0 0 0 0 0 0 0 0 0 0 0 0 0 0 0 0 0 0 0 0 0 0 0 0 0 0 0 0 0 0 0 0 0 0 0 0 0 0 0 0 0 0 0 0 0 0 0 0 0 0 0 0 0 0 0 0 0 0 0 0 0 0 0 0 0 0 0 0 0 0 0 0 0 0 0 0 0 0 0 0 0 0 0 0 0 0 0 0 0 0 0 0 0 0 0 0 0 0 0 0 0 0 0 0 0 0 0 0 0 0 0 0 0 0 0 0 0 0 0 0 0 0 0 0 0 0 0 0 0 0 0 0 0 0 0 0 0 0 0 0 0 0 0 0 0 0 0 0 0 0 0 0 0 0 0 0 0 0 0 0 0 0 0 0 0 0 0 0 0 0 0 0 0 0 0 0 0 0 0 0 0 0 0 0 0 0 0 0 0 0 0 0 0 0 0 0 0 0 0 0 0 0 0 0 0 0 0 0 0 0 0 0 0 0 0 0 0 0 0 0 0 0 0 0 0 0 0 0
ctxt 3868752796
btime 1783935075
processes 5444505
procs_running 2
procs_blocked 0
softirq 2900099975 204 325000842 1708533 918826550 33214 0 7721479 927872116 399464 718537573

/proc/meminfo
MemTotal:       32273192 kB
MemFree:         1589148 kB
MemAvailable:   23105548 kB
Buffers:               0 kB
Cached:         21005760 kB
SwapCached:        15520 kB
Active:         15840680 kB
Inactive:       12580220 kB
Active(anon):    6910112 kB
Inactive(anon):   552376 kB
Active(file):    8930568 kB
Inactive(file): 12027844 kB
Unevictable:           0 kB
Mlocked:               0 kB
SwapTotal:      67108860 kB
SwapFree:       63106556 kB
Zswap:                 0 kB
Zswapped:              0 kB
Dirty:                 8 kB
Writeback:           544 kB
AnonPages:       7387268 kB
Mapped:           282308 kB
Shmem:             47772 kB
KReclaimable:    1027208 kB
Slab:            1465376 kB
SReclaimable:    1027208 kB
SUnreclaim:       438168 kB
KernelStack:       34048 kB
PageTables:        45012 kB
SecPageTables:      4112 kB
NFS_Unstable:          0 kB
Bounce:                0 kB
WritebackTmp:          0 kB
CommitLimit:    83245456 kB
Committed_AS:   17816768 kB
VmallocTotal:   34359738367 kB
VmallocUsed:      229756 kB
VmallocChunk:          0 kB
Percpu:            21216 kB
HardwareCorrupted:     0 kB
AnonHugePages:   1355776 kB
ShmemHugePages:        0 kB
ShmemPmdMapped:        0 kB
FileHugePages:         0 kB
FilePmdMapped:         0 kB
CmaTotal:              0 kB
CmaFree:               0 kB
Unaccepted:            0 kB
HugePages_Total:       0
HugePages_Free:        0
HugePages_Rsvd:        0
HugePages_Surp:        0
Hugepagesize:       2048 kB
Hugetlb:               0 kB
DirectMap4k:      389980 kB
DirectMap2M:     5574656 kB
DirectMap1G:    27262976 kB

