/proc/loadavg
2.76 2.28 1.94 1/2108 64

/proc/stat
cpu  119478659 86936 3737182 11902331543 195228579 904311 1420742 0 0 0
cpu0 41253458 53 89179 463423430 4315259 72734 145832 0 0 0
cpu1 7245975 38258 741316 474662720 26150584 117365 156590 0 0 0
cpu2 5502618 307 162566 489780006 13793964 40719 27880 0 0 0
cpu3 4748269 101 89224 495323551 9121372 26294 15398 0 0 0
cpu4 5153878 1389 235916 486705599 17044958 52276 45790 0 0 0
cpu5 5089557 58 87974 495496272 8600215 28760 15171 0 0 0
cpu6 4941358 76 63779 499439048 4842718 23697 24424 0 0 0
cpu7 10435473 22861 650057 474648329 23278026 105309 72589 0 0 0
cpu8 5087934 126 114762 493771502 10261073 38506 36712 0 0 0
cpu9 4985762 60 69504 499131815 5102177 24478 17782 0 0 0
cpu10 4966737 42 65290 500737656 3473305 24567 70932 0 0 0
cpu11 4717477 575 200537 492061339 12118609 56730 98107 0 0 0
cpu12 1716482 39 47577 503005189 4532980 14378 19611 0 0 0
cpu13 2179679 11035 350496 498845972 7824755 33669 22547 0 0 0
cpu14 804828 232 54090 503205259 5226357 14003 13014 0 0 0
cpu15 1037755 59 45019 503946985 4299981 9991 7503 0 0 0
cpu16 1058152 291 53444 504699225 3516671 10306 6137 0 0 0
cpu17 677432 106 57250 505029890 3356303 43828 157927 0 0 0
cpu18 803903 52 59425 504742241 3609272 22985 99787 0 0 0
cpu19 3477332 10449 255299 497277725 8152409 48236 39764 0 0 0
cpu20 711899 204 54935 503467816 4942740 34278 57151 0 0 0
cpu21 757475 140 76514 503908814 4271996 40621 255853 0 0 0
cpu22 748547 73 58837 505029083 3489588 9657 8240 0 0 0
cpu23 1376669 340 54180 503992064 3903256 10913 5990 0 0 0
intr 3818621442 22 0 0 0 0 0 0 0 0 0 0 0 0 0 0 0 8 0 0 0 0 0 0 0 0 0 0 0 1 0 1 1 1 1 0 0 0 0 37 0 0 0 0 0 0 0 0 0 0 0 0 0 0 0 0 0 0 0 0 0 0 0 0 0 2953 1 170710441 161748259 166811495 394056480 95192 763667 144681 105967 227288 183262 85801 592423 124954 90501 70991 165728 77131 286671 93982 81288 104920 73686 74665 600120 173462 100621 70972 80880 30004 0 0 0 0 0 0 2 0 2 2 2 2 2 2 35 2 207 2 0 0 0 0 0 0 0 0 0 0 0 0 0 0 0 0 0 0 0 0 0 0 0 0 0 0 0 0 0 0 0 0 0 0 0 0 0 0 0 0 0 0 0 0 0 0 0 0 0 0 0 0 0 0 0 0 0 0 0 0 0 0 0 0 0 0 0 0 0 0 0 0 0 0 0 0 0 0 0 0 0 0 0 0 0 0 0 0 0 0 0 0 0 0 0 0 0 0 0 0 0 0 0 0 0 0 0 0 0 0 0 0 0 0 0 0 0 0 0 0 0 0 0 0 0 0 0 0 0 0 0 0 0 0 0 0 0 0 0 0 0 0 0 0 0 0 0 0 0 0 0 0 0 0 0 0 0 0 0 0 0 0 0 0 0 0 0 0 0 0 0 0 0 0 0 0 0 0 0 0 0 0 0 0 0 0 0 0 0 0 0 0 0 0 0 0 0 0 0 0 0 0 0 0 0 0 0 0 0 0 0 0 0 0 0 0 0 0 0 0 0 0 0 0 0 0 0 0 0 0 0 0 0 0 0 0 0 0 0 0 0 0 0 0 0 0 0 0 0 0 0 0 0 0 0 0 0 0 0 0 0 0 0 0 0 0 0 0 0 0 0 0 0 0 0 0 0 0 0 0 0 0 0 0 0 0 0 0 0 0 0 0 0 0 0 0 0 0 0 0 0 0 0 0 0 0 0 0 0 0 0 0 0 0 0 0 0 0 0 0 0 0 0 0 0 0 0 0 0 0 0 0 0 0 0 0 0 0 0 0 0 0 0 0 0 0 0 0 0 0 0 0 0 0 0 0 0 0 0 0 0 0 0 0 0 0 0 0 0 0 0 0 0 0 0 0 0 0 0 0 0 0 0 0 0 0 0 0 0 0 0 0 0 0 0 0 0 0 0 0 0 0 0 0 0 0 0 0 0 0 0 0 0 0 0 0 0 0 0 0 0 0 0 0 0 0 0 0 0 0 0 0 0 0 0 0 0 0 0 0 0 0 0 0 0 0 0 0 0 0 0 0 0 0 0 0 0 0 0 0 0 0 0 0 0 0 0 0 0 0 0 0 0 0 0 0 0 0 0 0 0 0 0 0 0 0 0 0 0 0 0 0 0 0 0 0 0 0 0 0 0 0 0 0 0 0 0 0 0 0 0 0 0 0 0 0 0 0 0 0 0 0 0 0 0 0 0 0 0 0 0 0 0 0 0 0 0 0 0 0 0 0 0 0 0 0 0 0 0 0 0 0 0 0 0 0 0 0 0 0 0 0 0 0 0 0 0 0 0 0 0 0 0 0 0 0 0 0 0 0 0 0 0 0 0 0 0 0 0 0 0 0 0 0 0 0 0 0 0 0 0 0 0 0 0 0 0 0 0 0 0 0 0 0 0 0 0 0 0 0 0 0 0 0 0 0 0 0 0 0 0 0 0 0 0 0 0 0 0 0 0 0 0 0 0 0 0 0 0 0 0 0 0 0 0 0 0 0 0 0 0 0 0 0 0 0 0 0 0 0 0 0 0 0 0 0 0 0 0 0 0 0 0 0 0 0 0 0 0 0 0 0 0 0 0 0 0 0 0 0 0 0 0 0 0 0 0 0 0 0 0 0 0 0 0 0 0 0 0 0 0 0 0 0 0 0 0 0 0 0 0 0 0 0 0 0 0 0 0 0 0 0 0 0 0 0 0 0 0 0 0 0 0 0 0 0 0 0 0 0 0 0 0 0 0 0 0 0 0 0 0 0 0 0 0 0 0 0 0 0 0 0 0 0 0 0 0 0 0 0 0 0 0 0 0 0 0 0 0 0 0 0 0 0 0 0 0 0 0 0 0 0 0 0 0 0 0 0 0 0 0 0 0 0 0 0 0 0 0 0 0 0 0 0 0 0 0 0 0 0 0 0 0 0 0 0 0 0 0 0 0 0 0 0 0 0 0 0 0 0 0 0 0 0 0 0 0 0 0 0 0 0 0 0 0 0 0 0 0 0 0 0 0 0 0 0 0 0 0 0 0 0 0 0 0 0 0 0 0 0 0 0 0 0 0 0 0 0 0 0 0 0 0 0 0 0 0 0 0 0 0 0 0 0 0 0 0 0 0 0 0 0 0 0 0 0 0 0 0 0 0 0 0 0 0 0 0 0 0 0 0 0 0 0 0 0 0 0 0 0 0 0 0 0 0 0 0 0 0 0 0 0 0 0 0 0 0 0 0 0 0 0 0 0 0 0 0 0 0 0 0 0 0 0 0 0 0 0 0 0 0 0 0 0 0 0 0 0 0 0 0 0 0 0 0 0 0 0 0 0 0 0 0 0 0 0 0 0 0 0 0 0 0 0 0 0 0 0 0 0 0 0 0 0 0 0 0
ctxt 3868689054
btime 1783935075
processes 5444445
procs_running 1
procs_blocked 0
softirq 2900038101 204 324997487 1708282 918818074 33214 0 7721151 927832460 399464 718527765

/proc/meminfo
MemTotal:       32273192 kB
MemFree:         1545584 kB
MemAvailable:   23053552 kB
Buffers:               0 kB
Cached:         20997360 kB
SwapCached:        15520 kB
Active:         15822748 kB
Inactive:       12572944 kB
Active(anon):    6893336 kB
Inactive(anon):   552376 kB
Active(file):    8929412 kB
Inactive(file): 12020568 kB
Unevictable:           0 kB
Mlocked:               0 kB
SwapTotal:      67108860 kB
SwapFree:       63106556 kB
Zswap:                 0 kB
Zswapped:              0 kB
Dirty:               152 kB
Writeback:             0 kB
AnonPages:       7368068 kB
Mapped:           282256 kB
Shmem:             47772 kB
KReclaimable:    1027208 kB
Slab:            1465188 kB
SReclaimable:    1027208 kB
SUnreclaim:       437980 kB
KernelStack:       34096 kB
PageTables:        44976 kB
SecPageTables:      4112 kB
NFS_Unstable:          0 kB
Bounce:                0 kB
WritebackTmp:          0 kB
CommitLimit:    83245456 kB
Committed_AS:   17797620 kB
VmallocTotal:   34359738367 kB
VmallocUsed:      229836 kB
VmallocChunk:          0 kB
Percpu:            21216 kB
HardwareCorrupted:     0 kB
AnonHugePages:   1345536 kB
ShmemHugePages:        0 kB
ShmemPmdMapped:        0 kB
FileHugePages:         0 kB
FilePmdMapped:         0 kB
CmaTotal:              0 kB
CmaFree:               0 kB
Unaccepted:            0 kB
HugePages_Total:       0
HugePages_Free:        0
HugePages_Rsvd:        0
HugePages_Surp:        0
Hugepagesize:       2048 kB
Hugetlb:               0 kB
DirectMap4k:      389980 kB
DirectMap2M:     5574656 kB
DirectMap1G:    27262976 kB

