/proc/loadavg
2.22 2.16 1.90 1/2110 56

/proc/stat
cpu  119474895 86936 3737161 11902319589 195228572 904302 1420738 0 0 0
cpu0 41253302 53 89161 463422957 4315252 72734 145830 0 0 0
cpu1 7245974 38258 741316 474662065 26150583 117365 156589 0 0 0
cpu2 5502170 307 162566 489779798 13793964 40718 27880 0 0 0
cpu3 4747820 101 89224 495323345 9121372 26293 15398 0 0 0
cpu4 5153426 1389 235916 486705395 17044958 52275 45790 0 0 0
cpu5 5089107 58 87974 495496067 8600215 28759 15171 0 0 0
cpu6 4940906 76 63779 499438844 4842718 23696 24424 0 0 0
cpu7 10435023 22861 650057 474648124 23278026 105308 72589 0 0 0
cpu8 5087487 126 114762 493771293 10261073 38505 36712 0 0 0
cpu9 4985312 60 69504 499131609 5102177 24477 17782 0 0 0
cpu10 4966736 42 65290 500736999 3473305 24567 70932 0 0 0
cpu11 4717477 575 200536 492060683 12118609 56729 98107 0 0 0
cpu12 1716482 39 47577 503004533 4532980 14378 19611 0 0 0
cpu13 2179675 11035 350496 498845320 7824755 33669 22547 0 0 0
cpu14 804828 232 54090 503204603 5226357 14003 13014 0 0 0
cpu15 1037755 59 45019 503946329 4299981 9991 7503 0 0 0
cpu16 1058152 291 53444 504698569 3516671 10306 6137 0 0 0
cpu17 677431 106 57249 505029235 3356303 43828 157927 0 0 0
cpu18 803903 52 59425 504741585 3609272 22985 99787 0 0 0
cpu19 3477331 10449 255299 497277070 8152409 48236 39764 0 0 0
cpu20 711899 204 54935 503467160 4942740 34278 57151 0 0 0
cpu21 757475 140 76514 503908158 4271996 40621 255852 0 0 0
cpu22 748546 73 58837 505028427 3489588 9657 8240 0 0 0
cpu23 1376666 340 54179 503991412 3903256 10913 5990 0 0 0
intr 3818578862 22 0 0 0 0 0 0 0 0 0 0 0 0 0 0 0 8 0 0 0 0 0 0 0 0 0 0 0 1 0 1 1 1 1 0 0 0 0 37 0 0 0 0 0 0 0 0 0 0 0 0 0 0 0 0 0 0 0 0 0 0 0 0 0 2953 1 170710158 161748248 166811490 394055553 95192 763667 144681 105967 227288 183262 85801 592423 124954 90501 70991 165728 77131 286671 93982 81288 104920 73686 74665 600118 173462 100621 70971 80880 30004 0 0 0 0 0 0 2 0 2 2 2 2 2 2 35 2 207 2 0 0 0 0 0 0 0 0 0 0 0 0 0 0 0 0 0 0 0 0 0 0 0 0 0 0 0 0 0 0 0 0 0 0 0 0 0 0 0 0 0 0 0 0 0 0 0 0 0 0 0 0 0 0 0 0 0 0 0 0 0 0 0 0 0 0 0 0 0 0 0 0 0 0 0 0 0 0 0 0 0 0 0 0 0 0 0 0 0 0 0 0 0 0 0 0 0 0 0 0 0 0 0 0 0 0 0 0 0 0 0 0 0 0 0 0 0 0 0 0 0 0 0 0 0 0 0 0 0 0 0 0 0 0 0 0 0 0 0 0 0 0 0 0 0 0 0 0 0 0 0 0 0 0 0 0 0 0 0 0 0 0 0 0 0 0 0 0 0 0 0 0 0 0 0 0 0 0 0 0 0 0 0 0 0 0 0 0 0 0 0 0 0 0 0 0 0 0 0 0 0 0 0 0 0 0 0 0 0 0 0 0 0 0 0 0 0 0 0 0 0 0 0 0 0 0 0 0 0 0 0 0 0 0 0 0 0 0 0 0 0 0 0 0 0 0 0 0 0 0 0 0 0 0 0 0 0 0 0 0 0 0 0 0 0 0 0 0 0 0 0 0 0 0 0 0 0 0 0 0 0 0 0 0 0 0 0 0 0 0 0 0 0 0 0 0 0 0 0 0 0 0 0 0 0 0 0 0 0 0 0 0 0 0 0 0 0 0 0 0 0 0 0 0 0 0 0 0 0 0 0 0 0 0 0 0 0 0 0 0 0 0 0 0 0 0 0 0 0 0 0 0 0 0 0 0 0 0 0 0 0 0 0 0 0 0 0 0 0 0 0 0 0 0 0 0 0 0 0 0 0 0 0 0 0 0 0 0 0 0 0 0 0 0 0 0 0 0 0 0 0 0 0 0 0 0 0 0 0 0 0 0 0 0 0 0 0 0 0 0 0 0 0 0 0 0 0 0 0 0 0 0 0 0 0 0 0 0 0 0 0 0 0 0 0 0 0 0 0 0 0 0 0 0 0 0 0 0 0 0 0 0 0 0 0 0 0 0 0 0 0 0 0 0 0 0 0 0 0 0 0 0 0 0 0 0 0 0 0 0 0 0 0 0 0 0 0 0 0 0 0 0 0 0 0 0 0 0 0 0 0 0 0 0 0 0 0 0 0 0 0 0 0 0 0 0 0 0 0 0 0 0 0 0 0 0 0 0 0 0 0 0 0 0 0 0 0 0 0 0 0 0 0 0 0 0 0 0 0 0 0 0 0 0 0 0 0 0 0 0 0 0 0 0 0 0 0 0 0 0 0 0 0 0 0 0 0 0 0 0 0 0 0 0 0 0 0 0 0 0 0 0 0 0 0 0 0 0 0 0 0 0 0 0 0 0 0 0 0 0 0 0 0 0 0 0 0 0 0 0 0 0 0 0 0 0 0 0 0 0 0 0 0 0 0 0 0 0 0 0 0 0 0 0 0 0 0 0 0 0 0 0 0 0 0 0 0 0 0 0 0 0 0 0 0 0 0 0 0 0 0 0 0 0 0 0 0 0 0 0 0 0 0 0 0 0 0 0 0 0 0 0 0 0 0 0 0 0 0 0 0 0 0 0 0 0 0 0 0 0 0 0 0 0 0 0 0 0 0 0 0 0 0 0 0 0 0 0 0 0 0 0 0 0 0 0 0 0 0 0 0 0 0 0 0 0 0 0 0 0 0 0 0 0 0 0 0 0 0 0 0 0 0 0 0 0 0 0 0 0 0 0 0 0 0 0 0 0 0 0 0 0 0 0 0 0 0 0 0 0 0 0 0 0 0 0 0 0 0 0 0 0 0 0 0 0 0 0 0 0 0 0 0 0 0 0 0 0 0 0 0 0 0 0 0 0 0 0 0 0 0 0 0 0 0 0 0 0 0 0 0 0 0 0 0 0 0 0 0 0 0 0 0 0 0 0 0 0 0 0 0 0 0 0 0 0 0 0 0 0 0 0 0 0 0 0 0 0 0 0 0 0 0 0 0 0 0 0 0 0 0 0 0 0 0 0 0 0 0 0 0 0 0 0 0 0 0 0 0 0 0 0 0 0 0 0 0 0 0 0 0 0 0 0 0 0 0 0 0 0 0 0 0 0 0 0 0 0 0 0 0 0 0 0 0 0 0 0 0 0 0 0 0 0 0 0 0 0 0 0 0 0 0 0 0 0 0 0 0 0 0 0 0 0 0 0 0 0 0 0 0 0 0 0 0 0 0 0 0 0 0 0 0 0 0 0 0 0 0 0 0 0 0 0 0 0 0 0 0 0 0 0 0 0 0 0 0 0 0 0 0 0 0 0 0 0 0 0 0 0 0 0 0 0 0 0 0
ctxt 3868681626
btime 1783935075
processes 5444437
procs_running 1
procs_blocked 0
softirq 2900028646 204 324996991 1708195 918816835 33214 0 7721057 927826592 399464 718526094

/proc/meminfo
MemTotal:       32273192 kB
MemFree:         1547924 kB
MemAvailable:   23051724 kB
Buffers:               0 kB
Cached:         20993160 kB
SwapCached:        15520 kB
Active:         15822756 kB
Inactive:       12568744 kB
Active(anon):    6893312 kB
Inactive(anon):   552376 kB
Active(file):    8929444 kB
Inactive(file): 12016368 kB
Unevictable:           0 kB
Mlocked:               0 kB
SwapTotal:      67108860 kB
SwapFree:       63106556 kB
Zswap:                 0 kB
Zswapped:              0 kB
Dirty:               152 kB
Writeback:             0 kB
AnonPages:       7368080 kB
Mapped:           282256 kB
Shmem:             47772 kB
KReclaimable:    1027208 kB
Slab:            1465188 kB
SReclaimable:    1027208 kB
SUnreclaim:       437980 kB
KernelStack:       34128 kB
PageTables:        44976 kB
SecPageTables:      4112 kB
NFS_Unstable:          0 kB
Bounce:                0 kB
WritebackTmp:          0 kB
CommitLimit:    83245456 kB
Committed_AS:   17816076 kB
VmallocTotal:   34359738367 kB
VmallocUsed:      229836 kB
VmallocChunk:          0 kB
Percpu:            21216 kB
HardwareCorrupted:     0 kB
AnonHugePages:   1345536 kB
ShmemHugePages:        0 kB
ShmemPmdMapped:        0 kB
FileHugePages:         0 kB
FilePmdMapped:         0 kB
CmaTotal:              0 kB
CmaFree:               0 kB
Unaccepted:            0 kB
HugePages_Total:       0
HugePages_Free:        0
HugePages_Rsvd:        0
HugePages_Surp:        0
Hugepagesize:       2048 kB
Hugetlb:               0 kB
DirectMap4k:      389980 kB
DirectMap2M:     5574656 kB
DirectMap1G:    27262976 kB

