/proc/loadavg
2.84 2.49 2.05 1/2104 90

/proc/stat
cpu  119496932 86936 3737325 11902518521 195228664 904360 1420782 0 0 0
cpu0 41254080 53 89260 463431227 4315291 72736 145857 0 0 0
cpu1 7245978 38258 741319 474671266 26150594 117366 156593 0 0 0
cpu2 5510372 307 162567 489780800 13793964 40735 27880 0 0 0
cpu3 4749666 101 89225 495330715 9121372 26297 15398 0 0 0
cpu4 5155274 1389 235921 486712754 17044964 52280 45790 0 0 0
cpu5 5090949 58 87974 495503442 8600216 28763 15171 0 0 0
cpu6 4942756 76 63779 499446212 4842718 23700 24424 0 0 0
cpu7 10436868 22861 650057 474655496 23278026 105313 72589 0 0 0
cpu8 5089316 126 114762 493778681 10261075 38510 36712 0 0 0
cpu9 4987157 60 69504 499138972 5102188 24481 17782 0 0 0
cpu10 4966748 42 65293 500746206 3473305 24567 70933 0 0 0
cpu11 4717487 575 200542 492069880 12118617 56730 98107 0 0 0
cpu12 1716484 39 47579 503013752 4532980 14378 19611 0 0 0
cpu13 2179681 11035 350501 498854528 7824755 33670 22547 0 0 0
cpu14 804829 232 54091 503213823 5226357 14003 13014 0 0 0
cpu15 1037767 59 45025 503955527 4299985 9992 7503 0 0 0
cpu16 1058160 291 53447 504707779 3516671 10306 6137 0 0 0
cpu17 677442 106 57255 505038437 3356303 43829 157928 0 0 0
cpu18 803903 52 59425 504750804 3609272 22985 99787 0 0 0
cpu19 3477352 10449 255305 497286262 8152412 48237 39764 0 0 0
cpu20 711916 204 54943 503476356 4942740 34279 57151 0 0 0
cpu21 757476 140 76515 503917366 4271998 40622 255861 0 0 0
cpu22 748551 73 58839 505037638 3489591 9657 8241 0 0 0
cpu23 1376707 340 54185 504000588 3903256 10914 5990 0 0 0
intr 3818871615 22 0 0 0 0 0 0 0 0 0 0 0 0 0 0 0 8 0 0 0 0 0 0 0 0 0 0 0 1 0 1 1 1 1 0 0 0 0 37 0 0 0 0 0 0 0 0 0 0 0 0 0 0 0 0 0 0 0 0 0 0 0 0 0 2953 1 170713865 161748480 166811739 394067149 95192 763667 144681 105968 227293 183268 85814 592423 124954 90501 70991 165728 77131 286673 93982 81288 104920 73686 74665 600124 173463 100621 70977 80880 30004 0 0 0 0 0 0 2 0 2 2 2 2 2 2 35 2 207 2 0 0 0 0 0 0 0 0 0 0 0 0 0 0 0 0 0 0 0 0 0 0 0 0 0 0 0 0 0 0 0 0 0 0 0 0 0 0 0 0 0 0 0 0 0 0 0 0 0 0 0 0 0 0 0 0 0 0 0 0 0 0 0 0 0 0 0 0 0 0 0 0 0 0 0 0 0 0 0 0 0 0 0 0 0 0 0 0 0 0 0 0 0 0 0 0 0 0 0 0 0 0 0 0 0 0 0 0 0 0 0 0 0 0 0 0 0 0 0 0 0 0 0 0 0 0 0 0 0 0 0 0 0 0 0 0 0 0 0 0 0 0 0 0 0 0 0 0 0 0 0 0 0 0 0 0 0 0 0 0 0 0 0 0 0 0 0 0 0 0 0 0 0 0 0 0 0 0 0 0 0 0 0 0 0 0 0 0 0 0 0 0 0 0 0 0 0 0 0 0 0 0 0 0 0 0 0 0 0 0 0 0 0 0 0 0 0 0 0 0 0 0 0 0 0 0 0 0 0 0 0 0 0 0 0 0 0 0 0 0 0 0 0 0 0 0 0 0 0 0 0 0 0 0 0 0 0 0 0 0 0 0 0 0 0 0 0 0 0 0 0 0 0 0 0 0 0 0 0 0 0 0 0 0 0 0 0 0 0 0 0 0 0 0 0 0 0 0 0 0 0 0 0 0 0 0 0 0 0 0 0 0 0 0 0 0 0 0 0 0 0 0 0 0 0 0 0 0 0 0 0 0 0 0 0 0 0 0 0 0 0 0 0 0 0 0 0 0 0 0 0 0 0 0 0 0 0 0 0 0 0 0 0 0 0 0 0 0 0 0 0 0 0 0 0 0 0 0 0 0 0 0 0 0 0 0 0 0 0 0 0 0 0 0 0 0 0 0 0 0 0 0 0 0 0 0 0 0 0 0 0 0 0 0 0 0 0 0 0 0 0 0 0 0 0 0 0 0 0 0 0 0 0 0 0 0 0 0 0 0 0 0 0 0 0 0 0 0 0 0 0 0 0 0 0 0 0 0 0 0 0 0 0 0 0 0 0 0 0 0 0 0 0 0 0 0 0 0 0 0 0 0 0 0 0 0 0 0 0 0 0 0 0 0 0 0 0 0 0 0 0 0 0 0 0 0 0 0 0 0 0 0 0 0 0 0 0 0 0 0 0 0 0 0 0 0 0 0 0 0 0 0 0 0 0 0 0 0 0 0 0 0 0 0 0 0 0 0 0 0 0 0 0 0 0 0 0 0 0 0 0 0 0 0 0 0 0 0 0 0 0 0 0 0 0 0 0 0 0 0 0 0 0 0 0 0 0 0 0 0 0 0 0 0 0 0 0 0 0 0 0 0 0 0 0 0 0 0 0 0 0 0 0 0 0 0 0 0 0 0 0 0 0 0 0 0 0 0 0 0 0 0 0 0 0 0 0 0 0 0 0 0 0 0 0 0 0 0 0 0 0 0 0 0 0 0 0 0 0 0 0 0 0 0 0 0 0 0 0 0 0 0 0 0 0 0 0 0 0 0 0 0 0 0 0 0 0 0 0 0 0 0 0 0 0 0 0 0 0 0 0 0 0 0 0 0 0 0 0 0 0 0 0 0 0 0 0 0 0 0 0 0 0 0 0 0 0 0 0 0 0 0 0 0 0 0 0 0 0 0 0 0 0 0 0 0 0 0 0 0 0 0 0 0 0 0 0 0 0 0 0 0 0 0 0 0 0 0 0 0 0 0 0 0 0 0 0 0 0 0 0 0 0 0 0 0 0 0 0 0 0 0 0 0 0 0 0 0 0 0 0 0 0 0 0 0 0 0 0 0 0 0 0 0 0 0 0 0 0 0 0 0 0 0 0 0 0 0 0 0 0 0 0 0 0 0 0 0 0 0 0 0 0 0 0 0 0 0 0 0 0 0 0 0 0 0 0 0 0 0 0 0 0 0 0 0 0 0 0 0 0 0 0 0 0 0 0 0 0 0 0 0 0 0 0 0 0 0 0 0 0 0 0 0 0 0 0 0 0 0 0 0 0 0 0 0 0 0 0 0 0 0 0 0 0 0 0 0 0 0 0 0 0 0 0 0 0 0 0 0 0 0 0 0 0 0 0 0 0 0 0 0 0 0 0 0 0 0 0 0 0 0 0 0 0 0 0 0 0 0 0 0 0 0 0 0 0 0 0 0 0 0 0 0 0 0 0 0 0 0 0 0 0 0 0 0 0 0 0 0 0 0 0 0 0 0 0 0 0 0 0 0 0 0 0 0 0 0 0 0 0 0 0 0 0 0 0 0 0 0 0 0 0 0 0 0 0 0 0 0 0 0 0 0 0 0 0 0 0 0 0 0 0 0 0 0 0
ctxt 3868805636
btime 1783935075
processes 5444547
procs_running 1
procs_blocked 0
softirq 2900155374 204 325003812 1708627 918832822 33214 0 7721805 927910559 399464 718544867

/proc/meminfo
MemTotal:       32273192 kB
MemFree:         1533312 kB
MemAvailable:   23053920 kB
Buffers:               0 kB
Cached:         21009968 kB
SwapCached:        15520 kB
Active:         15861544 kB
Inactive:       12584428 kB
Active(anon):    6930976 kB
Inactive(anon):   552376 kB
Active(file):    8930568 kB
Inactive(file): 12032052 kB
Unevictable:           0 kB
Mlocked:               0 kB
SwapTotal:      67108860 kB
SwapFree:       63106556 kB
Zswap:                 0 kB
Zswapped:              0 kB
Dirty:                32 kB
Writeback:             0 kB
AnonPages:       7405896 kB
Mapped:           282328 kB
Shmem:             47772 kB
KReclaimable:    1027208 kB
Slab:            1465228 kB
SReclaimable:    1027208 kB
SUnreclaim:       438020 kB
KernelStack:       34048 kB
PageTables:        45056 kB
SecPageTables:      4112 kB
NFS_Unstable:          0 kB
Bounce:                0 kB
WritebackTmp:          0 kB
CommitLimit:    83245456 kB
Committed_AS:   17835492 kB
VmallocTotal:   34359738367 kB
VmallocUsed:      229756 kB
VmallocChunk:          0 kB
Percpu:            21216 kB
HardwareCorrupted:     0 kB
AnonHugePages:   1359872 kB
ShmemHugePages:        0 kB
ShmemPmdMapped:        0 kB
FileHugePages:         0 kB
FilePmdMapped:         0 kB
CmaTotal:              0 kB
CmaFree:               0 kB
Unaccepted:            0 kB
HugePages_Total:       0
HugePages_Free:        0
HugePages_Rsvd:        0
HugePages_Surp:        0
Hugepagesize:       2048 kB
Hugetlb:               0 kB
DirectMap4k:      389980 kB
DirectMap2M:     5574656 kB
DirectMap1G:    27262976 kB

