/proc/loadavg
2.55 2.12 1.83 1/2096 44

/proc/stat
cpu  119457168 86936 3736888 11901991525 195228378 904250 1420663 0 0 0
cpu0 41252365 53 89038 463409691 4315204 72730 145785 0 0 0
cpu1 7245941 38258 741309 474647697 26150565 117364 156585 0 0 0
cpu2 5488939 307 162566 489778624 13793964 40690 27879 0 0 0
cpu3 4747343 101 89220 495309402 9121364 26291 15397 0 0 0
cpu4 5152932 1389 235907 486691491 17044935 52273 45789 0 0 0
cpu5 5088625 58 87967 495482124 8600215 28757 15170 0 0 0
cpu6 4940430 76 63778 499424888 4842717 23695 24423 0 0 0
cpu7 10434531 22861 650051 474634203 23278013 105306 72589 0 0 0
cpu8 5087017 126 114761 493757336 10261067 38504 36712 0 0 0
cpu9 4984841 60 69500 499117668 5102160 24476 17782 0 0 0
cpu10 4966715 42 65281 500722602 3473300 24566 70932 0 0 0
cpu11 4717455 575 200526 492046292 12118603 56729 98106 0 0 0
cpu12 1716474 39 47574 502990109 4532980 14377 19611 0 0 0
cpu13 2179658 11035 350466 498830942 7824752 33669 22547 0 0 0
cpu14 804826 232 54089 503190173 5226357 14003 13014 0 0 0
cpu15 1037752 59 45013 503931923 4299962 9991 7503 0 0 0
cpu16 1058141 291 53436 504684158 3516671 10305 6136 0 0 0
cpu17 677425 106 57238 505014828 3356301 43827 157923 0 0 0
cpu18 803900 52 59419 504727165 3609269 22984 99786 0 0 0
cpu19 3477307 10449 255290 497262672 8152408 48236 39763 0 0 0
cpu20 711893 204 54932 503452738 4942737 34278 57151 0 0 0
cpu21 757473 140 76511 503893743 4271996 40619 255840 0 0 0
cpu22 748529 73 58833 505014036 3489570 9656 8239 0 0 0
cpu23 1376644 340 54172 503977011 3903256 10912 5990 0 0 0
intr 3818275736 22 0 0 0 0 0 0 0 0 0 0 0 0 0 0 0 8 0 0 0 0 0 0 0 0 0 0 0 1 0 1 1 1 1 0 0 0 0 37 0 0 0 0 0 0 0 0 0 0 0 0 0 0 0 0 0 0 0 0 0 0 0 0 0 2953 1 170701473 161747568 166809918 394036546 95191 763667 144681 105967 227257 183251 85780 592423 124954 90501 70991 165728 77129 286663 93982 81287 104918 73685 74664 600096 173462 100621 70966 80880 30004 0 0 0 0 0 0 2 0 2 2 2 2 2 2 35 2 207 2 0 0 0 0 0 0 0 0 0 0 0 0 0 0 0 0 0 0 0 0 0 0 0 0 0 0 0 0 0 0 0 0 0 0 0 0 0 0 0 0 0 0 0 0 0 0 0 0 0 0 0 0 0 0 0 0 0 0 0 0 0 0 0 0 0 0 0 0 0 0 0 0 0 0 0 0 0 0 0 0 0 0 0 0 0 0 0 0 0 0 0 0 0 0 0 0 0 0 0 0 0 0 0 0 0 0 0 0 0 0 0 0 0 0 0 0 0 0 0 0 0 0 0 0 0 0 0 0 0 0 0 0 0 0 0 0 0 0 0 0 0 0 0 0 0 0 0 0 0 0 0 0 0 0 0 0 0 0 0 0 0 0 0 0 0 0 0 0 0 0 0 0 0 0 0 0 0 0 0 0 0 0 0 0 0 0 0 0 0 0 0 0 0 0 0 0 0 0 0 0 0 0 0 0 0 0 0 0 0 0 0 0 0 0 0 0 0 0 0 0 0 0 0 0 0 0 0 0 0 0 0 0 0 0 0 0 0 0 0 0 0 0 0 0 0 0 0 0 0 0 0 0 0 0 0 0 0 0 0 0 0 0 0 0 0 0 0 0 0 0 0 0 0 0 0 0 0 0 0 0 0 0 0 0 0 0 0 0 0 0 0 0 0 0 0 0 0 0 0 0 0 0 0 0 0 0 0 0 0 0 0 0 0 0 0 0 0 0 0 0 0 0 0 0 0 0 0 0 0 0 0 0 0 0 0 0 0 0 0 0 0 0 0 0 0 0 0 0 0 0 0 0 0 0 0 0 0 0 0 0 0 0 0 0 0 0 0 0 0 0 0 0 0 0 0 0 0 0 0 0 0 0 0 0 0 0 0 0 0 0 0 0 0 0 0 0 0 0 0 0 0 0 0 0 0 0 0 0 0 0 0 0 0 0 0 0 0 0 0 0 0 0 0 0 0 0 0 0 0 0 0 0 0 0 0 0 0 0 0 0 0 0 0 0 0 0 0 0 0 0 0 0 0 0 0 0 0 0 0 0 0 0 0 0 0 0 0 0 0 0 0 0 0 0 0 0 0 0 0 0 0 0 0 0 0 0 0 0 0 0 0 0 0 0 0 0 0 0 0 0 0 0 0 0 0 0 0 0 0 0 0 0 0 0 0 0 0 0 0 0 0 0 0 0 0 0 0 0 0 0 0 0 0 0 0 0 0 0 0 0 0 0 0 0 0 0 0 0 0 0 0 0 0 0 0 0 0 0 0 0 0 0 0 0 0 0 0 0 0 0 0 0 0 0 0 0 0 0 0 0 0 0 0 0 0 0 0 0 0 0 0 0 0 0 0 0 0 0 0 0 0 0 0 0 0 0 0 0 0 0 0 0 0 0 0 0 0 0 0 0 0 0 0 0 0 0 0 0 0 0 0 0 0 0 0 0 0 0 0 0 0 0 0 0 0 0 0 0 0 0 0 0 0 0 0 0 0 0 0 0 0 0 0 0 0 0 0 0 0 0 0 0 0 0 0 0 0 0 0 0 0 0 0 0 0 0 0 0 0 0 0 0 0 0 0 0 0 0 0 0 0 0 0 0 0 0 0 0 0 0 0 0 0 0 0 0 0 0 0 0 0 0 0 0 0 0 0 0 0 0 0 0 0 0 0 0 0 0 0 0 0 0 0 0 0 0 0 0 0 0 0 0 0 0 0 0 0 0 0 0 0 0 0 0 0 0 0 0 0 0 0 0 0 0 0 0 0 0 0 0 0 0 0 0 0 0 0 0 0 0 0 0 0 0 0 0 0 0 0 0 0 0 0 0 0 0 0 0 0 0 0 0 0 0 0 0 0 0 0 0 0 0 0 0 0 0 0 0 0 0 0 0 0 0 0 0 0 0 0 0 0 0 0 0 0 0 0 0 0 0 0 0 0 0 0 0 0 0 0 0 0 0 0 0 0 0 0 0 0 0 0 0 0 0 0 0 0 0 0 0 0 0 0 0 0 0 0 0 0 0 0 0 0 0 0 0 0 0 0 0 0 0 0 0 0 0 0 0 0 0 0 0 0 0 0 0 0 0 0 0 0 0 0 0 0 0 0 0 0 0 0 0 0 0 0 0 0 0 0 0 0 0 0 0 0 0 0 0 0 0 0 0 0 0 0 0 0 0 0 0 0 0 0 0 0 0 0 0 0 0 0 0 0 0 0 0 0 0 0 0 0 0 0 0 0 0 0 0 0 0 0 0 0 0 0 0 0 0 0 0 0 0 0 0 0 0 0 0 0 0 0 0 0 0 0 0 0 0 0 0 0 0 0 0 0 0 0 0 0 0 0 0 0 0 0 0 0 0 0 0 0 0 0 0 0 0 0
ctxt 3868468195
btime 1783935075
processes 5444146
procs_running 1
procs_blocked 0
softirq 2899830163 204 324985478 1707550 918785338 33214 0 7720348 927700526 399464 718498041

/proc/meminfo
MemTotal:       32273192 kB
MemFree:         1638076 kB
MemAvailable:   23116420 kB
Buffers:               0 kB
Cached:         20967768 kB
SwapCached:        15520 kB
Active:         15776472 kB
Inactive:       12543352 kB
Active(anon):    6847060 kB
Inactive(anon):   552376 kB
Active(file):    8929412 kB
Inactive(file): 11990976 kB
Unevictable:           0 kB
Mlocked:               0 kB
SwapTotal:      67108860 kB
SwapFree:       63106556 kB
Zswap:                 0 kB
Zswapped:              0 kB
Dirty:                96 kB
Writeback:             0 kB
AnonPages:       7322044 kB
Mapped:           282372 kB
Shmem:             47772 kB
KReclaimable:    1027176 kB
Slab:            1465036 kB
SReclaimable:    1027176 kB
SUnreclaim:       437860 kB
KernelStack:       34016 kB
PageTables:        44960 kB
SecPageTables:      4112 kB
NFS_Unstable:          0 kB
Bounce:                0 kB
WritebackTmp:          0 kB
CommitLimit:    83245456 kB
Committed_AS:   17771464 kB
VmallocTotal:   34359738367 kB
VmallocUsed:      229660 kB
VmallocChunk:          0 kB
Percpu:            21216 kB
HardwareCorrupted:     0 kB
AnonHugePages:   1345536 kB
ShmemHugePages:        0 kB
ShmemPmdMapped:        0 kB
FileHugePages:         0 kB
FilePmdMapped:         0 kB
CmaTotal:              0 kB
CmaFree:               0 kB
Unaccepted:            0 kB
HugePages_Total:       0
HugePages_Free:        0
HugePages_Rsvd:        0
HugePages_Surp:        0
Hugepagesize:       2048 kB
Hugetlb:               0 kB
DirectMap4k:      389980 kB
DirectMap2M:     5574656 kB
DirectMap1G:    27262976 kB

