/proc/loadavg
3.65 2.77 2.18 1/2105 124

/proc/stat
cpu  119519147 86936 3737507 11902722458 195228795 904418 1420832 0 0 0
cpu0 41255027 53 89378 463439512 4315346 72739 145886 0 0 0
cpu1 7245984 38258 741321 474680675 26150611 117366 156597 0 0 0
cpu2 5518587 307 162567 489782010 13793964 40753 27880 0 0 0
cpu3 4751514 101 89227 495338301 9121372 26301 15398 0 0 0
cpu4 5157126 1389 235923 486720323 17044977 52285 45791 0 0 0
cpu5 5092792 58 87975 495511034 8600218 28767 15171 0 0 0
cpu6 4944607 76 63781 499453794 4842720 23705 24424 0 0 0
cpu7 10438718 22861 650059 474663081 23278027 105317 72590 0 0 0
cpu8 5091148 126 114762 493786282 10261080 38514 36713 0 0 0
cpu9 4989000 60 69504 499146567 5102188 24485 17782 0 0 0
cpu10 4966752 42 65296 500755639 3473305 24567 70933 0 0 0
cpu11 4717491 575 200545 492079300 12118631 56730 98108 0 0 0
cpu12 1716485 39 47579 503023190 4532981 14378 19611 0 0 0
cpu13 2179683 11035 350505 498863962 7824755 33670 22548 0 0 0
cpu14 804830 232 54092 503223264 5226357 14003 13014 0 0 0
cpu15 1037779 59 45029 503964951 4299985 9993 7503 0 0 0
cpu16 1058173 291 53452 504717193 3516677 10307 6137 0 0 0
cpu17 677444 106 57258 505047864 3356306 43830 157931 0 0 0
cpu18 803904 52 59427 504760242 3609272 22985 99788 0 0 0
cpu19 3477359 10449 255307 497295691 8152412 48237 39764 0 0 0
cpu20 711935 204 54951 503485766 4942743 34280 57151 0 0 0
cpu21 757487 140 76520 503926779 4272002 40623 255870 0 0 0
cpu22 748554 73 58842 505047066 3489595 9658 8241 0 0 0
cpu23 1376759 340 54197 504009959 3903258 10914 5990 0 0 0
intr 3819176184 22 0 0 0 0 0 0 0 0 0 0 0 0 0 0 0 8 0 0 0 0 0 0 0 0 0 0 0 1 0 1 1 1 1 0 0 0 0 37 0 0 0 0 0 0 0 0 0 0 0 0 0 0 0 0 0 0 0 0 0 0 0 0 0 2953 1 170719782 161748926 166812323 394080458 95192 763667 144681 105968 227311 183278 85833 592423 124954 90501 70992 165728 77131 286676 93982 81288 104921 73686 74665 600132 173464 100622 70981 80880 30004 0 0 0 0 0 0 2 0 2 2 2 2 2 2 35 2 207 2 0 0 0 0 0 0 0 0 0 0 0 0 0 0 0 0 0 0 0 0 0 0 0 0 0 0 0 0 0 0 0 0 0 0 0 0 0 0 0 0 0 0 0 0 0 0 0 0 0 0 0 0 0 0 0 0 0 0 0 0 0 0 0 0 0 0 0 0 0 0 0 0 0 0 0 0 0 0 0 0 0 0 0 0 0 0 0 0 0 0 0 0 0 0 0 0 0 0 0 0 0 0 0 0 0 0 0 0 0 0 0 0 0 0 0 0 0 0 0 0 0 0 0 0 0 0 0 0 0 0 0 0 0 0 0 0 0 0 0 0 0 0 0 0 0 0 0 0 0 0 0 0 0 0 0 0 0 0 0 0 0 0 0 0 0 0 0 0 0 0 0 0 0 0 0 0 0 0 0 0 0 0 0 0 0 0 0 0 0 0 0 0 0 0 0 0 0 0 0 0 0 0 0 0 0 0 0 0 0 0 0 0 0 0 0 0 0 0 0 0 0 0 0 0 0 0 0 0 0 0 0 0 0 0 0 0 0 0 0 0 0 0 0 0 0 0 0 0 0 0 0 0 0 0 0 0 0 0 0 0 0 0 0 0 0 0 0 0 0 0 0 0 0 0 0 0 0 0 0 0 0 0 0 0 0 0 0 0 0 0 0 0 0 0 0 0 0 0 0 0 0 0 0 0 0 0 0 0 0 0 0 0 0 0 0 0 0 0 0 0 0 0 0 0 0 0 0 0 0 0 0 0 0 0 0 0 0 0 0 0 0 0 0 0 0 0 0 0 0 0 0 0 0 0 0 0 0 0 0 0 0 0 0 0 0 0 0 0 0 0 0 0 0 0 0 0 0 0 0 0 0 0 0 0 0 0 0 0 0 0 0 0 0 0 0 0 0 0 0 0 0 0 0 0 0 0 0 0 0 0 0 0 0 0 0 0 0 0 0 0 0 0 0 0 0 0 0 0 0 0 0 0 0 0 0 0 0 0 0 0 0 0 0 0 0 0 0 0 0 0 0 0 0 0 0 0 0 0 0 0 0 0 0 0 0 0 0 0 0 0 0 0 0 0 0 0 0 0 0 0 0 0 0 0 0 0 0 0 0 0 0 0 0 0 0 0 0 0 0 0 0 0 0 0 0 0 0 0 0 0 0 0 0 0 0 0 0 0 0 0 0 0 0 0 0 0 0 0 0 0 0 0 0 0 0 0 0 0 0 0 0 0 0 0 0 0 0 0 0 0 0 0 0 0 0 0 0 0 0 0 0 0 0 0 0 0 0 0 0 0 0 0 0 0 0 0 0 0 0 0 0 0 0 0 0 0 0 0 0 0 0 0 0 0 0 0 0 0 0 0 0 0 0 0 0 0 0 0 0 0 0 0 0 0 0 0 0 0 0 0 0 0 0 0 0 0 0 0 0 0 0 0 0 0 0 0 0 0 0 0 0 0 0 0 0 0 0 0 0 0 0 0 0 0 0 0 0 0 0 0 0 0 0 0 0 0 0 0 0 0 0 0 0 0 0 0 0 0 0 0 0 0 0 0 0 0 0 0 0 0 0 0 0 0 0 0 0 0 0 0 0 0 0 0 0 0 0 0 0 0 0 0 0 0 0 0 0 0 0 0 0 0 0 0 0 0 0 0 0 0 0 0 0 0 0 0 0 0 0 0 0 0 0 0 0 0 0 0 0 0 0 0 0 0 0 0 0 0 0 0 0 0 0 0 0 0 0 0 0 0 0 0 0 0 0 0 0 0 0 0 0 0 0 0 0 0 0 0 0 0 0 0 0 0 0 0 0 0 0 0 0 0 0 0 0 0 0 0 0 0 0 0 0 0 0 0 0 0 0 0 0 0 0 0 0 0 0 0 0 0 0 0 0 0 0 0 0 0 0 0 0 0 0 0 0 0 0 0 0 0 0 0 0 0 0 0 0 0 0 0 0 0 0 0 0 0 0 0 0 0 0 0 0 0 0 0 0 0 0 0 0 0 0 0 0 0 0 0 0 0 0 0 0 0 0 0 0 0 0 0 0 0 0 0 0 0 0 0 0 0 0 0 0 0 0 0 0 0 0 0 0 0 0 0 0 0 0 0 0 0 0 0 0 0 0 0 0 0 0 0 0 0 0 0 0 0 0 0 0 0 0 0 0 0 0 0 0 0 0 0 0 0 0 0 0 0 0 0 0 0 0 0 0 0 0 0 0 0 0 0 0 0 0 0 0 0 0 0 0 0 0 0 0 0 0 0 0 0 0 0 0 0 0 0 0 0 0 0 0 0 0 0 0 0 0 0 0 0 0 0 0 0 0 0 0 0 0 0 0 0 0 0 0 0 0 0 0 0 0 0 0 0 0 0 0 0 0
ctxt 3868932361
btime 1783935075
processes 5444654
procs_running 1
procs_blocked 0
softirq 2900298387 204 325011774 1709140 918853460 33214 0 7722627 927994857 399464 718573647

/proc/meminfo
MemTotal:       32273192 kB
MemFree:         1470676 kB
MemAvailable:   23016508 kB
Buffers:               0 kB
Cached:         21035192 kB
SwapCached:        15520 kB
Active:         15862788 kB
Inactive:       12609652 kB
Active(anon):    6932252 kB
Inactive(anon):   552376 kB
Active(file):    8930536 kB
Inactive(file): 12057276 kB
Unevictable:           0 kB
Mlocked:               0 kB
SwapTotal:      67108860 kB
SwapFree:       63106556 kB
Zswap:                 0 kB
Zswapped:              0 kB
Dirty:                64 kB
Writeback:             0 kB
AnonPages:       7407136 kB
Mapped:           282352 kB
Shmem:             47772 kB
KReclaimable:    1027240 kB
Slab:            1465240 kB
SReclaimable:    1027240 kB
SUnreclaim:       438000 kB
KernelStack:       34160 kB
PageTables:        45068 kB
SecPageTables:      4112 kB
NFS_Unstable:          0 kB
Bounce:                0 kB
WritebackTmp:          0 kB
CommitLimit:    83245456 kB
Committed_AS:   17871580 kB
VmallocTotal:   34359738367 kB
VmallocUsed:      229740 kB
VmallocChunk:          0 kB
Percpu:            21216 kB
HardwareCorrupted:     0 kB
AnonHugePages:   1359872 kB
ShmemHugePages:        0 kB
ShmemPmdMapped:        0 kB
FileHugePages:         0 kB
FilePmdMapped:         0 kB
CmaTotal:              0 kB
CmaFree:               0 kB
Unaccepted:            0 kB
HugePages_Total:       0
HugePages_Free:        0
HugePages_Rsvd:        0
HugePages_Surp:        0
Hugepagesize:       2048 kB
Hugetlb:               0 kB
DirectMap4k:      389980 kB
DirectMap2M:     5574656 kB
DirectMap1G:    27262976 kB

