/proc/loadavg
3.28 2.59 2.08 1/2105 98

/proc/stat
cpu  119500872 86936 3737356 11902531050 195228679 904369 1420787 0 0 0
cpu0 41254235 53 89281 463431729 4315299 72737 145860 0 0 0
cpu1 7245978 38258 741319 474671953 26150594 117366 156593 0 0 0
cpu2 5510843 307 162567 489781017 13793964 40736 27880 0 0 0
cpu3 4750138 101 89225 495330930 9121372 26298 15398 0 0 0
cpu4 5155746 1389 235921 486712969 17044964 52281 45790 0 0 0
cpu5 5091421 58 87974 495503657 8600217 28764 15171 0 0 0
cpu6 4943227 76 63779 499446429 4842718 23701 24424 0 0 0
cpu7 10437341 22861 650057 474655710 23278026 105314 72590 0 0 0
cpu8 5089782 126 114762 493778902 10261075 38511 36712 0 0 0
cpu9 4987630 60 69504 499139187 5102188 24482 17782 0 0 0
cpu10 4966749 42 65294 500746894 3473305 24567 70933 0 0 0
cpu11 4717487 575 200543 492070567 12118617 56730 98107 0 0 0
cpu12 1716484 39 47579 503014440 4532980 14378 19611 0 0 0
cpu13 2179682 11035 350501 498855216 7824755 33670 22547 0 0 0
cpu14 804829 232 54091 503214512 5226357 14003 13014 0 0 0
cpu15 1037768 59 45025 503956215 4299985 9992 7503 0 0 0
cpu16 1058161 291 53447 504708467 3516671 10306 6137 0 0 0
cpu17 677442 106 57255 505039123 3356304 43829 157928 0 0 0
cpu18 803903 52 59426 504751492 3609272 22985 99787 0 0 0
cpu19 3477355 10449 255306 497286945 8152412 48237 39764 0 0 0
cpu20 711920 204 54945 503477039 4942740 34279 57151 0 0 0
cpu21 757476 140 76517 503918052 4271999 40622 255862 0 0 0
cpu22 748551 73 58840 505038323 3489594 9658 8241 0 0 0
cpu23 1376711 340 54187 504001269 3903258 10914 5990 0 0 0
intr 3818918603 22 0 0 0 0 0 0 0 0 0 0 0 0 0 0 0 8 0 0 0 0 0 0 0 0 0 0 0 1 0 1 1 1 1 0 0 0 0 37 0 0 0 0 0 0 0 0 0 0 0 0 0 0 0 0 0 0 0 0 0 0 0 0 0 2953 1 170714523 161748525 166811801 394068315 95192 763667 144681 105968 227293 183268 85814 592423 124954 90501 70991 165728 77131 286673 93982 81288 104920 73686 74665 600126 173463 100621 70979 80880 30004 0 0 0 0 0 0 2 0 2 2 2 2 2 2 35 2 207 2 0 0 0 0 0 0 0 0 0 0 0 0 0 0 0 0 0 0 0 0 0 0 0 0 0 0 0 0 0 0 0 0 0 0 0 0 0 0 0 0 0 0 0 0 0 0 0 0 0 0 0 0 0 0 0 0 0 0 0 0 0 0 0 0 0 0 0 0 0 0 0 0 0 0 0 0 0 0 0 0 0 0 0 0 0 0 0 0 0 0 0 0 0 0 0 0 0 0 0 0 0 0 0 0 0 0 0 0 0 0 0 0 0 0 0 0 0 0 0 0 0 0 0 0 0 0 0 0 0 0 0 0 0 0 0 0 0 0 0 0 0 0 0 0 0 0 0 0 0 0 0 0 0 0 0 0 0 0 0 0 0 0 0 0 0 0 0 0 0 0 0 0 0 0 0 0 0 0 0 0 0 0 0 0 0 0 0 0 0 0 0 0 0 0 0 0 0 0 0 0 0 0 0 0 0 0 0 0 0 0 0 0 0 0 0 0 0 0 0 0 0 0 0 0 0 0 0 0 0 0 0 0 0 0 0 0 0 0 0 0 0 0 0 0 0 0 0 0 0 0 0 0 0 0 0 0 0 0 0 0 0 0 0 0 0 0 0 0 0 0 0 0 0 0 0 0 0 0 0 0 0 0 0 0 0 0 0 0 0 0 0 0 0 0 0 0 0 0 0 0 0 0 0 0 0 0 0 0 0 0 0 0 0 0 0 0 0 0 0 0 0 0 0 0 0 0 0 0 0 0 0 0 0 0 0 0 0 0 0 0 0 0 0 0 0 0 0 0 0 0 0 0 0 0 0 0 0 0 0 0 0 0 0 0 0 0 0 0 0 0 0 0 0 0 0 0 0 0 0 0 0 0 0 0 0 0 0 0 0 0 0 0 0 0 0 0 0 0 0 0 0 0 0 0 0 0 0 0 0 0 0 0 0 0 0 0 0 0 0 0 0 0 0 0 0 0 0 0 0 0 0 0 0 0 0 0 0 0 0 0 0 0 0 0 0 0 0 0 0 0 0 0 0 0 0 0 0 0 0 0 0 0 0 0 0 0 0 0 0 0 0 0 0 0 0 0 0 0 0 0 0 0 0 0 0 0 0 0 0 0 0 0 0 0 0 0 0 0 0 0 0 0 0 0 0 0 0 0 0 0 0 0 0 0 0 0 0 0 0 0 0 0 0 0 0 0 0 0 0 0 0 0 0 0 0 0 0 0 0 0 0 0 0 0 0 0 0 0 0 0 0 0 0 0 0 0 0 0 0 0 0 0 0 0 0 0 0 0 0 0 0 0 0 0 0 0 0 0 0 0 0 0 0 0 0 0 0 0 0 0 0 0 0 0 0 0 0 0 0 0 0 0 0 0 0 0 0 0 0 0 0 0 0 0 0 0 0 0 0 0 0 0 0 0 0 0 0 0 0 0 0 0 0 0 0 0 0 0 0 0 0 0 0 0 0 0 0 0 0 0 0 0 0 0 0 0 0 0 0 0 0 0 0 0 0 0 0 0 0 0 0 0 0 0 0 0 0 0 0 0 0 0 0 0 0 0 0 0 0 0 0 0 0 0 0 0 0 0 0 0 0 0 0 0 0 0 0 0 0 0 0 0 0 0 0 0 0 0 0 0 0 0 0 0 0 0 0 0 0 0 0 0 0 0 0 0 0 0 0 0 0 0 0 0 0 0 0 0 0 0 0 0 0 0 0 0 0 0 0 0 0 0 0 0 0 0 0 0 0 0 0 0 0 0 0 0 0 0 0 0 0 0 0 0 0 0 0 0 0 0 0 0 0 0 0 0 0 0 0 0 0 0 0 0 0 0 0 0 0 0 0 0 0 0 0 0 0 0 0 0 0 0 0 0 0 0 0 0 0 0 0 0 0 0 0 0 0 0 0 0 0 0 0 0 0 0 0 0 0 0 0 0 0 0 0 0 0 0 0 0 0 0 0 0 0 0 0 0 0 0 0 0 0 0 0 0 0 0 0 0 0 0 0 0 0 0 0 0 0 0 0 0 0 0 0 0 0 0 0 0 0 0 0 0 0 0 0 0 0 0 0 0 0 0 0 0 0 0 0 0 0 0 0 0 0 0 0 0 0 0 0 0 0 0 0 0 0 0 0 0 0 0 0 0 0 0 0 0 0 0 0 0 0 0 0 0 0 0 0 0 0 0 0 0 0 0 0 0 0 0 0 0 0 0 0 0 0 0 0 0 0 0 0 0 0 0 0 0 0 0 0 0 0 0 0 0 0 0 0 0 0 0 0 0 0 0 0 0 0 0 0 0 0 0 0 0 0 0 0 0 0 0 0 0 0 0 0 0 0 0 0 0 0 0 0 0 0 0 0 0 0 0 0 0 0 0 0
ctxt 3868816299
btime 1783935075
processes 5444566
procs_running 1
procs_blocked 0
softirq 2900167889 204 325004437 1708701 918834792 33214 0 7721884 927916823 399464 718548370

/proc/meminfo
MemTotal:       32273192 kB
MemFree:         1522700 kB
MemAvailable:   23047472 kB
Buffers:               0 kB
Cached:         21014168 kB
SwapCached:        15520 kB
Active:         15860540 kB
Inactive:       12588624 kB
Active(anon):    6930004 kB
Inactive(anon):   552376 kB
Active(file):    8930536 kB
Inactive(file): 12036248 kB
Unevictable:           0 kB
Mlocked:               0 kB
SwapTotal:      67108860 kB
SwapFree:       63106556 kB
Zswap:                 0 kB
Zswapped:              0 kB
Dirty:               356 kB
Writeback:             0 kB
AnonPages:       7404956 kB
Mapped:           282328 kB
Shmem:             47772 kB
KReclaimable:    1027208 kB
Slab:            1465184 kB
SReclaimable:    1027208 kB
SUnreclaim:       437976 kB
KernelStack:       34176 kB
PageTables:        45056 kB
SecPageTables:      4112 kB
NFS_Unstable:          0 kB
Bounce:                0 kB
WritebackTmp:          0 kB
CommitLimit:    83245456 kB
Committed_AS:   17851496 kB
VmallocTotal:   34359738367 kB
VmallocUsed:      229788 kB
VmallocChunk:          0 kB
Percpu:            21216 kB
HardwareCorrupted:     0 kB
AnonHugePages:   1359872 kB
ShmemHugePages:        0 kB
ShmemPmdMapped:        0 kB
FileHugePages:         0 kB
FilePmdMapped:         0 kB
CmaTotal:              0 kB
CmaFree:               0 kB
Unaccepted:            0 kB
HugePages_Total:       0
HugePages_Free:        0
HugePages_Rsvd:        0
HugePages_Surp:        0
Hugepagesize:       2048 kB
Hugetlb:               0 kB
DirectMap4k:      389980 kB
DirectMap2M:     5574656 kB
DirectMap1G:    27262976 kB

