unix_ns 1788872933714921771
/proc/loadavg
2.75 1.63 1.34 1/2108 35

/proc/stat
cpu  115946415 83897 3611918 11542438260 184937996 870129 1376726 0 0 0
cpu0 41118166 44 83375 448334102 3973654 71854 139207 0 0 0
cpu1 6997109 37155 719151 460860155 24655878 113577 154674 0 0 0
cpu2 5014094 303 157437 475279537 13210757 38551 27112 0 0 0
cpu3 4618375 97 85996 480296524 8702096 25252 14943 0 0 0
cpu4 5020590 1299 228273 471917070 16402609 49670 42949 0 0 0
cpu5 4963736 55 84589 480399102 8247691 27596 14742 0 0 0
cpu6 4818398 70 61128 484264506 4565109 22326 22776 0 0 0
cpu7 10192823 22039 631000 460837876 21779904 101867 70684 0 0 0
cpu8 4963066 125 110733 478700911 9881743 37319 36185 0 0 0
cpu9 4863189 55 66301 483871007 4909612 23401 16966 0 0 0
cpu10 4854701 38 62957 485438588 3306319 23766 70665 0 0 0
cpu11 4600452 519 193492 477058402 11672143 54763 95190 0 0 0
cpu12 1604655 15 45479 487730677 4340931 13622 19381 0 0 0
cpu13 2027389 10613 343202 484174556 7078606 32330 21950 0 0 0
cpu14 692946 221 51845 487953331 5012672 13205 12677 0 0 0
cpu15 926000 56 43121 488807923 3971970 9316 7121 0 0 0
cpu16 945608 283 51142 489485483 3264685 9573 5923 0 0 0
cpu17 569212 93 52573 489692603 3238042 42190 147016 0 0 0
cpu18 692390 30 57262 489443747 3440571 22292 99509 0 0 0
cpu19 3315890 10053 247641 482464296 7560033 46360 38378 0 0 0
cpu20 600042 202 52774 488239114 4708931 32863 55651 0 0 0
cpu21 646351 131 73935 488717579 4003779 39349 249332 0 0 0
cpu22 636836 69 56764 489746777 3305013 8944 7930 0 0 0
cpu23 1264386 320 51735 488724384 3705235 10131 5756 0 0 0
intr 3708708905 22 0 0 0 0 0 0 0 0 0 0 0 0 0 0 0 8 0 0 0 0 0 0 0 0 0 0 0 1 0 1 1 1 1 0 0 0 0 37 0 0 0 0 0 0 0 0 0 0 0 0 0 0 0 0 0 0 0 0 0 0 0 0 0 2865 1 165555903 157975718 162433607 382014219 61824 649587 103571 70271 165999 144670 50322 462453 79643 48243 33143 115753 39277 214698 54535 42616 52656 36792 39573 508260 130773 64760 38073 37839 29654 0 0 0 0 0 0 2 0 2 2 2 2 2 2 35 2 207 2 0 0 0 0 0 0 0 0 0 0 0 0 0 0 0 0 0 0 0 0 0 0 0 0 0 0 0 0 0 0 0 0 0 0 0 0 0 0 0 0 0 0 0 0 0 0 0 0 0 0 0 0 0 0 0 0 0 0 0 0 0 0 0 0 0 0 0 0 0 0 0 0 0 0 0 0 0 0 0 0 0 0 0 0 0 0 0 0 0 0 0 0 0 0 0 0 0 0 0 0 0 0 0 0 0 0 0 0 0 0 0 0 0 0 0 0 0 0 0 0 0 0 0 0 0 0 0 0 0 0 0 0 0 0 0 0 0 0 0 0 0 0 0 0 0 0 0 0 0 0 0 0 0 0 0 0 0 0 0 0 0 0 0 0 0 0 0 0 0 0 0 0 0 0 0 0 0 0 0 0 0 0 0 0 0 0 0 0 0 0 0 0 0 0 0 0 0 0 0 0 0 0 0 0 0 0 0 0 0 0 0 0 0 0 0 0 0 0 0 0 0 0 0 0 0 0 0 0 0 0 0 0 0 0 0 0 0 0 0 0 0 0 0 0 0 0 0 0 0 0 0 0 0 0 0 0 0 0 0 0 0 0 0 0 0 0 0 0 0 0 0 0 0 0 0 0 0 0 0 0 0 0 0 0 0 0 0 0 0 0 0 0 0 0 0 0 0 0 0 0 0 0 0 0 0 0 0 0 0 0 0 0 0 0 0 0 0 0 0 0 0 0 0 0 0 0 0 0 0 0 0 0 0 0 0 0 0 0 0 0 0 0 0 0 0 0 0 0 0 0 0 0 0 0 0 0 0 0 0 0 0 0 0 0 0 0 0 0 0 0 0 0 0 0 0 0 0 0 0 0 0 0 0 0 0 0 0 0 0 0 0 0 0 0 0 0 0 0 0 0 0 0 0 0 0 0 0 0 0 0 0 0 0 0 0 0 0 0 0 0 0 0 0 0 0 0 0 0 0 0 0 0 0 0 0 0 0 0 0 0 0 0 0 0 0 0 0 0 0 0 0 0 0 0 0 0 0 0 0 0 0 0 0 0 0 0 0 0 0 0 0 0 0 0 0 0 0 0 0 0 0 0 0 0 0 0 0 0 0 0 0 0 0 0 0 0 0 0 0 0 0 0 0 0 0 0 0 0 0 0 0 0 0 0 0 0 0 0 0 0 0 0 0 0 0 0 0 0 0 0 0 0 0 0 0 0 0 0 0 0 0 0 0 0 0 0 0 0 0 0 0 0 0 0 0 0 0 0 0 0 0 0 0 0 0 0 0 0 0 0 0 0 0 0 0 0 0 0 0 0 0 0 0 0 0 0 0 0 0 0 0 0 0 0 0 0 0 0 0 0 0 0 0 0 0 0 0 0 0 0 0 0 0 0 0 0 0 0 0 0 0 0 0 0 0 0 0 0 0 0 0 0 0 0 0 0 0 0 0 0 0 0 0 0 0 0 0 0 0 0 0 0 0 0 0 0 0 0 0 0 0 0 0 0 0 0 0 0 0 0 0 0 0 0 0 0 0 0 0 0 0 0 0 0 0 0 0 0 0 0 0 0 0 0 0 0 0 0 0 0 0 0 0 0 0 0 0 0 0 0 0 0 0 0 0 0 0 0 0 0 0 0 0 0 0 0 0 0 0 0 0 0 0 0 0 0 0 0 0 0 0 0 0 0 0 0 0 0 0 0 0 0 0 0 0 0 0 0 0 0 0 0 0 0 0 0 0 0 0 0 0 0 0 0 0 0 0 0 0 0 0 0 0 0 0 0 0 0 0 0 0 0 0 0 0 0 0 0 0 0 0 0 0 0 0 0 0 0 0 0 0 0 0 0 0 0 0 0 0 0 0 0 0 0 0 0 0 0 0 0 0 0 0 0 0 0 0 0 0 0 0 0 0 0 0 0 0 0 0 0 0 0 0 0 0 0 0 0 0 0 0 0 0 0 0 0 0 0 0 0 0 0 0 0 0 0 0 0 0 0 0 0 0 0 0 0 0 0 0 0 0 0 0 0 0 0 0 0 0 0 0 0 0 0 0 0 0 0 0 0 0 0 0 0 0 0 0 0 0 0 0 0 0 0 0 0 0 0 0 0 0 0 0 0 0 0 0 0 0 0 0 0 0 0 0 0 0 0 0 0 0 0 0 0 0 0 0 0 0 0 0 0 0 0 0 0 0 0 0 0 0 0 0 0 0 0 0 0 0 0 0 0 0 0 0 0 0 0 0 0 0 0 0 0 0 0 0 0 0 0 0 0 0 0 0 0 0 0 0 0 0 0 0 0 0 0 0 0 0 0 0 0 0 0 0 0 0 0 0 0 0 0 0 0 0 0 0 0 0 0 0 0 0 0 0 0 0
ctxt 3729417097
btime 1783935075
processes 5333450
procs_running 1
procs_blocked 0
softirq 2823650936 204 316103953 1628997 892939817 32768 0 7324004 906270301 256532 699094360

/proc/meminfo
MemTotal:       32273192 kB
MemFree:         4444652 kB
MemAvailable:   27976920 kB
Buffers:               0 kB
Cached:         21163952 kB
SwapCached:        21664 kB
Active:         22732524 kB
Inactive:         393152 kB
Active(anon):    2162168 kB
Inactive(anon):   134240 kB
Active(file):   20570356 kB
Inactive(file):   258912 kB
Unevictable:           0 kB
Mlocked:               0 kB
SwapTotal:      67108860 kB
SwapFree:       63595004 kB
Zswap:                 0 kB
Zswapped:              0 kB
Dirty:               528 kB
Writeback:             0 kB
AnonPages:       1914728 kB
Mapped:           395488 kB
Shmem:            335956 kB
KReclaimable:    3180412 kB
Slab:            3807508 kB
SReclaimable:    3180412 kB
SUnreclaim:       627096 kB
KernelStack:       34192 kB
PageTables:        34104 kB
SecPageTables:      4112 kB
NFS_Unstable:          0 kB
Bounce:                0 kB
WritebackTmp:          0 kB
CommitLimit:    83245456 kB
Committed_AS:   12259624 kB
VmallocTotal:   34359738367 kB
VmallocUsed:      229900 kB
VmallocChunk:          0 kB
Percpu:            21216 kB
HardwareCorrupted:     0 kB
AnonHugePages:   1105920 kB
ShmemHugePages:        0 kB
ShmemPmdMapped:        0 kB
FileHugePages:         0 kB
FilePmdMapped:         0 kB
CmaTotal:              0 kB
CmaFree:               0 kB
Unaccepted:            0 kB
HugePages_Total:       0
HugePages_Free:        0
HugePages_Rsvd:        0
HugePages_Surp:        0
Hugepagesize:       2048 kB
Hugetlb:               0 kB
DirectMap4k:      389980 kB
DirectMap2M:     5574656 kB
DirectMap1G:    27262976 kB

/sys/devices/system/cpu/cpu2/cpufreq/scaling_cur_freq 1199351

/sys/devices/system/cpu/cpu3/cpufreq/scaling_cur_freq 1197745

/sys/devices/system/cpu/cpu4/cpufreq/scaling_cur_freq 1202628

/sys/devices/system/cpu/cpu5/cpufreq/scaling_cur_freq 1200123

/sys/devices/system/cpu/cpu6/cpufreq/scaling_cur_freq 4302456

/sys/devices/system/cpu/cpu7/cpufreq/scaling_cur_freq 1200000

/sys/devices/system/cpu/cpu8/cpufreq/scaling_cur_freq 1200073

/sys/devices/system/cpu/cpu9/cpufreq/scaling_cur_freq 1200000

