unix_ns 1788873000507267370
/proc/loadavg
2.88 1.89 1.45 1/2110 74

/proc/stat
cpu  115958170 83897 3612219 11542586232 184938162 870161 1376773 0 0 0
cpu0 41119338 44 83590 448339246 3973771 71857 139228 0 0 0
cpu1 6997130 37155 719156 460866788 24655887 113578 154680 0 0 0
cpu2 5018960 303 157439 475281338 13210757 38560 27112 0 0 0
cpu3 4620337 97 85998 480301232 8702099 25255 14943 0 0 0
cpu4 5021561 1299 228279 471922765 16402610 49673 42951 0 0 0
cpu5 4964688 55 84591 480404824 8247693 27599 14742 0 0 0
cpu6 4818824 70 61129 484270753 4565111 22327 22776 0 0 0
cpu7 10193262 22039 631012 460844093 21779911 101868 70685 0 0 0
cpu8 4963489 125 110735 478707165 9881743 37319 36186 0 0 0
cpu9 4863612 55 66302 483877260 4909612 23402 16966 0 0 0
cpu10 4854706 38 62960 485445248 3306328 23767 70665 0 0 0
cpu11 4600461 519 193505 477065055 11672144 54764 95191 0 0 0
cpu12 1604662 15 45484 487737342 4340932 13622 19382 0 0 0
cpu13 2027399 10613 343206 484181216 7078606 32331 21950 0 0 0
cpu14 692951 221 51846 487960001 5012672 13206 12677 0 0 0
cpu15 926001 56 43122 488814594 3971976 9316 7121 0 0 0
cpu16 945612 283 51144 489492157 3264685 9573 5923 0 0 0
cpu17 569214 93 52574 489699273 3238046 42190 147017 0 0 0
cpu18 692391 30 57262 489450424 3440571 22292 99509 0 0 0
cpu19 3315902 10053 247645 482470957 7560033 46361 38378 0 0 0
cpu20 600042 202 52776 488245789 4708931 32863 55651 0 0 0
cpu21 646357 131 73941 488724228 4003783 39351 249343 0 0 0
cpu22 636843 69 56769 489753443 3305013 8944 7930 0 0 0
cpu23 1264413 320 51740 488731030 3705235 10131 5756 0 0 0
intr 3708900035 22 0 0 0 0 0 0 0 0 0 0 0 0 0 0 0 8 0 0 0 0 0 0 0 0 0 0 0 1 0 1 1 1 1 0 0 0 0 37 0 0 0 0 0 0 0 0 0 0 0 0 0 0 0 0 0 0 0 0 0 0 0 0 0 2865 1 165562304 157976505 162435404 382023758 61824 649602 103571 70271 165999 144680 50322 462453 79643 48243 33143 115753 39277 214698 54535 42616 52656 36792 39573 508270 130773 64766 38073 37839 29654 0 0 0 0 0 0 2 0 2 2 2 2 2 2 35 2 207 2 0 0 0 0 0 0 0 0 0 0 0 0 0 0 0 0 0 0 0 0 0 0 0 0 0 0 0 0 0 0 0 0 0 0 0 0 0 0 0 0 0 0 0 0 0 0 0 0 0 0 0 0 0 0 0 0 0 0 0 0 0 0 0 0 0 0 0 0 0 0 0 0 0 0 0 0 0 0 0 0 0 0 0 0 0 0 0 0 0 0 0 0 0 0 0 0 0 0 0 0 0 0 0 0 0 0 0 0 0 0 0 0 0 0 0 0 0 0 0 0 0 0 0 0 0 0 0 0 0 0 0 0 0 0 0 0 0 0 0 0 0 0 0 0 0 0 0 0 0 0 0 0 0 0 0 0 0 0 0 0 0 0 0 0 0 0 0 0 0 0 0 0 0 0 0 0 0 0 0 0 0 0 0 0 0 0 0 0 0 0 0 0 0 0 0 0 0 0 0 0 0 0 0 0 0 0 0 0 0 0 0 0 0 0 0 0 0 0 0 0 0 0 0 0 0 0 0 0 0 0 0 0 0 0 0 0 0 0 0 0 0 0 0 0 0 0 0 0 0 0 0 0 0 0 0 0 0 0 0 0 0 0 0 0 0 0 0 0 0 0 0 0 0 0 0 0 0 0 0 0 0 0 0 0 0 0 0 0 0 0 0 0 0 0 0 0 0 0 0 0 0 0 0 0 0 0 0 0 0 0 0 0 0 0 0 0 0 0 0 0 0 0 0 0 0 0 0 0 0 0 0 0 0 0 0 0 0 0 0 0 0 0 0 0 0 0 0 0 0 0 0 0 0 0 0 0 0 0 0 0 0 0 0 0 0 0 0 0 0 0 0 0 0 0 0 0 0 0 0 0 0 0 0 0 0 0 0 0 0 0 0 0 0 0 0 0 0 0 0 0 0 0 0 0 0 0 0 0 0 0 0 0 0 0 0 0 0 0 0 0 0 0 0 0 0 0 0 0 0 0 0 0 0 0 0 0 0 0 0 0 0 0 0 0 0 0 0 0 0 0 0 0 0 0 0 0 0 0 0 0 0 0 0 0 0 0 0 0 0 0 0 0 0 0 0 0 0 0 0 0 0 0 0 0 0 0 0 0 0 0 0 0 0 0 0 0 0 0 0 0 0 0 0 0 0 0 0 0 0 0 0 0 0 0 0 0 0 0 0 0 0 0 0 0 0 0 0 0 0 0 0 0 0 0 0 0 0 0 0 0 0 0 0 0 0 0 0 0 0 0 0 0 0 0 0 0 0 0 0 0 0 0 0 0 0 0 0 0 0 0 0 0 0 0 0 0 0 0 0 0 0 0 0 0 0 0 0 0 0 0 0 0 0 0 0 0 0 0 0 0 0 0 0 0 0 0 0 0 0 0 0 0 0 0 0 0 0 0 0 0 0 0 0 0 0 0 0 0 0 0 0 0 0 0 0 0 0 0 0 0 0 0 0 0 0 0 0 0 0 0 0 0 0 0 0 0 0 0 0 0 0 0 0 0 0 0 0 0 0 0 0 0 0 0 0 0 0 0 0 0 0 0 0 0 0 0 0 0 0 0 0 0 0 0 0 0 0 0 0 0 0 0 0 0 0 0 0 0 0 0 0 0 0 0 0 0 0 0 0 0 0 0 0 0 0 0 0 0 0 0 0 0 0 0 0 0 0 0 0 0 0 0 0 0 0 0 0 0 0 0 0 0 0 0 0 0 0 0 0 0 0 0 0 0 0 0 0 0 0 0 0 0 0 0 0 0 0 0 0 0 0 0 0 0 0 0 0 0 0 0 0 0 0 0 0 0 0 0 0 0 0 0 0 0 0 0 0 0 0 0 0 0 0 0 0 0 0 0 0 0 0 0 0 0 0 0 0 0 0 0 0 0 0 0 0 0 0 0 0 0 0 0 0 0 0 0 0 0 0 0 0 0 0 0 0 0 0 0 0 0 0 0 0 0 0 0 0 0 0 0 0 0 0 0 0 0 0 0 0 0 0 0 0 0 0 0 0 0 0 0 0 0 0 0 0 0 0 0 0 0 0 0 0 0 0 0 0 0 0 0 0 0 0 0 0 0 0 0 0 0 0 0 0 0 0 0 0 0 0 0 0 0 0 0 0 0 0 0 0 0 0 0 0 0 0 0 0 0 0 0 0 0 0 0 0 0 0 0 0 0 0 0 0 0 0 0 0 0 0 0 0 0 0 0 0 0 0 0 0 0 0 0 0 0 0 0 0 0 0 0 0 0 0 0 0 0 0 0 0 0 0 0 0 0 0 0 0 0 0 0 0 0 0 0 0 0 0 0 0 0 0 0 0 0 0 0 0 0 0 0 0 0 0 0 0 0 0 0 0 0 0 0 0 0 0 0 0
ctxt 3729532955
btime 1783935075
processes 5333610
procs_running 1
procs_blocked 0
softirq 2823759225 204 316110605 1629096 892960636 32768 0 7324201 906330233 256532 699114950

/proc/meminfo
MemTotal:       32273192 kB
MemFree:         4338892 kB
MemAvailable:   27941768 kB
Buffers:               0 kB
Cached:         21234192 kB
SwapCached:        21664 kB
Active:         22838172 kB
Inactive:         393164 kB
Active(anon):    2197620 kB
Inactive(anon):   134240 kB
Active(file):   20640552 kB
Inactive(file):   258924 kB
Unevictable:           0 kB
Mlocked:               0 kB
SwapTotal:      67108860 kB
SwapFree:       63595004 kB
Zswap:                 0 kB
Zswapped:              0 kB
Dirty:               340 kB
Writeback:           168 kB
AnonPages:       1950104 kB
Mapped:           395512 kB
Shmem:            335956 kB
KReclaimable:    3180812 kB
Slab:            3808044 kB
SReclaimable:    3180812 kB
SUnreclaim:       627232 kB
KernelStack:       34112 kB
PageTables:        34140 kB
SecPageTables:      4112 kB
NFS_Unstable:          0 kB
Bounce:                0 kB
WritebackTmp:          0 kB
CommitLimit:    83245456 kB
Committed_AS:   12311816 kB
VmallocTotal:   34359738367 kB
VmallocUsed:      229756 kB
VmallocChunk:          0 kB
Percpu:            21216 kB
HardwareCorrupted:     0 kB
AnonHugePages:   1114112 kB
ShmemHugePages:        0 kB
ShmemPmdMapped:        0 kB
FileHugePages:         0 kB
FilePmdMapped:         0 kB
CmaTotal:              0 kB
CmaFree:               0 kB
Unaccepted:            0 kB
HugePages_Total:       0
HugePages_Free:        0
HugePages_Rsvd:        0
HugePages_Surp:        0
Hugepagesize:       2048 kB
Hugetlb:               0 kB
DirectMap4k:      389980 kB
DirectMap2M:     5574656 kB
DirectMap1G:    27262976 kB

/sys/devices/system/cpu/cpu2/cpufreq/scaling_cur_freq 1200000

/sys/devices/system/cpu/cpu3/cpufreq/scaling_cur_freq 1200000

/sys/devices/system/cpu/cpu4/cpufreq/scaling_cur_freq 1200000

/sys/devices/system/cpu/cpu5/cpufreq/scaling_cur_freq 1200235

/sys/devices/system/cpu/cpu6/cpufreq/scaling_cur_freq 1200000

/sys/devices/system/cpu/cpu7/cpufreq/scaling_cur_freq 1200000

/sys/devices/system/cpu/cpu8/cpufreq/scaling_cur_freq 1200000

/sys/devices/system/cpu/cpu9/cpufreq/scaling_cur_freq 1200000

