unix_ns 1788872982973356625
/proc/loadavg
2.62 1.76 1.39 1/2106 57

/proc/stat
cpu  115954548 83897 3612127 11542547958 184938099 870151 1376760 0 0 0
cpu0 41119018 44 83532 448337919 3973731 71856 139223 0 0 0
cpu1 6997125 37155 719154 460865048 24655884 113578 154678 0 0 0
cpu2 5017729 303 157438 475280819 13210757 38558 27112 0 0 0
cpu3 4620047 97 85997 480299770 8702099 25255 14943 0 0 0
cpu4 5021269 1299 228276 471921310 16402609 49672 42950 0 0 0
cpu5 4964400 55 84591 480403361 8247692 27598 14742 0 0 0
cpu6 4818534 70 61129 484269292 4565110 22326 22776 0 0 0
cpu7 10192973 22039 631008 460842636 21779909 101867 70685 0 0 0
cpu8 4963200 125 110734 478705701 9881743 37319 36186 0 0 0
cpu9 4863324 55 66302 483875797 4909612 23402 16966 0 0 0
cpu10 4854706 38 62959 485443498 3306326 23767 70665 0 0 0
cpu11 4600457 519 193501 477063312 11672144 54764 95191 0 0 0
cpu12 1604659 15 45482 487735595 4340931 13622 19382 0 0 0
cpu13 2027396 10613 343205 484179469 7078606 32331 21950 0 0 0
cpu14 692950 221 51846 487958249 5012672 13206 12677 0 0 0
cpu15 926000 56 43122 488812848 3971970 9316 7121 0 0 0
cpu16 945609 283 51143 489490407 3264685 9573 5923 0 0 0
cpu17 569213 93 52574 489697525 3238042 42190 147017 0 0 0
cpu18 692391 30 57262 489448672 3440571 22292 99509 0 0 0
cpu19 3315891 10053 247644 482469217 7560033 46361 38378 0 0 0
cpu20 600042 202 52774 488244038 4708931 32863 55651 0 0 0
cpu21 646353 131 73936 488722490 4003781 39350 249340 0 0 0
cpu22 636840 69 56766 489751697 3305013 8944 7930 0 0 0
cpu23 1264412 320 51740 488729277 3705235 10131 5756 0 0 0
intr 3708839618 22 0 0 0 0 0 0 0 0 0 0 0 0 0 0 0 8 0 0 0 0 0 0 0 0 0 0 0 1 0 1 1 1 1 0 0 0 0 37 0 0 0 0 0 0 0 0 0 0 0 0 0 0 0 0 0 0 0 0 0 0 0 0 0 2865 1 165560184 157976037 162434877 382020809 61824 649589 103571 70271 165999 144678 50322 462453 79643 48243 33143 115753 39277 214698 54535 42616 52656 36792 39573 508270 130773 64762 38073 37839 29654 0 0 0 0 0 0 2 0 2 2 2 2 2 2 35 2 207 2 0 0 0 0 0 0 0 0 0 0 0 0 0 0 0 0 0 0 0 0 0 0 0 0 0 0 0 0 0 0 0 0 0 0 0 0 0 0 0 0 0 0 0 0 0 0 0 0 0 0 0 0 0 0 0 0 0 0 0 0 0 0 0 0 0 0 0 0 0 0 0 0 0 0 0 0 0 0 0 0 0 0 0 0 0 0 0 0 0 0 0 0 0 0 0 0 0 0 0 0 0 0 0 0 0 0 0 0 0 0 0 0 0 0 0 0 0 0 0 0 0 0 0 0 0 0 0 0 0 0 0 0 0 0 0 0 0 0 0 0 0 0 0 0 0 0 0 0 0 0 0 0 0 0 0 0 0 0 0 0 0 0 0 0 0 0 0 0 0 0 0 0 0 0 0 0 0 0 0 0 0 0 0 0 0 0 0 0 0 0 0 0 0 0 0 0 0 0 0 0 0 0 0 0 0 0 0 0 0 0 0 0 0 0 0 0 0 0 0 0 0 0 0 0 0 0 0 0 0 0 0 0 0 0 0 0 0 0 0 0 0 0 0 0 0 0 0 0 0 0 0 0 0 0 0 0 0 0 0 0 0 0 0 0 0 0 0 0 0 0 0 0 0 0 0 0 0 0 0 0 0 0 0 0 0 0 0 0 0 0 0 0 0 0 0 0 0 0 0 0 0 0 0 0 0 0 0 0 0 0 0 0 0 0 0 0 0 0 0 0 0 0 0 0 0 0 0 0 0 0 0 0 0 0 0 0 0 0 0 0 0 0 0 0 0 0 0 0 0 0 0 0 0 0 0 0 0 0 0 0 0 0 0 0 0 0 0 0 0 0 0 0 0 0 0 0 0 0 0 0 0 0 0 0 0 0 0 0 0 0 0 0 0 0 0 0 0 0 0 0 0 0 0 0 0 0 0 0 0 0 0 0 0 0 0 0 0 0 0 0 0 0 0 0 0 0 0 0 0 0 0 0 0 0 0 0 0 0 0 0 0 0 0 0 0 0 0 0 0 0 0 0 0 0 0 0 0 0 0 0 0 0 0 0 0 0 0 0 0 0 0 0 0 0 0 0 0 0 0 0 0 0 0 0 0 0 0 0 0 0 0 0 0 0 0 0 0 0 0 0 0 0 0 0 0 0 0 0 0 0 0 0 0 0 0 0 0 0 0 0 0 0 0 0 0 0 0 0 0 0 0 0 0 0 0 0 0 0 0 0 0 0 0 0 0 0 0 0 0 0 0 0 0 0 0 0 0 0 0 0 0 0 0 0 0 0 0 0 0 0 0 0 0 0 0 0 0 0 0 0 0 0 0 0 0 0 0 0 0 0 0 0 0 0 0 0 0 0 0 0 0 0 0 0 0 0 0 0 0 0 0 0 0 0 0 0 0 0 0 0 0 0 0 0 0 0 0 0 0 0 0 0 0 0 0 0 0 0 0 0 0 0 0 0 0 0 0 0 0 0 0 0 0 0 0 0 0 0 0 0 0 0 0 0 0 0 0 0 0 0 0 0 0 0 0 0 0 0 0 0 0 0 0 0 0 0 0 0 0 0 0 0 0 0 0 0 0 0 0 0 0 0 0 0 0 0 0 0 0 0 0 0 0 0 0 0 0 0 0 0 0 0 0 0 0 0 0 0 0 0 0 0 0 0 0 0 0 0 0 0 0 0 0 0 0 0 0 0 0 0 0 0 0 0 0 0 0 0 0 0 0 0 0 0 0 0 0 0 0 0 0 0 0 0 0 0 0 0 0 0 0 0 0 0 0 0 0 0 0 0 0 0 0 0 0 0 0 0 0 0 0 0 0 0 0 0 0 0 0 0 0 0 0 0 0 0 0 0 0 0 0 0 0 0 0 0 0 0 0 0 0 0 0 0 0 0 0 0 0 0 0 0 0 0 0 0 0 0 0 0 0 0 0 0 0 0 0 0 0 0 0 0 0 0 0 0 0 0 0 0 0 0 0 0 0 0 0 0 0 0 0 0 0 0 0 0 0 0 0 0 0 0 0 0 0 0 0 0 0 0 0 0 0 0 0 0 0 0 0 0 0 0 0 0 0 0 0 0 0 0 0 0 0 0 0 0 0 0 0 0 0 0 0 0 0 0 0 0 0 0 0 0 0 0 0 0 0 0 0 0 0 0 0 0 0 0 0 0 0 0 0 0 0 0 0 0 0 0 0 0 0 0 0 0 0 0 0 0 0 0 0 0 0 0 0 0 0 0 0 0 0 0 0 0 0 0 0 0 0 0 0 0 0 0 0 0 0 0 0 0 0 0 0 0 0 0 0 0 0 0 0 0 0 0 0 0 0 0 0 0 0 0 0 0 0 0 0 0 0 0 0 0 0 0 0 0 0
ctxt 3729497871
btime 1783935075
processes 5333507
procs_running 1
procs_blocked 0
softirq 2823726649 204 316108749 1629038 892954212 32768 0 7324125 906313521 256532 699107500

/proc/meminfo
MemTotal:       32273192 kB
MemFree:         4377884 kB
MemAvailable:   27961352 kB
Buffers:               0 kB
Cached:         21215016 kB
SwapCached:        21664 kB
Active:         22817752 kB
Inactive:         393160 kB
Active(anon):    2196348 kB
Inactive(anon):   134240 kB
Active(file):   20621404 kB
Inactive(file):   258920 kB
Unevictable:           0 kB
Mlocked:               0 kB
SwapTotal:      67108860 kB
SwapFree:       63595004 kB
Zswap:                 0 kB
Zswapped:              0 kB
Dirty:               232 kB
Writeback:             0 kB
AnonPages:       1948936 kB
Mapped:           395512 kB
Shmem:            335956 kB
KReclaimable:    3180556 kB
Slab:            3807692 kB
SReclaimable:    3180556 kB
SUnreclaim:       627136 kB
KernelStack:       34064 kB
PageTables:        34160 kB
SecPageTables:      4112 kB
NFS_Unstable:          0 kB
Bounce:                0 kB
WritebackTmp:          0 kB
CommitLimit:    83245456 kB
Committed_AS:   12293752 kB
VmallocTotal:   34359738367 kB
VmallocUsed:      229820 kB
VmallocChunk:          0 kB
Percpu:            21216 kB
HardwareCorrupted:     0 kB
AnonHugePages:   1114112 kB
ShmemHugePages:        0 kB
ShmemPmdMapped:        0 kB
FileHugePages:         0 kB
FilePmdMapped:         0 kB
CmaTotal:              0 kB
CmaFree:               0 kB
Unaccepted:            0 kB
HugePages_Total:       0
HugePages_Free:        0
HugePages_Rsvd:        0
HugePages_Surp:        0
Hugepagesize:       2048 kB
Hugetlb:               0 kB
DirectMap4k:      389980 kB
DirectMap2M:     5574656 kB
DirectMap1G:    27262976 kB

/sys/devices/system/cpu/cpu2/cpufreq/scaling_cur_freq 1200000

/sys/devices/system/cpu/cpu3/cpufreq/scaling_cur_freq 1200000

/sys/devices/system/cpu/cpu4/cpufreq/scaling_cur_freq 1200000

/sys/devices/system/cpu/cpu5/cpufreq/scaling_cur_freq 1200000

/sys/devices/system/cpu/cpu6/cpufreq/scaling_cur_freq 1200000

/sys/devices/system/cpu/cpu7/cpufreq/scaling_cur_freq 1200000

/sys/devices/system/cpu/cpu8/cpufreq/scaling_cur_freq 1200000

/sys/devices/system/cpu/cpu9/cpufreq/scaling_cur_freq 1200000

