unix_ns 1788872987349547126
/proc/loadavg
3.13 1.88 1.44 1/2106 73

/proc/stat
cpu  115956974 83897 3612150 11542555985 184938114 870157 1376764 0 0 0
cpu0 41119125 44 83551 448338214 3973744 71857 139225 0 0 0
cpu1 6997126 37155 719155 460865482 24655884 113578 154679 0 0 0
cpu2 5018018 303 157439 475280967 13210757 38559 27112 0 0 0
cpu3 4620337 97 85997 480299917 8702099 25255 14943 0 0 0
cpu4 5021561 1299 228276 471921454 16402609 49673 42950 0 0 0
cpu5 4964688 55 84591 480403510 8247692 27598 14742 0 0 0
cpu6 4818822 70 61129 484269440 4565110 22327 22776 0 0 0
cpu7 10193258 22039 631008 460842788 21779909 101868 70685 0 0 0
cpu8 4963489 125 110734 478705849 9881743 37319 36186 0 0 0
cpu9 4863612 55 66302 483875945 4909612 23402 16966 0 0 0
cpu10 4854706 38 62959 485443933 3306328 23767 70665 0 0 0
cpu11 4600460 519 193502 477063745 11672144 54764 95191 0 0 0
cpu12 1604659 15 45482 487736032 4340931 13622 19382 0 0 0
cpu13 2027396 10613 343205 484179905 7078606 32331 21950 0 0 0
cpu14 692950 221 51846 487958686 5012672 13206 12677 0 0 0
cpu15 926000 56 43122 488813285 3971970 9316 7121 0 0 0
cpu16 945609 283 51143 489490845 3264685 9573 5923 0 0 0
cpu17 569213 93 52574 489697963 3238042 42190 147017 0 0 0
cpu18 692391 30 57262 489449110 3440571 22292 99509 0 0 0
cpu19 3315891 10053 247644 482469654 7560033 46361 38378 0 0 0
cpu20 600042 202 52775 488244475 4708931 32863 55651 0 0 0
cpu21 646353 131 73936 488722927 4003781 39350 249341 0 0 0
cpu22 636842 69 56766 489752132 3305013 8944 7930 0 0 0
cpu23 1264412 320 51740 488729715 3705235 10131 5756 0 0 0
intr 3708868843 22 0 0 0 0 0 0 0 0 0 0 0 0 0 0 0 8 0 0 0 0 0 0 0 0 0 0 0 1 0 1 1 1 1 0 0 0 0 37 0 0 0 0 0 0 0 0 0 0 0 0 0 0 0 0 0 0 0 0 0 0 0 0 0 2865 1 165560657 157976066 162435030 382021469 61824 649589 103571 70271 165999 144678 50322 462453 79643 48243 33143 115753 39277 214698 54535 42616 52656 36792 39573 508270 130773 64762 38073 37839 29654 0 0 0 0 0 0 2 0 2 2 2 2 2 2 35 2 207 2 0 0 0 0 0 0 0 0 0 0 0 0 0 0 0 0 0 0 0 0 0 0 0 0 0 0 0 0 0 0 0 0 0 0 0 0 0 0 0 0 0 0 0 0 0 0 0 0 0 0 0 0 0 0 0 0 0 0 0 0 0 0 0 0 0 0 0 0 0 0 0 0 0 0 0 0 0 0 0 0 0 0 0 0 0 0 0 0 0 0 0 0 0 0 0 0 0 0 0 0 0 0 0 0 0 0 0 0 0 0 0 0 0 0 0 0 0 0 0 0 0 0 0 0 0 0 0 0 0 0 0 0 0 0 0 0 0 0 0 0 0 0 0 0 0 0 0 0 0 0 0 0 0 0 0 0 0 0 0 0 0 0 0 0 0 0 0 0 0 0 0 0 0 0 0 0 0 0 0 0 0 0 0 0 0 0 0 0 0 0 0 0 0 0 0 0 0 0 0 0 0 0 0 0 0 0 0 0 0 0 0 0 0 0 0 0 0 0 0 0 0 0 0 0 0 0 0 0 0 0 0 0 0 0 0 0 0 0 0 0 0 0 0 0 0 0 0 0 0 0 0 0 0 0 0 0 0 0 0 0 0 0 0 0 0 0 0 0 0 0 0 0 0 0 0 0 0 0 0 0 0 0 0 0 0 0 0 0 0 0 0 0 0 0 0 0 0 0 0 0 0 0 0 0 0 0 0 0 0 0 0 0 0 0 0 0 0 0 0 0 0 0 0 0 0 0 0 0 0 0 0 0 0 0 0 0 0 0 0 0 0 0 0 0 0 0 0 0 0 0 0 0 0 0 0 0 0 0 0 0 0 0 0 0 0 0 0 0 0 0 0 0 0 0 0 0 0 0 0 0 0 0 0 0 0 0 0 0 0 0 0 0 0 0 0 0 0 0 0 0 0 0 0 0 0 0 0 0 0 0 0 0 0 0 0 0 0 0 0 0 0 0 0 0 0 0 0 0 0 0 0 0 0 0 0 0 0 0 0 0 0 0 0 0 0 0 0 0 0 0 0 0 0 0 0 0 0 0 0 0 0 0 0 0 0 0 0 0 0 0 0 0 0 0 0 0 0 0 0 0 0 0 0 0 0 0 0 0 0 0 0 0 0 0 0 0 0 0 0 0 0 0 0 0 0 0 0 0 0 0 0 0 0 0 0 0 0 0 0 0 0 0 0 0 0 0 0 0 0 0 0 0 0 0 0 0 0 0 0 0 0 0 0 0 0 0 0 0 0 0 0 0 0 0 0 0 0 0 0 0 0 0 0 0 0 0 0 0 0 0 0 0 0 0 0 0 0 0 0 0 0 0 0 0 0 0 0 0 0 0 0 0 0 0 0 0 0 0 0 0 0 0 0 0 0 0 0 0 0 0 0 0 0 0 0 0 0 0 0 0 0 0 0 0 0 0 0 0 0 0 0 0 0 0 0 0 0 0 0 0 0 0 0 0 0 0 0 0 0 0 0 0 0 0 0 0 0 0 0 0 0 0 0 0 0 0 0 0 0 0 0 0 0 0 0 0 0 0 0 0 0 0 0 0 0 0 0 0 0 0 0 0 0 0 0 0 0 0 0 0 0 0 0 0 0 0 0 0 0 0 0 0 0 0 0 0 0 0 0 0 0 0 0 0 0 0 0 0 0 0 0 0 0 0 0 0 0 0 0 0 0 0 0 0 0 0 0 0 0 0 0 0 0 0 0 0 0 0 0 0 0 0 0 0 0 0 0 0 0 0 0 0 0 0 0 0 0 0 0 0 0 0 0 0 0 0 0 0 0 0 0 0 0 0 0 0 0 0 0 0 0 0 0 0 0 0 0 0 0 0 0 0 0 0 0 0 0 0 0 0 0 0 0 0 0 0 0 0 0 0 0 0 0 0 0 0 0 0 0 0 0 0 0 0 0 0 0 0 0 0 0 0 0 0 0 0 0 0 0 0 0 0 0 0 0 0 0 0 0 0 0 0 0 0 0 0 0 0 0 0 0 0 0 0 0 0 0 0 0 0 0 0 0 0 0 0 0 0 0 0 0 0 0 0 0 0 0 0 0 0 0 0 0 0 0 0 0 0 0 0 0 0 0 0 0 0 0 0 0 0 0 0 0 0 0 0 0 0 0 0 0 0 0 0 0 0 0 0 0 0 0 0 0 0 0 0 0 0 0 0 0 0 0 0 0 0 0 0 0 0 0 0 0 0 0 0 0 0 0 0 0 0 0 0 0 0 0 0 0 0 0 0 0 0 0 0 0 0 0 0 0 0 0 0 0 0 0 0 0 0 0 0 0 0 0 0 0 0 0 0 0 0 0 0 0 0 0 0 0 0 0 0 0 0 0 0 0 0 0 0 0 0 0 0 0 0 0
ctxt 3729505057
btime 1783935075
processes 5333524
procs_running 1
procs_blocked 0
softirq 2823735083 204 316109208 1629057 892955680 32768 0 7324135 906317632 256532 699109867

/proc/meminfo
MemTotal:       32273192 kB
MemFree:         4371904 kB
MemAvailable:   27961788 kB
Buffers:               0 kB
Cached:         21221408 kB
SwapCached:        21664 kB
Active:         22824384 kB
Inactive:         393160 kB
Active(anon):    2196580 kB
Inactive(anon):   134240 kB
Active(file):   20627804 kB
Inactive(file):   258920 kB
Unevictable:           0 kB
Mlocked:               0 kB
SwapTotal:      67108860 kB
SwapFree:       63595004 kB
Zswap:                 0 kB
Zswapped:              0 kB
Dirty:               360 kB
Writeback:             0 kB
AnonPages:       1949172 kB
Mapped:           395512 kB
Shmem:            335956 kB
KReclaimable:    3180572 kB
Slab:            3807676 kB
SReclaimable:    3180572 kB
SUnreclaim:       627104 kB
KernelStack:       34176 kB
PageTables:        34168 kB
SecPageTables:      4112 kB
NFS_Unstable:          0 kB
Bounce:                0 kB
WritebackTmp:          0 kB
CommitLimit:    83245456 kB
Committed_AS:   12294480 kB
VmallocTotal:   34359738367 kB
VmallocUsed:      229836 kB
VmallocChunk:          0 kB
Percpu:            21216 kB
HardwareCorrupted:     0 kB
AnonHugePages:   1114112 kB
ShmemHugePages:        0 kB
ShmemPmdMapped:        0 kB
FileHugePages:         0 kB
FilePmdMapped:         0 kB
CmaTotal:              0 kB
CmaFree:               0 kB
Unaccepted:            0 kB
HugePages_Total:       0
HugePages_Free:        0
HugePages_Rsvd:        0
HugePages_Surp:        0
Hugepagesize:       2048 kB
Hugetlb:               0 kB
DirectMap4k:      389980 kB
DirectMap2M:     5574656 kB
DirectMap1G:    27262976 kB

/sys/devices/system/cpu/cpu2/cpufreq/scaling_cur_freq 1196552

/sys/devices/system/cpu/cpu3/cpufreq/scaling_cur_freq 1200384

/sys/devices/system/cpu/cpu4/cpufreq/scaling_cur_freq 1200259

/sys/devices/system/cpu/cpu5/cpufreq/scaling_cur_freq 1202543

/sys/devices/system/cpu/cpu6/cpufreq/scaling_cur_freq 1200197

/sys/devices/system/cpu/cpu7/cpufreq/scaling_cur_freq 1200000

/sys/devices/system/cpu/cpu8/cpufreq/scaling_cur_freq 1200141

/sys/devices/system/cpu/cpu9/cpufreq/scaling_cur_freq 1200554

