unix_ns 1788873122449267387
/proc/loadavg
2.47 2.07 1.57 1/2106 133

/proc/stat
cpu  115978906 83897 3612670 11542857235 184938449 870215 1376851 0 0 0
cpu0 41121135 44 83923 448349049 3973976 71862 139268 0 0 0
cpu1 6997194 37155 719165 460878887 24655893 113580 154688 0 0 0
cpu2 5028158 303 157444 475284310 13210759 38578 27113 0 0 0
cpu3 4624644 97 86001 480309109 8702099 25264 14943 0 0 0
cpu4 5023341 1299 228285 471933150 16402626 49678 42952 0 0 0
cpu5 4966443 55 84596 480415248 8247697 27602 14742 0 0 0
cpu6 4819242 70 61132 484282523 4565113 22328 22776 0 0 0
cpu7 10193688 22039 631020 460855821 21779939 101870 70686 0 0 0
cpu8 4963906 125 110737 478718930 9881750 37321 36186 0 0 0
cpu9 4864027 55 66303 483889036 4909612 23403 16966 0 0 0
cpu10 4854710 38 62962 485457424 3306337 23767 70666 0 0 0
cpu11 4600476 519 193527 477077207 11672144 54765 95194 0 0 0
cpu12 1604664 15 45487 487749531 4340932 13622 19382 0 0 0
cpu13 2027420 10613 343214 484193377 7078606 32331 21950 0 0 0
cpu14 692953 221 51848 487972190 5012672 13206 12678 0 0 0
cpu15 926003 56 43124 488826778 3971982 9316 7121 0 0 0
cpu16 945619 283 51146 489504338 3264685 9574 5923 0 0 0
cpu17 569218 93 52578 489711457 3238046 42191 147019 0 0 0
cpu18 692394 30 57266 489462609 3440574 22292 99509 0 0 0
cpu19 3315978 10053 247659 482483058 7560033 46361 38378 0 0 0
cpu20 600043 202 52778 488257979 4708931 32863 55651 0 0 0
cpu21 646365 131 73947 488736384 4003784 39352 249362 0 0 0
cpu22 636860 69 56776 489765609 3305013 8945 7931 0 0 0
cpu23 1264413 320 51742 488743219 3705235 10132 5756 0 0 0
intr 3709214130 22 0 0 0 0 0 0 0 0 0 0 0 0 0 0 0 8 0 0 0 0 0 0 0 0 0 0 0 1 0 1 1 1 1 0 0 0 0 37 0 0 0 0 0 0 0 0 0 0 0 0 0 0 0 0 0 0 0 0 0 0 0 0 0 2865 1 165565426 157982694 162436408 382043636 61824 649619 103571 70271 166001 144697 50322 462453 79643 48243 33143 115753 39279 214698 54535 42616 52656 36793 39573 508278 130774 64783 38076 37844 29654 0 0 0 0 0 0 2 0 2 2 2 2 2 2 35 2 207 2 0 0 0 0 0 0 0 0 0 0 0 0 0 0 0 0 0 0 0 0 0 0 0 0 0 0 0 0 0 0 0 0 0 0 0 0 0 0 0 0 0 0 0 0 0 0 0 0 0 0 0 0 0 0 0 0 0 0 0 0 0 0 0 0 0 0 0 0 0 0 0 0 0 0 0 0 0 0 0 0 0 0 0 0 0 0 0 0 0 0 0 0 0 0 0 0 0 0 0 0 0 0 0 0 0 0 0 0 0 0 0 0 0 0 0 0 0 0 0 0 0 0 0 0 0 0 0 0 0 0 0 0 0 0 0 0 0 0 0 0 0 0 0 0 0 0 0 0 0 0 0 0 0 0 0 0 0 0 0 0 0 0 0 0 0 0 0 0 0 0 0 0 0 0 0 0 0 0 0 0 0 0 0 0 0 0 0 0 0 0 0 0 0 0 0 0 0 0 0 0 0 0 0 0 0 0 0 0 0 0 0 0 0 0 0 0 0 0 0 0 0 0 0 0 0 0 0 0 0 0 0 0 0 0 0 0 0 0 0 0 0 0 0 0 0 0 0 0 0 0 0 0 0 0 0 0 0 0 0 0 0 0 0 0 0 0 0 0 0 0 0 0 0 0 0 0 0 0 0 0 0 0 0 0 0 0 0 0 0 0 0 0 0 0 0 0 0 0 0 0 0 0 0 0 0 0 0 0 0 0 0 0 0 0 0 0 0 0 0 0 0 0 0 0 0 0 0 0 0 0 0 0 0 0 0 0 0 0 0 0 0 0 0 0 0 0 0 0 0 0 0 0 0 0 0 0 0 0 0 0 0 0 0 0 0 0 0 0 0 0 0 0 0 0 0 0 0 0 0 0 0 0 0 0 0 0 0 0 0 0 0 0 0 0 0 0 0 0 0 0 0 0 0 0 0 0 0 0 0 0 0 0 0 0 0 0 0 0 0 0 0 0 0 0 0 0 0 0 0 0 0 0 0 0 0 0 0 0 0 0 0 0 0 0 0 0 0 0 0 0 0 0 0 0 0 0 0 0 0 0 0 0 0 0 0 0 0 0 0 0 0 0 0 0 0 0 0 0 0 0 0 0 0 0 0 0 0 0 0 0 0 0 0 0 0 0 0 0 0 0 0 0 0 0 0 0 0 0 0 0 0 0 0 0 0 0 0 0 0 0 0 0 0 0 0 0 0 0 0 0 0 0 0 0 0 0 0 0 0 0 0 0 0 0 0 0 0 0 0 0 0 0 0 0 0 0 0 0 0 0 0 0 0 0 0 0 0 0 0 0 0 0 0 0 0 0 0 0 0 0 0 0 0 0 0 0 0 0 0 0 0 0 0 0 0 0 0 0 0 0 0 0 0 0 0 0 0 0 0 0 0 0 0 0 0 0 0 0 0 0 0 0 0 0 0 0 0 0 0 0 0 0 0 0 0 0 0 0 0 0 0 0 0 0 0 0 0 0 0 0 0 0 0 0 0 0 0 0 0 0 0 0 0 0 0 0 0 0 0 0 0 0 0 0 0 0 0 0 0 0 0 0 0 0 0 0 0 0 0 0 0 0 0 0 0 0 0 0 0 0 0 0 0 0 0 0 0 0 0 0 0 0 0 0 0 0 0 0 0 0 0 0 0 0 0 0 0 0 0 0 0 0 0 0 0 0 0 0 0 0 0 0 0 0 0 0 0 0 0 0 0 0 0 0 0 0 0 0 0 0 0 0 0 0 0 0 0 0 0 0 0 0 0 0 0 0 0 0 0 0 0 0 0 0 0 0 0 0 0 0 0 0 0 0 0 0 0 0 0 0 0 0 0 0 0 0 0 0 0 0 0 0 0 0 0 0 0 0 0 0 0 0 0 0 0 0 0 0 0 0 0 0 0 0 0 0 0 0 0 0 0 0 0 0 0 0 0 0 0 0 0 0 0 0 0 0 0 0 0 0 0 0 0 0 0 0 0 0 0 0 0 0 0 0 0 0 0 0 0 0 0 0 0 0 0 0 0 0 0 0 0 0 0 0 0 0 0 0 0 0 0 0 0 0 0 0 0 0 0 0 0 0 0 0 0 0 0 0 0 0 0 0 0 0 0 0 0 0 0 0 0 0 0 0 0 0 0 0 0 0 0 0 0 0 0 0 0 0 0 0 0 0 0 0 0 0 0 0 0 0 0 0 0 0 0 0 0 0 0 0 0 0 0 0 0 0 0 0 0 0 0 0 0 0 0 0 0 0 0 0 0 0 0 0 0 0 0 0 0 0 0 0 0 0 0 0 0 0 0 0 0 0 0 0 0 0 0 0 0 0 0 0 0 0 0 0 0 0 0 0 0 0 0 0 0 0 0 0 0 0 0 0 0 0 0 0 0
ctxt 3729718544
btime 1783935075
processes 5333781
procs_running 1
procs_blocked 0
softirq 2823921675 204 316120471 1629971 892991728 32768 0 7325830 906425022 256532 699139149

/proc/meminfo
MemTotal:       32273192 kB
MemFree:         4182968 kB
MemAvailable:   27895164 kB
Buffers:               0 kB
Cached:         21343180 kB
SwapCached:        21664 kB
Active:         23002932 kB
Inactive:         393188 kB
Active(anon):    2253420 kB
Inactive(anon):   134240 kB
Active(file):   20749512 kB
Inactive(file):   258948 kB
Unevictable:           0 kB
Mlocked:               0 kB
SwapTotal:      67108860 kB
SwapFree:       63595004 kB
Zswap:                 0 kB
Zswapped:              0 kB
Dirty:                76 kB
Writeback:             0 kB
AnonPages:       2005784 kB
Mapped:           396360 kB
Shmem:            335960 kB
KReclaimable:    3181148 kB
Slab:            3808140 kB
SReclaimable:    3181148 kB
SUnreclaim:       626992 kB
KernelStack:       34140 kB
PageTables:        34640 kB
SecPageTables:      4112 kB
NFS_Unstable:          0 kB
Bounce:                0 kB
WritebackTmp:          0 kB
CommitLimit:    83245456 kB
Committed_AS:   12377828 kB
VmallocTotal:   34359738367 kB
VmallocUsed:      229808 kB
VmallocChunk:          0 kB
Percpu:            21216 kB
HardwareCorrupted:     0 kB
AnonHugePages:   1126400 kB
ShmemHugePages:        0 kB
ShmemPmdMapped:        0 kB
FileHugePages:         0 kB
FilePmdMapped:         0 kB
CmaTotal:              0 kB
CmaFree:               0 kB
Unaccepted:            0 kB
HugePages_Total:       0
HugePages_Free:        0
HugePages_Rsvd:        0
HugePages_Surp:        0
Hugepagesize:       2048 kB
Hugetlb:               0 kB
DirectMap4k:      389980 kB
DirectMap2M:     5574656 kB
DirectMap1G:    27262976 kB

/sys/devices/system/cpu/cpu2/cpufreq/scaling_cur_freq 1200070

/sys/devices/system/cpu/cpu3/cpufreq/scaling_cur_freq 1200000

/sys/devices/system/cpu/cpu4/cpufreq/scaling_cur_freq 1200000

/sys/devices/system/cpu/cpu5/cpufreq/scaling_cur_freq 3810100

/sys/devices/system/cpu/cpu6/cpufreq/scaling_cur_freq 1200000

/sys/devices/system/cpu/cpu7/cpufreq/scaling_cur_freq 1200000

/sys/devices/system/cpu/cpu8/cpufreq/scaling_cur_freq 1200000

/sys/devices/system/cpu/cpu9/cpufreq/scaling_cur_freq 1200000

