unix_ns 1788873125691050021
/proc/loadavg
2.43 2.07 1.58 1/2106 141

/proc/stat
cpu  115980178 83897 3612694 11542863701 184938459 870218 1376854 0 0 0
cpu0 41121239 44 83945 448349237 3973985 71862 139269 0 0 0
cpu1 6997194 37155 719166 460879209 24655893 113580 154689 0 0 0
cpu2 5028303 303 157444 475284488 13210759 38578 27113 0 0 0
cpu3 4624790 97 86001 480309287 8702099 25264 14943 0 0 0
cpu4 5023488 1299 228285 471933326 16402626 49678 42952 0 0 0
cpu5 4966589 55 84596 480415426 8247697 27603 14742 0 0 0
cpu6 4819387 70 61132 484282702 4565113 22329 22776 0 0 0
cpu7 10193832 22039 631020 460856001 21779939 101870 70686 0 0 0
cpu8 4964053 125 110737 478719108 9881750 37321 36186 0 0 0
cpu9 4864171 55 66303 483889216 4909612 23404 16966 0 0 0
cpu10 4854710 38 62962 485457748 3306337 23767 70666 0 0 0
cpu11 4600478 519 193527 477077528 11672144 54765 95194 0 0 0
cpu12 1604664 15 45487 487749855 4340932 13622 19382 0 0 0
cpu13 2027420 10613 343215 484193700 7078606 32332 21950 0 0 0
cpu14 692953 221 51848 487972514 5012672 13206 12678 0 0 0
cpu15 926003 56 43124 488827102 3971982 9316 7121 0 0 0
cpu16 945619 283 51146 489504663 3264685 9574 5923 0 0 0
cpu17 569218 93 52578 489711781 3238046 42191 147019 0 0 0
cpu18 692394 30 57266 489462933 3440574 22292 99509 0 0 0
cpu19 3315981 10053 247659 482483379 7560033 46361 38378 0 0 0
cpu20 600043 202 52778 488258303 4708931 32863 55651 0 0 0
cpu21 646365 131 73947 488736707 4003784 39352 249363 0 0 0
cpu22 636860 69 56776 489765934 3305013 8945 7931 0 0 0
cpu23 1264413 320 51742 488743543 3705235 10132 5756 0 0 0
intr 3709230105 22 0 0 0 0 0 0 0 0 0 0 0 0 0 0 0 8 0 0 0 0 0 0 0 0 0 0 0 1 0 1 1 1 1 0 0 0 0 37 0 0 0 0 0 0 0 0 0 0 0 0 0 0 0 0 0 0 0 0 0 0 0 0 0 2865 1 165565530 157982694 162436472 382044585 61824 649619 103571 70272 166001 144697 50322 462453 79643 48243 33143 115753 39279 214698 54535 42616 52656 36793 39573 508280 130774 64783 38076 37844 29654 0 0 0 0 0 0 2 0 2 2 2 2 2 2 35 2 207 2 0 0 0 0 0 0 0 0 0 0 0 0 0 0 0 0 0 0 0 0 0 0 0 0 0 0 0 0 0 0 0 0 0 0 0 0 0 0 0 0 0 0 0 0 0 0 0 0 0 0 0 0 0 0 0 0 0 0 0 0 0 0 0 0 0 0 0 0 0 0 0 0 0 0 0 0 0 0 0 0 0 0 0 0 0 0 0 0 0 0 0 0 0 0 0 0 0 0 0 0 0 0 0 0 0 0 0 0 0 0 0 0 0 0 0 0 0 0 0 0 0 0 0 0 0 0 0 0 0 0 0 0 0 0 0 0 0 0 0 0 0 0 0 0 0 0 0 0 0 0 0 0 0 0 0 0 0 0 0 0 0 0 0 0 0 0 0 0 0 0 0 0 0 0 0 0 0 0 0 0 0 0 0 0 0 0 0 0 0 0 0 0 0 0 0 0 0 0 0 0 0 0 0 0 0 0 0 0 0 0 0 0 0 0 0 0 0 0 0 0 0 0 0 0 0 0 0 0 0 0 0 0 0 0 0 0 0 0 0 0 0 0 0 0 0 0 0 0 0 0 0 0 0 0 0 0 0 0 0 0 0 0 0 0 0 0 0 0 0 0 0 0 0 0 0 0 0 0 0 0 0 0 0 0 0 0 0 0 0 0 0 0 0 0 0 0 0 0 0 0 0 0 0 0 0 0 0 0 0 0 0 0 0 0 0 0 0 0 0 0 0 0 0 0 0 0 0 0 0 0 0 0 0 0 0 0 0 0 0 0 0 0 0 0 0 0 0 0 0 0 0 0 0 0 0 0 0 0 0 0 0 0 0 0 0 0 0 0 0 0 0 0 0 0 0 0 0 0 0 0 0 0 0 0 0 0 0 0 0 0 0 0 0 0 0 0 0 0 0 0 0 0 0 0 0 0 0 0 0 0 0 0 0 0 0 0 0 0 0 0 0 0 0 0 0 0 0 0 0 0 0 0 0 0 0 0 0 0 0 0 0 0 0 0 0 0 0 0 0 0 0 0 0 0 0 0 0 0 0 0 0 0 0 0 0 0 0 0 0 0 0 0 0 0 0 0 0 0 0 0 0 0 0 0 0 0 0 0 0 0 0 0 0 0 0 0 0 0 0 0 0 0 0 0 0 0 0 0 0 0 0 0 0 0 0 0 0 0 0 0 0 0 0 0 0 0 0 0 0 0 0 0 0 0 0 0 0 0 0 0 0 0 0 0 0 0 0 0 0 0 0 0 0 0 0 0 0 0 0 0 0 0 0 0 0 0 0 0 0 0 0 0 0 0 0 0 0 0 0 0 0 0 0 0 0 0 0 0 0 0 0 0 0 0 0 0 0 0 0 0 0 0 0 0 0 0 0 0 0 0 0 0 0 0 0 0 0 0 0 0 0 0 0 0 0 0 0 0 0 0 0 0 0 0 0 0 0 0 0 0 0 0 0 0 0 0 0 0 0 0 0 0 0 0 0 0 0 0 0 0 0 0 0 0 0 0 0 0 0 0 0 0 0 0 0 0 0 0 0 0 0 0 0 0 0 0 0 0 0 0 0 0 0 0 0 0 0 0 0 0 0 0 0 0 0 0 0 0 0 0 0 0 0 0 0 0 0 0 0 0 0 0 0 0 0 0 0 0 0 0 0 0 0 0 0 0 0 0 0 0 0 0 0 0 0 0 0 0 0 0 0 0 0 0 0 0 0 0 0 0 0 0 0 0 0 0 0 0 0 0 0 0 0 0 0 0 0 0 0 0 0 0 0 0 0 0 0 0 0 0 0 0 0 0 0 0 0 0 0 0 0 0 0 0 0 0 0 0 0 0 0 0 0 0 0 0 0 0 0 0 0 0 0 0 0 0 0 0 0 0 0 0 0 0 0 0 0 0 0 0 0 0 0 0 0 0 0 0 0 0 0 0 0 0 0 0 0 0 0 0 0 0 0 0 0 0 0 0 0 0 0 0 0 0 0 0 0 0 0 0 0 0 0 0 0 0 0 0 0 0 0 0 0 0 0 0 0 0 0 0 0 0 0 0 0 0 0 0 0 0 0 0 0 0 0 0 0 0 0 0 0 0 0 0 0 0 0 0 0 0 0 0 0 0 0 0 0 0 0 0 0 0 0 0 0 0 0 0 0 0 0 0 0 0 0 0 0 0 0 0 0 0 0 0 0 0 0 0 0 0 0 0 0 0 0 0 0 0 0 0 0 0 0 0 0 0 0 0 0 0 0 0 0 0 0 0 0 0 0 0 0 0 0 0 0 0 0 0 0 0 0 0 0 0 0 0 0 0 0 0 0 0 0 0 0 0 0 0 0 0 0 0 0 0 0 0 0 0 0 0 0 0 0 0 0 0 0
ctxt 3729723685
btime 1783935075
processes 5333789
procs_running 1
procs_blocked 0
softirq 2823926593 204 316120780 1629985 892992951 32768 0 7325865 906427385 256532 699140123

/proc/meminfo
MemTotal:       32273192 kB
MemFree:         4200576 kB
MemAvailable:   27919256 kB
Buffers:               0 kB
Cached:         21349640 kB
SwapCached:        21664 kB
Active:         22975968 kB
Inactive:         393192 kB
Active(anon):    2219992 kB
Inactive(anon):   134240 kB
Active(file):   20755976 kB
Inactive(file):   258952 kB
Unevictable:           0 kB
Mlocked:               0 kB
SwapTotal:      67108860 kB
SwapFree:       63595004 kB
Zswap:                 0 kB
Zswapped:              0 kB
Dirty:               100 kB
Writeback:             0 kB
AnonPages:       1972008 kB
Mapped:           395576 kB
Shmem:            335980 kB
KReclaimable:    3181164 kB
Slab:            3808180 kB
SReclaimable:    3181164 kB
SUnreclaim:       627016 kB
KernelStack:       34192 kB
PageTables:        34368 kB
SecPageTables:      4112 kB
NFS_Unstable:          0 kB
Bounce:                0 kB
WritebackTmp:          0 kB
CommitLimit:    83245456 kB
Committed_AS:   12343976 kB
VmallocTotal:   34359738367 kB
VmallocUsed:      229840 kB
VmallocChunk:          0 kB
Percpu:            21216 kB
HardwareCorrupted:     0 kB
AnonHugePages:   1120256 kB
ShmemHugePages:        0 kB
ShmemPmdMapped:        0 kB
FileHugePages:         0 kB
FilePmdMapped:         0 kB
CmaTotal:              0 kB
CmaFree:               0 kB
Unaccepted:            0 kB
HugePages_Total:       0
HugePages_Free:        0
HugePages_Rsvd:        0
HugePages_Surp:        0
Hugepagesize:       2048 kB
Hugetlb:               0 kB
DirectMap4k:      389980 kB
DirectMap2M:     5574656 kB
DirectMap1G:    27262976 kB

/sys/devices/system/cpu/cpu2/cpufreq/scaling_cur_freq 1196593

/sys/devices/system/cpu/cpu3/cpufreq/scaling_cur_freq 1196374

/sys/devices/system/cpu/cpu4/cpufreq/scaling_cur_freq 1199768

/sys/devices/system/cpu/cpu5/cpufreq/scaling_cur_freq 1199386

/sys/devices/system/cpu/cpu6/cpufreq/scaling_cur_freq 4298483

/sys/devices/system/cpu/cpu7/cpufreq/scaling_cur_freq 4301363

/sys/devices/system/cpu/cpu8/cpufreq/scaling_cur_freq 1197418

/sys/devices/system/cpu/cpu9/cpufreq/scaling_cur_freq 1200000

