unix_ns 1788873055673988991
/proc/loadavg
2.61 1.98 1.51 1/2110 98

/proc/stat
cpu  115967237 83897 3612420 11542709150 184938295 870184 1376806 0 0 0
cpu0 41120178 44 83746 448343631 3973882 71859 139246 0 0 0
cpu1 6997150 37155 719160 460872270 24655890 113579 154684 0 0 0
cpu2 5023062 303 157441 475282743 13210757 38568 27112 0 0 0
cpu3 4622506 97 86000 480304575 8702099 25260 14943 0 0 0
cpu4 5022233 1299 228281 471927603 16402612 49675 42951 0 0 0
cpu5 4965359 55 84595 480409662 8247693 27600 14742 0 0 0
cpu6 4818959 70 61130 484276133 4565111 22327 22776 0 0 0
cpu7 10193405 22039 631016 460849450 21779921 101869 70685 0 0 0
cpu8 4963625 125 110735 478712543 9881744 37320 36186 0 0 0
cpu9 4863747 55 66302 483882641 4909612 23403 16966 0 0 0
cpu10 4854708 38 62960 485450759 3306331 23767 70665 0 0 0
cpu11 4600463 519 193512 477070560 11672144 54764 95192 0 0 0
cpu12 1604663 15 45485 487742856 4340932 13622 19382 0 0 0
cpu13 2027405 10613 343209 484186723 7078606 32331 21950 0 0 0
cpu14 692951 221 51847 487965516 5012672 13206 12677 0 0 0
cpu15 926001 56 43123 488820109 3971976 9316 7121 0 0 0
cpu16 945613 283 51144 489497670 3264685 9573 5923 0 0 0
cpu17 569214 93 52575 489704788 3238046 42191 147017 0 0 0
cpu18 692392 30 57264 489455938 3440571 22292 99509 0 0 0
cpu19 3315927 10053 247648 482476444 7560033 46361 38378 0 0 0
cpu20 600043 202 52778 488251303 4708931 32863 55651 0 0 0
cpu21 646363 131 73945 488729723 4003784 39351 249351 0 0 0
cpu22 636846 69 56771 489758954 3305013 8944 7930 0 0 0
cpu23 1264413 320 51741 488736545 3705235 10131 5756 0 0 0
intr 3709033684 22 0 0 0 0 0 0 0 0 0 0 0 0 0 0 0 8 0 0 0 0 0 0 0 0 0 0 0 1 0 1 1 1 1 0 0 0 0 37 0 0 0 0 0 0 0 0 0 0 0 0 0 0 0 0 0 0 0 0 0 0 0 0 0 2865 1 165564156 157980447 162435454 382030347 61824 649615 103571 70271 166000 144687 50322 462453 79643 48243 33143 115753 39277 214698 54535 42616 52656 36792 39573 508274 130774 64770 38076 37839 29654 0 0 0 0 0 0 2 0 2 2 2 2 2 2 35 2 207 2 0 0 0 0 0 0 0 0 0 0 0 0 0 0 0 0 0 0 0 0 0 0 0 0 0 0 0 0 0 0 0 0 0 0 0 0 0 0 0 0 0 0 0 0 0 0 0 0 0 0 0 0 0 0 0 0 0 0 0 0 0 0 0 0 0 0 0 0 0 0 0 0 0 0 0 0 0 0 0 0 0 0 0 0 0 0 0 0 0 0 0 0 0 0 0 0 0 0 0 0 0 0 0 0 0 0 0 0 0 0 0 0 0 0 0 0 0 0 0 0 0 0 0 0 0 0 0 0 0 0 0 0 0 0 0 0 0 0 0 0 0 0 0 0 0 0 0 0 0 0 0 0 0 0 0 0 0 0 0 0 0 0 0 0 0 0 0 0 0 0 0 0 0 0 0 0 0 0 0 0 0 0 0 0 0 0 0 0 0 0 0 0 0 0 0 0 0 0 0 0 0 0 0 0 0 0 0 0 0 0 0 0 0 0 0 0 0 0 0 0 0 0 0 0 0 0 0 0 0 0 0 0 0 0 0 0 0 0 0 0 0 0 0 0 0 0 0 0 0 0 0 0 0 0 0 0 0 0 0 0 0 0 0 0 0 0 0 0 0 0 0 0 0 0 0 0 0 0 0 0 0 0 0 0 0 0 0 0 0 0 0 0 0 0 0 0 0 0 0 0 0 0 0 0 0 0 0 0 0 0 0 0 0 0 0 0 0 0 0 0 0 0 0 0 0 0 0 0 0 0 0 0 0 0 0 0 0 0 0 0 0 0 0 0 0 0 0 0 0 0 0 0 0 0 0 0 0 0 0 0 0 0 0 0 0 0 0 0 0 0 0 0 0 0 0 0 0 0 0 0 0 0 0 0 0 0 0 0 0 0 0 0 0 0 0 0 0 0 0 0 0 0 0 0 0 0 0 0 0 0 0 0 0 0 0 0 0 0 0 0 0 0 0 0 0 0 0 0 0 0 0 0 0 0 0 0 0 0 0 0 0 0 0 0 0 0 0 0 0 0 0 0 0 0 0 0 0 0 0 0 0 0 0 0 0 0 0 0 0 0 0 0 0 0 0 0 0 0 0 0 0 0 0 0 0 0 0 0 0 0 0 0 0 0 0 0 0 0 0 0 0 0 0 0 0 0 0 0 0 0 0 0 0 0 0 0 0 0 0 0 0 0 0 0 0 0 0 0 0 0 0 0 0 0 0 0 0 0 0 0 0 0 0 0 0 0 0 0 0 0 0 0 0 0 0 0 0 0 0 0 0 0 0 0 0 0 0 0 0 0 0 0 0 0 0 0 0 0 0 0 0 0 0 0 0 0 0 0 0 0 0 0 0 0 0 0 0 0 0 0 0 0 0 0 0 0 0 0 0 0 0 0 0 0 0 0 0 0 0 0 0 0 0 0 0 0 0 0 0 0 0 0 0 0 0 0 0 0 0 0 0 0 0 0 0 0 0 0 0 0 0 0 0 0 0 0 0 0 0 0 0 0 0 0 0 0 0 0 0 0 0 0 0 0 0 0 0 0 0 0 0 0 0 0 0 0 0 0 0 0 0 0 0 0 0 0 0 0 0 0 0 0 0 0 0 0 0 0 0 0 0 0 0 0 0 0 0 0 0 0 0 0 0 0 0 0 0 0 0 0 0 0 0 0 0 0 0 0 0 0 0 0 0 0 0 0 0 0 0 0 0 0 0 0 0 0 0 0 0 0 0 0 0 0 0 0 0 0 0 0 0 0 0 0 0 0 0 0 0 0 0 0 0 0 0 0 0 0 0 0 0 0 0 0 0 0 0 0 0 0 0 0 0 0 0 0 0 0 0 0 0 0 0 0 0 0 0 0 0 0 0 0 0 0 0 0 0 0 0 0 0 0 0 0 0 0 0 0 0 0 0 0 0 0 0 0 0 0 0 0 0 0 0 0 0 0 0 0 0 0 0 0 0 0 0 0 0 0 0 0 0 0 0 0 0 0 0 0 0 0 0 0 0 0 0 0 0 0 0 0 0 0 0 0 0 0 0 0 0 0 0 0 0 0 0 0 0 0 0 0 0 0 0 0 0 0 0 0 0 0 0 0 0 0 0 0 0 0 0 0 0 0 0 0 0 0 0 0 0 0 0 0 0 0 0 0 0 0 0 0 0 0 0 0 0 0 0 0 0 0 0 0 0 0 0 0 0 0 0 0 0 0 0 0 0 0 0 0 0 0 0 0 0 0 0 0 0 0 0 0 0 0 0 0 0 0 0 0 0 0 0 0 0 0 0 0 0 0 0 0 0 0 0 0 0 0 0 0 0 0 0 0 0 0 0 0 0 0 0 0 0 0 0 0 0 0 0 0 0 0 0 0 0 0 0 0 0
ctxt 3729602937
btime 1783935075
processes 5333665
procs_running 1
procs_blocked 0
softirq 2823828410 204 316114748 1629550 892973102 32768 0 7324925 906372400 256532 699124181

/proc/meminfo
MemTotal:       32273192 kB
MemFree:         4284276 kB
MemAvailable:   27938308 kB
Buffers:               0 kB
Cached:         21285240 kB
SwapCached:        21664 kB
Active:         22897852 kB
Inactive:         393176 kB
Active(anon):    2206268 kB
Inactive(anon):   134240 kB
Active(file):   20691584 kB
Inactive(file):   258936 kB
Unevictable:           0 kB
Mlocked:               0 kB
SwapTotal:      67108860 kB
SwapFree:       63595004 kB
Zswap:                 0 kB
Zswapped:              0 kB
Dirty:                 4 kB
Writeback:             0 kB
AnonPages:       1958236 kB
Mapped:           395544 kB
Shmem:            335960 kB
KReclaimable:    3180924 kB
Slab:            3807908 kB
SReclaimable:    3180924 kB
SUnreclaim:       626984 kB
KernelStack:       34128 kB
PageTables:        34176 kB
SecPageTables:      4112 kB
NFS_Unstable:          0 kB
Bounce:                0 kB
WritebackTmp:          0 kB
CommitLimit:    83245456 kB
Committed_AS:   12320332 kB
VmallocTotal:   34359738367 kB
VmallocUsed:      229820 kB
VmallocChunk:          0 kB
Percpu:            21216 kB
HardwareCorrupted:     0 kB
AnonHugePages:   1114112 kB
ShmemHugePages:        0 kB
ShmemPmdMapped:        0 kB
FileHugePages:         0 kB
FilePmdMapped:         0 kB
CmaTotal:              0 kB
CmaFree:               0 kB
Unaccepted:            0 kB
HugePages_Total:       0
HugePages_Free:        0
HugePages_Rsvd:        0
HugePages_Surp:        0
Hugepagesize:       2048 kB
Hugetlb:               0 kB
DirectMap4k:      389980 kB
DirectMap2M:     5574656 kB
DirectMap1G:    27262976 kB

/sys/devices/system/cpu/cpu2/cpufreq/scaling_cur_freq 1200000

/sys/devices/system/cpu/cpu3/cpufreq/scaling_cur_freq 1200000

/sys/devices/system/cpu/cpu4/cpufreq/scaling_cur_freq 1200000

/sys/devices/system/cpu/cpu5/cpufreq/scaling_cur_freq 1200000

/sys/devices/system/cpu/cpu6/cpufreq/scaling_cur_freq 1256336

/sys/devices/system/cpu/cpu7/cpufreq/scaling_cur_freq 1200000

/sys/devices/system/cpu/cpu8/cpufreq/scaling_cur_freq 1200000

/sys/devices/system/cpu/cpu9/cpufreq/scaling_cur_freq 1200000

