unix_ns 1788872984490322489
/proc/loadavg
3.13 1.88 1.44 1/2106 65

/proc/stat
cpu  115955707 83897 3612128 11542550430 184938103 870154 1376761 0 0 0
cpu0 41119018 44 83532 448338065 3973735 71856 139224 0 0 0
cpu1 6997125 37155 719154 460865199 24655884 113578 154678 0 0 0
cpu2 5017873 303 157438 475280826 13210757 38558 27112 0 0 0
cpu3 4620192 97 85997 480299777 8702099 25255 14943 0 0 0
cpu4 5021415 1299 228276 471921314 16402609 49672 42950 0 0 0
cpu5 4964544 55 84591 480403368 8247692 27598 14742 0 0 0
cpu6 4818678 70 61129 484269299 4565110 22327 22776 0 0 0
cpu7 10193116 22039 631008 460842645 21779909 101868 70685 0 0 0
cpu8 4963345 125 110734 478705708 9881743 37319 36186 0 0 0
cpu9 4863468 55 66302 483875804 4909612 23402 16966 0 0 0
cpu10 4854706 38 62959 485443650 3306326 23767 70665 0 0 0
cpu11 4600458 519 193501 477063462 11672144 54764 95191 0 0 0
cpu12 1604659 15 45482 487735746 4340931 13622 19382 0 0 0
cpu13 2027396 10613 343205 484179620 7078606 32331 21950 0 0 0
cpu14 692950 221 51846 487958400 5012672 13206 12677 0 0 0
cpu15 926000 56 43122 488812999 3971970 9316 7121 0 0 0
cpu16 945609 283 51143 489490559 3264685 9573 5923 0 0 0
cpu17 569213 93 52574 489697677 3238042 42190 147017 0 0 0
cpu18 692391 30 57262 489448824 3440571 22292 99509 0 0 0
cpu19 3315891 10053 247644 482469368 7560033 46361 38378 0 0 0
cpu20 600042 202 52775 488244190 4708931 32863 55651 0 0 0
cpu21 646353 131 73936 488722642 4003781 39350 249340 0 0 0
cpu22 636841 69 56766 489751848 3305013 8944 7930 0 0 0
cpu23 1264412 320 51740 488729429 3705235 10131 5756 0 0 0
intr 3708852411 22 0 0 0 0 0 0 0 0 0 0 0 0 0 0 0 8 0 0 0 0 0 0 0 0 0 0 0 1 0 1 1 1 1 0 0 0 0 37 0 0 0 0 0 0 0 0 0 0 0 0 0 0 0 0 0 0 0 0 0 0 0 0 0 2865 1 165560204 157976046 162434913 382020840 61824 649589 103571 70271 165999 144678 50322 462453 79643 48243 33143 115753 39277 214698 54535 42616 52656 36792 39573 508270 130773 64762 38073 37839 29654 0 0 0 0 0 0 2 0 2 2 2 2 2 2 35 2 207 2 0 0 0 0 0 0 0 0 0 0 0 0 0 0 0 0 0 0 0 0 0 0 0 0 0 0 0 0 0 0 0 0 0 0 0 0 0 0 0 0 0 0 0 0 0 0 0 0 0 0 0 0 0 0 0 0 0 0 0 0 0 0 0 0 0 0 0 0 0 0 0 0 0 0 0 0 0 0 0 0 0 0 0 0 0 0 0 0 0 0 0 0 0 0 0 0 0 0 0 0 0 0 0 0 0 0 0 0 0 0 0 0 0 0 0 0 0 0 0 0 0 0 0 0 0 0 0 0 0 0 0 0 0 0 0 0 0 0 0 0 0 0 0 0 0 0 0 0 0 0 0 0 0 0 0 0 0 0 0 0 0 0 0 0 0 0 0 0 0 0 0 0 0 0 0 0 0 0 0 0 0 0 0 0 0 0 0 0 0 0 0 0 0 0 0 0 0 0 0 0 0 0 0 0 0 0 0 0 0 0 0 0 0 0 0 0 0 0 0 0 0 0 0 0 0 0 0 0 0 0 0 0 0 0 0 0 0 0 0 0 0 0 0 0 0 0 0 0 0 0 0 0 0 0 0 0 0 0 0 0 0 0 0 0 0 0 0 0 0 0 0 0 0 0 0 0 0 0 0 0 0 0 0 0 0 0 0 0 0 0 0 0 0 0 0 0 0 0 0 0 0 0 0 0 0 0 0 0 0 0 0 0 0 0 0 0 0 0 0 0 0 0 0 0 0 0 0 0 0 0 0 0 0 0 0 0 0 0 0 0 0 0 0 0 0 0 0 0 0 0 0 0 0 0 0 0 0 0 0 0 0 0 0 0 0 0 0 0 0 0 0 0 0 0 0 0 0 0 0 0 0 0 0 0 0 0 0 0 0 0 0 0 0 0 0 0 0 0 0 0 0 0 0 0 0 0 0 0 0 0 0 0 0 0 0 0 0 0 0 0 0 0 0 0 0 0 0 0 0 0 0 0 0 0 0 0 0 0 0 0 0 0 0 0 0 0 0 0 0 0 0 0 0 0 0 0 0 0 0 0 0 0 0 0 0 0 0 0 0 0 0 0 0 0 0 0 0 0 0 0 0 0 0 0 0 0 0 0 0 0 0 0 0 0 0 0 0 0 0 0 0 0 0 0 0 0 0 0 0 0 0 0 0 0 0 0 0 0 0 0 0 0 0 0 0 0 0 0 0 0 0 0 0 0 0 0 0 0 0 0 0 0 0 0 0 0 0 0 0 0 0 0 0 0 0 0 0 0 0 0 0 0 0 0 0 0 0 0 0 0 0 0 0 0 0 0 0 0 0 0 0 0 0 0 0 0 0 0 0 0 0 0 0 0 0 0 0 0 0 0 0 0 0 0 0 0 0 0 0 0 0 0 0 0 0 0 0 0 0 0 0 0 0 0 0 0 0 0 0 0 0 0 0 0 0 0 0 0 0 0 0 0 0 0 0 0 0 0 0 0 0 0 0 0 0 0 0 0 0 0 0 0 0 0 0 0 0 0 0 0 0 0 0 0 0 0 0 0 0 0 0 0 0 0 0 0 0 0 0 0 0 0 0 0 0 0 0 0 0 0 0 0 0 0 0 0 0 0 0 0 0 0 0 0 0 0 0 0 0 0 0 0 0 0 0 0 0 0 0 0 0 0 0 0 0 0 0 0 0 0 0 0 0 0 0 0 0 0 0 0 0 0 0 0 0 0 0 0 0 0 0 0 0 0 0 0 0 0 0 0 0 0 0 0 0 0 0 0 0 0 0 0 0 0 0 0 0 0 0 0 0 0 0 0 0 0 0 0 0 0 0 0 0 0 0 0 0 0 0 0 0 0 0 0 0 0 0 0 0 0 0 0 0 0 0 0 0 0 0 0 0 0 0 0 0 0 0 0 0 0 0 0 0 0 0 0 0 0 0 0 0 0 0 0 0 0 0 0 0 0 0 0 0 0 0 0 0 0 0 0 0 0 0 0 0 0 0 0 0 0 0 0 0 0 0 0 0 0 0 0 0 0 0 0 0 0 0 0 0 0 0 0 0 0 0 0 0 0 0 0 0 0 0 0 0 0 0 0 0 0 0 0 0 0 0 0 0 0 0 0 0 0 0 0 0 0 0 0 0 0 0 0 0 0 0 0 0 0 0 0 0 0 0 0 0 0 0 0 0 0 0 0 0 0 0 0 0 0 0 0 0 0 0 0 0 0 0 0 0 0 0 0 0 0 0 0 0 0 0 0 0 0 0 0 0 0 0 0 0 0 0 0 0 0 0 0 0 0 0 0 0 0 0 0 0 0 0 0 0 0 0 0 0 0 0 0 0 0 0 0 0 0 0 0 0 0 0 0 0 0 0 0 0 0 0 0 0
ctxt 3729500216
btime 1783935075
processes 5333515
procs_running 1
procs_blocked 0
softirq 2823729132 204 316108887 1629038 892954353 32768 0 7324127 906314879 256532 699108344

/proc/meminfo
MemTotal:       32273192 kB
MemFree:         4378140 kB
MemAvailable:   27961624 kB
Buffers:               0 kB
Cached:         21215024 kB
SwapCached:        21664 kB
Active:         22817628 kB
Inactive:         393160 kB
Active(anon):    2196208 kB
Inactive(anon):   134240 kB
Active(file):   20621420 kB
Inactive(file):   258920 kB
Unevictable:           0 kB
Mlocked:               0 kB
SwapTotal:      67108860 kB
SwapFree:       63595004 kB
Zswap:                 0 kB
Zswapped:              0 kB
Dirty:               232 kB
Writeback:             0 kB
AnonPages:       1948800 kB
Mapped:           395512 kB
Shmem:            335956 kB
KReclaimable:    3180556 kB
Slab:            3807660 kB
SReclaimable:    3180556 kB
SUnreclaim:       627104 kB
KernelStack:       34192 kB
PageTables:        34172 kB
SecPageTables:      4112 kB
NFS_Unstable:          0 kB
Bounce:                0 kB
WritebackTmp:          0 kB
CommitLimit:    83245456 kB
Committed_AS:   12293756 kB
VmallocTotal:   34359738367 kB
VmallocUsed:      229836 kB
VmallocChunk:          0 kB
Percpu:            21216 kB
HardwareCorrupted:     0 kB
AnonHugePages:   1114112 kB
ShmemHugePages:        0 kB
ShmemPmdMapped:        0 kB
FileHugePages:         0 kB
FilePmdMapped:         0 kB
CmaTotal:              0 kB
CmaFree:               0 kB
Unaccepted:            0 kB
HugePages_Total:       0
HugePages_Free:        0
HugePages_Rsvd:        0
HugePages_Surp:        0
Hugepagesize:       2048 kB
Hugetlb:               0 kB
DirectMap4k:      389980 kB
DirectMap2M:     5574656 kB
DirectMap1G:    27262976 kB

/sys/devices/system/cpu/cpu2/cpufreq/scaling_cur_freq 1200129

/sys/devices/system/cpu/cpu3/cpufreq/scaling_cur_freq 1199723

/sys/devices/system/cpu/cpu4/cpufreq/scaling_cur_freq 1199891

/sys/devices/system/cpu/cpu5/cpufreq/scaling_cur_freq 1201021

/sys/devices/system/cpu/cpu6/cpufreq/scaling_cur_freq 1198802

/sys/devices/system/cpu/cpu7/cpufreq/scaling_cur_freq 1200000

/sys/devices/system/cpu/cpu8/cpufreq/scaling_cur_freq 1200303

/sys/devices/system/cpu/cpu9/cpufreq/scaling_cur_freq 1202886

