unix_ns 1788872900500776245
/proc/loadavg
1.84 1.36 1.24 1/2110 10

/proc/stat
cpu  115939616 83897 3611793 11542365609 184937903 870113 1376706 0 0 0
cpu0 41117637 44 83280 448331490 3973584 71853 139197 0 0 0
cpu1 6997086 37155 719146 460856867 24655874 113577 154672 0 0 0
cpu2 5011613 303 157428 475278712 13210756 38546 27111 0 0 0
cpu3 4616828 97 85996 480294753 8702096 25249 14942 0 0 0
cpu4 5020048 1299 228270 471914296 16402609 49669 42948 0 0 0
cpu5 4963202 55 84589 480396322 8247686 27595 14741 0 0 0
cpu6 4818118 70 61127 484261466 4565109 22325 22776 0 0 0
cpu7 10192532 22039 630995 460834863 21779895 101866 70684 0 0 0
cpu8 4962785 125 110733 478697872 9881743 37318 36185 0 0 0
cpu9 4862911 55 66300 483867967 4909612 23400 16966 0 0 0
cpu10 4854700 38 62957 485435270 3306318 23766 70665 0 0 0
cpu11 4600451 519 193492 477055082 11672143 54763 95190 0 0 0
cpu12 1604653 15 45479 487727360 4340930 13621 19381 0 0 0
cpu13 2027388 10613 343202 484171237 7078606 32330 21950 0 0 0
cpu14 692946 221 51845 487950010 5012672 13205 12677 0 0 0
cpu15 926000 56 43121 488804602 3971969 9316 7121 0 0 0
cpu16 945608 283 51142 489482162 3264685 9573 5923 0 0 0
cpu17 569212 93 52573 489689282 3238042 42190 147016 0 0 0
cpu18 692390 30 57262 489440426 3440571 22292 99509 0 0 0
cpu19 3315890 10053 247641 482460975 7560033 46360 38378 0 0 0
cpu20 600042 202 52773 488235794 4708931 32863 55651 0 0 0
cpu21 646343 131 73934 488714271 4003779 39349 249327 0 0 0
cpu22 636836 69 56763 489743457 3305013 8943 7930 0 0 0
cpu23 1264384 320 51734 488721066 3705235 10131 5756 0 0 0
intr 3708611133 22 0 0 0 0 0 0 0 0 0 0 0 0 0 0 0 8 0 0 0 0 0 0 0 0 0 0 0 1 0 1 1 1 1 0 0 0 0 37 0 0 0 0 0 0 0 0 0 0 0 0 0 0 0 0 0 0 0 0 0 0 0 0 0 2865 1 165552494 157975514 162433350 382010067 61824 649574 103571 70271 165999 144668 50322 462453 79643 48240 33143 115753 39277 214698 54535 42616 52656 36792 39573 508258 130772 64747 38073 37839 29654 0 0 0 0 0 0 2 0 2 2 2 2 2 2 35 2 207 2 0 0 0 0 0 0 0 0 0 0 0 0 0 0 0 0 0 0 0 0 0 0 0 0 0 0 0 0 0 0 0 0 0 0 0 0 0 0 0 0 0 0 0 0 0 0 0 0 0 0 0 0 0 0 0 0 0 0 0 0 0 0 0 0 0 0 0 0 0 0 0 0 0 0 0 0 0 0 0 0 0 0 0 0 0 0 0 0 0 0 0 0 0 0 0 0 0 0 0 0 0 0 0 0 0 0 0 0 0 0 0 0 0 0 0 0 0 0 0 0 0 0 0 0 0 0 0 0 0 0 0 0 0 0 0 0 0 0 0 0 0 0 0 0 0 0 0 0 0 0 0 0 0 0 0 0 0 0 0 0 0 0 0 0 0 0 0 0 0 0 0 0 0 0 0 0 0 0 0 0 0 0 0 0 0 0 0 0 0 0 0 0 0 0 0 0 0 0 0 0 0 0 0 0 0 0 0 0 0 0 0 0 0 0 0 0 0 0 0 0 0 0 0 0 0 0 0 0 0 0 0 0 0 0 0 0 0 0 0 0 0 0 0 0 0 0 0 0 0 0 0 0 0 0 0 0 0 0 0 0 0 0 0 0 0 0 0 0 0 0 0 0 0 0 0 0 0 0 0 0 0 0 0 0 0 0 0 0 0 0 0 0 0 0 0 0 0 0 0 0 0 0 0 0 0 0 0 0 0 0 0 0 0 0 0 0 0 0 0 0 0 0 0 0 0 0 0 0 0 0 0 0 0 0 0 0 0 0 0 0 0 0 0 0 0 0 0 0 0 0 0 0 0 0 0 0 0 0 0 0 0 0 0 0 0 0 0 0 0 0 0 0 0 0 0 0 0 0 0 0 0 0 0 0 0 0 0 0 0 0 0 0 0 0 0 0 0 0 0 0 0 0 0 0 0 0 0 0 0 0 0 0 0 0 0 0 0 0 0 0 0 0 0 0 0 0 0 0 0 0 0 0 0 0 0 0 0 0 0 0 0 0 0 0 0 0 0 0 0 0 0 0 0 0 0 0 0 0 0 0 0 0 0 0 0 0 0 0 0 0 0 0 0 0 0 0 0 0 0 0 0 0 0 0 0 0 0 0 0 0 0 0 0 0 0 0 0 0 0 0 0 0 0 0 0 0 0 0 0 0 0 0 0 0 0 0 0 0 0 0 0 0 0 0 0 0 0 0 0 0 0 0 0 0 0 0 0 0 0 0 0 0 0 0 0 0 0 0 0 0 0 0 0 0 0 0 0 0 0 0 0 0 0 0 0 0 0 0 0 0 0 0 0 0 0 0 0 0 0 0 0 0 0 0 0 0 0 0 0 0 0 0 0 0 0 0 0 0 0 0 0 0 0 0 0 0 0 0 0 0 0 0 0 0 0 0 0 0 0 0 0 0 0 0 0 0 0 0 0 0 0 0 0 0 0 0 0 0 0 0 0 0 0 0 0 0 0 0 0 0 0 0 0 0 0 0 0 0 0 0 0 0 0 0 0 0 0 0 0 0 0 0 0 0 0 0 0 0 0 0 0 0 0 0 0 0 0 0 0 0 0 0 0 0 0 0 0 0 0 0 0 0 0 0 0 0 0 0 0 0 0 0 0 0 0 0 0 0 0 0 0 0 0 0 0 0 0 0 0 0 0 0 0 0 0 0 0 0 0 0 0 0 0 0 0 0 0 0 0 0 0 0 0 0 0 0 0 0 0 0 0 0 0 0 0 0 0 0 0 0 0 0 0 0 0 0 0 0 0 0 0 0 0 0 0 0 0 0 0 0 0 0 0 0 0 0 0 0 0 0 0 0 0 0 0 0 0 0 0 0 0 0 0 0 0 0 0 0 0 0 0 0 0 0 0 0 0 0 0 0 0 0 0 0 0 0 0 0 0 0 0 0 0 0 0 0 0 0 0 0 0 0 0 0 0 0 0 0 0 0 0 0 0 0 0 0 0 0 0 0 0 0 0 0 0 0 0 0 0 0 0 0 0 0 0 0 0 0 0 0 0 0 0 0 0 0 0 0 0 0 0 0 0 0 0 0 0 0 0 0 0 0 0 0 0 0 0 0 0 0 0 0 0 0 0 0 0 0 0 0 0 0 0 0 0 0 0 0 0 0 0 0 0 0 0 0 0 0 0 0 0 0 0 0 0 0 0 0 0 0 0 0 0 0 0 0 0 0 0 0 0 0 0 0 0 0 0 0 0 0 0 0 0 0 0 0 0 0 0 0 0 0 0 0 0 0 0 0 0 0 0 0 0 0 0 0 0 0 0 0 0 0 0 0 0 0 0 0 0 0 0 0 0 0 0 0 0 0 0 0 0 0 0 0 0 0 0 0 0 0 0 0 0 0 0 0 0
ctxt 3729378001
btime 1783935075
processes 5333421
procs_running 1
procs_blocked 0
softirq 2823605305 204 316101215 1628964 892931647 32768 0 7323915 906244691 256532 699085369

/proc/meminfo
MemTotal:       32273192 kB
MemFree:         4502472 kB
MemAvailable:   28002692 kB
Buffers:               0 kB
Cached:         21131984 kB
SwapCached:        21664 kB
Active:         22654188 kB
Inactive:         393152 kB
Active(anon):    2115800 kB
Inactive(anon):   134240 kB
Active(file):   20538388 kB
Inactive(file):   258912 kB
Unevictable:           0 kB
Mlocked:               0 kB
SwapTotal:      67108860 kB
SwapFree:       63595004 kB
Zswap:                 0 kB
Zswapped:              0 kB
Dirty:               148 kB
Writeback:           200 kB
AnonPages:       1868388 kB
Mapped:           395488 kB
Shmem:            335956 kB
KReclaimable:    3180332 kB
Slab:            3807556 kB
SReclaimable:    3180332 kB
SUnreclaim:       627224 kB
KernelStack:       34128 kB
PageTables:        33996 kB
SecPageTables:      4112 kB
NFS_Unstable:          0 kB
Bounce:                0 kB
WritebackTmp:          0 kB
CommitLimit:    83245456 kB
Committed_AS:   12213448 kB
VmallocTotal:   34359738367 kB
VmallocUsed:      229852 kB
VmallocChunk:          0 kB
Percpu:            21216 kB
HardwareCorrupted:     0 kB
AnonHugePages:   1083392 kB
ShmemHugePages:        0 kB
ShmemPmdMapped:        0 kB
FileHugePages:         0 kB
FilePmdMapped:         0 kB
CmaTotal:              0 kB
CmaFree:               0 kB
Unaccepted:            0 kB
HugePages_Total:       0
HugePages_Free:        0
HugePages_Rsvd:        0
HugePages_Surp:        0
Hugepagesize:       2048 kB
Hugetlb:               0 kB
DirectMap4k:      389980 kB
DirectMap2M:     5574656 kB
DirectMap1G:    27262976 kB

/sys/devices/system/cpu/cpu2/cpufreq/scaling_cur_freq 1200000

/sys/devices/system/cpu/cpu3/cpufreq/scaling_cur_freq 1200000

/sys/devices/system/cpu/cpu4/cpufreq/scaling_cur_freq 1200000

/sys/devices/system/cpu/cpu5/cpufreq/scaling_cur_freq 1200000

/sys/devices/system/cpu/cpu6/cpufreq/scaling_cur_freq 1200000

/sys/devices/system/cpu/cpu7/cpufreq/scaling_cur_freq 1200000

/sys/devices/system/cpu/cpu8/cpufreq/scaling_cur_freq 1200000

/sys/devices/system/cpu/cpu9/cpufreq/scaling_cur_freq 1197154

