unix_ns 1788873005808871673
/proc/loadavg
2.89 1.91 1.45 2/2111 76

/proc/stat
cpu  115959244 83897 3612230 11542597859 184938167 870164 1376776 0 0 0
cpu0 41119338 44 83590 448339772 3973772 71857 139231 0 0 0
cpu1 6997134 37155 719157 460867313 24655888 113578 154680 0 0 0
cpu2 5019486 303 157439 475281341 13210757 38561 27112 0 0 0
cpu3 4620865 97 85998 480301234 8702099 25256 14943 0 0 0
cpu4 5021562 1299 228279 471923291 16402612 49673 42951 0 0 0
cpu5 4964690 55 84593 480405350 8247693 27599 14742 0 0 0
cpu6 4818824 70 61129 484271283 4565111 22327 22776 0 0 0
cpu7 10193263 22039 631013 460844620 21779911 101868 70685 0 0 0
cpu8 4963489 125 110735 478707695 9881743 37319 36186 0 0 0
cpu9 4863612 55 66302 483877790 4909612 23402 16966 0 0 0
cpu10 4854707 38 62960 485445778 3306328 23767 70665 0 0 0
cpu11 4600462 519 193506 477065584 11672144 54764 95192 0 0 0
cpu12 1604662 15 45484 487737871 4340932 13622 19382 0 0 0
cpu13 2027403 10613 343207 484181742 7078606 32331 21950 0 0 0
cpu14 692951 221 51847 487960531 5012672 13206 12677 0 0 0
cpu15 926001 56 43123 488815123 3971976 9316 7121 0 0 0
cpu16 945613 283 51144 489492686 3264685 9573 5923 0 0 0
cpu17 569214 93 52575 489699802 3238046 42190 147017 0 0 0
cpu18 692392 30 57263 489450953 3440571 22292 99509 0 0 0
cpu19 3315906 10053 247645 482471483 7560033 46361 38378 0 0 0
cpu20 600042 202 52777 488246318 4708931 32863 55651 0 0 0
cpu21 646359 131 73942 488724755 4003783 39351 249343 0 0 0
cpu22 636844 69 56769 489753972 3305013 8944 7930 0 0 0
cpu23 1264413 320 51741 488731559 3705235 10131 5756 0 0 0
intr 3708916404 22 0 0 0 0 0 0 0 0 0 0 0 0 0 0 0 8 0 0 0 0 0 0 0 0 0 0 0 1 0 1 1 1 1 0 0 0 0 37 0 0 0 0 0 0 0 0 0 0 0 0 0 0 0 0 0 0 0 0 0 0 0 0 0 2865 1 165562432 157976699 162435429 382023882 61824 649615 103571 70271 165999 144685 50322 462453 79643 48243 33143 115753 39277 214698 54535 42616 52656 36792 39573 508272 130774 64766 38075 37839 29654 0 0 0 0 0 0 2 0 2 2 2 2 2 2 35 2 207 2 0 0 0 0 0 0 0 0 0 0 0 0 0 0 0 0 0 0 0 0 0 0 0 0 0 0 0 0 0 0 0 0 0 0 0 0 0 0 0 0 0 0 0 0 0 0 0 0 0 0 0 0 0 0 0 0 0 0 0 0 0 0 0 0 0 0 0 0 0 0 0 0 0 0 0 0 0 0 0 0 0 0 0 0 0 0 0 0 0 0 0 0 0 0 0 0 0 0 0 0 0 0 0 0 0 0 0 0 0 0 0 0 0 0 0 0 0 0 0 0 0 0 0 0 0 0 0 0 0 0 0 0 0 0 0 0 0 0 0 0 0 0 0 0 0 0 0 0 0 0 0 0 0 0 0 0 0 0 0 0 0 0 0 0 0 0 0 0 0 0 0 0 0 0 0 0 0 0 0 0 0 0 0 0 0 0 0 0 0 0 0 0 0 0 0 0 0 0 0 0 0 0 0 0 0 0 0 0 0 0 0 0 0 0 0 0 0 0 0 0 0 0 0 0 0 0 0 0 0 0 0 0 0 0 0 0 0 0 0 0 0 0 0 0 0 0 0 0 0 0 0 0 0 0 0 0 0 0 0 0 0 0 0 0 0 0 0 0 0 0 0 0 0 0 0 0 0 0 0 0 0 0 0 0 0 0 0 0 0 0 0 0 0 0 0 0 0 0 0 0 0 0 0 0 0 0 0 0 0 0 0 0 0 0 0 0 0 0 0 0 0 0 0 0 0 0 0 0 0 0 0 0 0 0 0 0 0 0 0 0 0 0 0 0 0 0 0 0 0 0 0 0 0 0 0 0 0 0 0 0 0 0 0 0 0 0 0 0 0 0 0 0 0 0 0 0 0 0 0 0 0 0 0 0 0 0 0 0 0 0 0 0 0 0 0 0 0 0 0 0 0 0 0 0 0 0 0 0 0 0 0 0 0 0 0 0 0 0 0 0 0 0 0 0 0 0 0 0 0 0 0 0 0 0 0 0 0 0 0 0 0 0 0 0 0 0 0 0 0 0 0 0 0 0 0 0 0 0 0 0 0 0 0 0 0 0 0 0 0 0 0 0 0 0 0 0 0 0 0 0 0 0 0 0 0 0 0 0 0 0 0 0 0 0 0 0 0 0 0 0 0 0 0 0 0 0 0 0 0 0 0 0 0 0 0 0 0 0 0 0 0 0 0 0 0 0 0 0 0 0 0 0 0 0 0 0 0 0 0 0 0 0 0 0 0 0 0 0 0 0 0 0 0 0 0 0 0 0 0 0 0 0 0 0 0 0 0 0 0 0 0 0 0 0 0 0 0 0 0 0 0 0 0 0 0 0 0 0 0 0 0 0 0 0 0 0 0 0 0 0 0 0 0 0 0 0 0 0 0 0 0 0 0 0 0 0 0 0 0 0 0 0 0 0 0 0 0 0 0 0 0 0 0 0 0 0 0 0 0 0 0 0 0 0 0 0 0 0 0 0 0 0 0 0 0 0 0 0 0 0 0 0 0 0 0 0 0 0 0 0 0 0 0 0 0 0 0 0 0 0 0 0 0 0 0 0 0 0 0 0 0 0 0 0 0 0 0 0 0 0 0 0 0 0 0 0 0 0 0 0 0 0 0 0 0 0 0 0 0 0 0 0 0 0 0 0 0 0 0 0 0 0 0 0 0 0 0 0 0 0 0 0 0 0 0 0 0 0 0 0 0 0 0 0 0 0 0 0 0 0 0 0 0 0 0 0 0 0 0 0 0 0 0 0 0 0 0 0 0 0 0 0 0 0 0 0 0 0 0 0 0 0 0 0 0 0 0 0 0 0 0 0 0 0 0 0 0 0 0 0 0 0 0 0 0 0 0 0 0 0 0 0 0 0 0 0 0 0 0 0 0 0 0 0 0 0 0 0 0 0 0 0 0 0 0 0 0 0 0 0 0 0 0 0 0 0 0 0 0 0 0 0 0 0 0 0 0 0 0 0 0 0 0 0 0 0 0 0 0 0 0 0 0 0 0 0 0 0 0 0 0 0 0 0 0 0 0 0 0 0 0 0 0 0 0 0 0 0 0 0 0 0 0 0 0 0 0 0 0 0 0 0 0 0 0 0 0 0 0 0 0 0 0 0 0 0 0 0 0 0 0 0 0 0 0 0 0 0 0 0 0 0 0 0 0 0 0 0 0 0 0 0 0 0 0 0 0 0 0 0 0 0 0 0 0 0 0 0 0 0 0 0 0 0 0 0 0 0 0 0 0 0 0 0 0 0 0 0 0 0 0 0 0 0 0 0 0 0 0 0 0 0 0 0 0 0 0 0 0 0 0 0 0 0 0 0 0 0 0 0 0 0 0 0 0 0 0 0 0 0 0 0 0 0 0 0 0
ctxt 3729547641
btime 1783935075
processes 5333638
procs_running 4
procs_blocked 0
softirq 2823767854 204 316111102 1629096 892961107 32768 0 7324271 906335736 256532 699117038

/proc/meminfo
MemTotal:       32273192 kB
MemFree:         4335816 kB
MemAvailable:   27938744 kB
Buffers:               0 kB
Cached:         21234236 kB
SwapCached:        21664 kB
Active:         22842456 kB
Inactive:         393176 kB
Active(anon):    2201864 kB
Inactive(anon):   134240 kB
Active(file):   20640592 kB
Inactive(file):   258936 kB
Unevictable:           0 kB
Mlocked:               0 kB
SwapTotal:      67108860 kB
SwapFree:       63595004 kB
Zswap:                 0 kB
Zswapped:              0 kB
Dirty:               508 kB
Writeback:             0 kB
AnonPages:       1954400 kB
Mapped:           395536 kB
Shmem:            335980 kB
KReclaimable:    3180812 kB
Slab:            3807908 kB
SReclaimable:    3180812 kB
SUnreclaim:       627096 kB
KernelStack:       34192 kB
PageTables:        34332 kB
SecPageTables:      4112 kB
NFS_Unstable:          0 kB
Bounce:                0 kB
WritebackTmp:          0 kB
CommitLimit:    83245456 kB
Committed_AS:   12326224 kB
VmallocTotal:   34359738367 kB
VmallocUsed:      229776 kB
VmallocChunk:          0 kB
Percpu:            21216 kB
HardwareCorrupted:     0 kB
AnonHugePages:   1114112 kB
ShmemHugePages:        0 kB
ShmemPmdMapped:        0 kB
FileHugePages:         0 kB
FilePmdMapped:         0 kB
CmaTotal:              0 kB
CmaFree:               0 kB
Unaccepted:            0 kB
HugePages_Total:       0
HugePages_Free:        0
HugePages_Rsvd:        0
HugePages_Surp:        0
Hugepagesize:       2048 kB
Hugetlb:               0 kB
DirectMap4k:      389980 kB
DirectMap2M:     5574656 kB
DirectMap1G:    27262976 kB

/sys/devices/system/cpu/cpu2/cpufreq/scaling_cur_freq 2408830

/sys/devices/system/cpu/cpu3/cpufreq/scaling_cur_freq 1200000

/sys/devices/system/cpu/cpu4/cpufreq/scaling_cur_freq 3851287

/sys/devices/system/cpu/cpu5/cpufreq/scaling_cur_freq 1395308

/sys/devices/system/cpu/cpu6/cpufreq/scaling_cur_freq 1200000

/sys/devices/system/cpu/cpu7/cpufreq/scaling_cur_freq 1200000

/sys/devices/system/cpu/cpu8/cpufreq/scaling_cur_freq 1200000

/sys/devices/system/cpu/cpu9/cpufreq/scaling_cur_freq 1200000

