unix_ns 1788872964818894829
/proc/loadavg
2.80 1.75 1.38 1/2106 52

/proc/stat
cpu  115952076 83897 3612053 11542506992 184938066 870144 1376748 0 0 0
cpu0 41118698 44 83476 448336512 3973705 71856 139218 0 0 0
cpu1 6997120 37155 719153 460863240 24655883 113578 154677 0 0 0
cpu2 5016438 303 157438 475280298 13210757 38555 27112 0 0 0
cpu3 4619773 97 85997 480298230 8702099 25254 14943 0 0 0
cpu4 5020984 1299 228274 471919783 16402609 49671 42950 0 0 0
cpu5 4964126 55 84591 480401821 8247692 27597 14742 0 0 0
cpu6 4818532 70 61128 484267479 4565110 22326 22776 0 0 0
cpu7 10192970 22039 631004 460840834 21779904 101867 70685 0 0 0
cpu8 4963200 125 110734 478703886 9881743 37319 36186 0 0 0
cpu9 4863324 55 66302 483873981 4909612 23402 16966 0 0 0
cpu10 4854704 38 62958 485441687 3306324 23767 70665 0 0 0
cpu11 4600455 519 193497 477061503 11672144 54764 95190 0 0 0
cpu12 1604659 15 45482 487733780 4340931 13622 19381 0 0 0
cpu13 2027395 10613 343204 484177656 7078606 32331 21950 0 0 0
cpu14 692947 221 51845 487956438 5012672 13205 12677 0 0 0
cpu15 926000 56 43122 488811032 3971970 9316 7121 0 0 0
cpu16 945609 283 51143 489488592 3264685 9573 5923 0 0 0
cpu17 569213 93 52574 489695711 3238042 42190 147016 0 0 0
cpu18 692391 30 57262 489446857 3440571 22292 99509 0 0 0
cpu19 3315891 10053 247642 482467404 7560033 46361 38378 0 0 0
cpu20 600042 202 52774 488242223 4708931 32863 55651 0 0 0
cpu21 646353 131 73936 488720678 4003781 39350 249337 0 0 0
cpu22 636838 69 56765 489749884 3305013 8944 7930 0 0 0
cpu23 1264402 320 51739 488727472 3705235 10131 5756 0 0 0
intr 3708798460 22 0 0 0 0 0 0 0 0 0 0 0 0 0 0 0 8 0 0 0 0 0 0 0 0 0 0 0 1 0 1 1 1 1 0 0 0 0 37 0 0 0 0 0 0 0 0 0 0 0 0 0 0 0 0 0 0 0 0 0 0 0 0 0 2865 1 165558804 157975905 162434403 382018658 61824 649588 103571 70271 165999 144676 50322 462453 79643 48243 33143 115753 39277 214698 54535 42616 52656 36792 39573 508265 130773 64761 38073 37839 29654 0 0 0 0 0 0 2 0 2 2 2 2 2 2 35 2 207 2 0 0 0 0 0 0 0 0 0 0 0 0 0 0 0 0 0 0 0 0 0 0 0 0 0 0 0 0 0 0 0 0 0 0 0 0 0 0 0 0 0 0 0 0 0 0 0 0 0 0 0 0 0 0 0 0 0 0 0 0 0 0 0 0 0 0 0 0 0 0 0 0 0 0 0 0 0 0 0 0 0 0 0 0 0 0 0 0 0 0 0 0 0 0 0 0 0 0 0 0 0 0 0 0 0 0 0 0 0 0 0 0 0 0 0 0 0 0 0 0 0 0 0 0 0 0 0 0 0 0 0 0 0 0 0 0 0 0 0 0 0 0 0 0 0 0 0 0 0 0 0 0 0 0 0 0 0 0 0 0 0 0 0 0 0 0 0 0 0 0 0 0 0 0 0 0 0 0 0 0 0 0 0 0 0 0 0 0 0 0 0 0 0 0 0 0 0 0 0 0 0 0 0 0 0 0 0 0 0 0 0 0 0 0 0 0 0 0 0 0 0 0 0 0 0 0 0 0 0 0 0 0 0 0 0 0 0 0 0 0 0 0 0 0 0 0 0 0 0 0 0 0 0 0 0 0 0 0 0 0 0 0 0 0 0 0 0 0 0 0 0 0 0 0 0 0 0 0 0 0 0 0 0 0 0 0 0 0 0 0 0 0 0 0 0 0 0 0 0 0 0 0 0 0 0 0 0 0 0 0 0 0 0 0 0 0 0 0 0 0 0 0 0 0 0 0 0 0 0 0 0 0 0 0 0 0 0 0 0 0 0 0 0 0 0 0 0 0 0 0 0 0 0 0 0 0 0 0 0 0 0 0 0 0 0 0 0 0 0 0 0 0 0 0 0 0 0 0 0 0 0 0 0 0 0 0 0 0 0 0 0 0 0 0 0 0 0 0 0 0 0 0 0 0 0 0 0 0 0 0 0 0 0 0 0 0 0 0 0 0 0 0 0 0 0 0 0 0 0 0 0 0 0 0 0 0 0 0 0 0 0 0 0 0 0 0 0 0 0 0 0 0 0 0 0 0 0 0 0 0 0 0 0 0 0 0 0 0 0 0 0 0 0 0 0 0 0 0 0 0 0 0 0 0 0 0 0 0 0 0 0 0 0 0 0 0 0 0 0 0 0 0 0 0 0 0 0 0 0 0 0 0 0 0 0 0 0 0 0 0 0 0 0 0 0 0 0 0 0 0 0 0 0 0 0 0 0 0 0 0 0 0 0 0 0 0 0 0 0 0 0 0 0 0 0 0 0 0 0 0 0 0 0 0 0 0 0 0 0 0 0 0 0 0 0 0 0 0 0 0 0 0 0 0 0 0 0 0 0 0 0 0 0 0 0 0 0 0 0 0 0 0 0 0 0 0 0 0 0 0 0 0 0 0 0 0 0 0 0 0 0 0 0 0 0 0 0 0 0 0 0 0 0 0 0 0 0 0 0 0 0 0 0 0 0 0 0 0 0 0 0 0 0 0 0 0 0 0 0 0 0 0 0 0 0 0 0 0 0 0 0 0 0 0 0 0 0 0 0 0 0 0 0 0 0 0 0 0 0 0 0 0 0 0 0 0 0 0 0 0 0 0 0 0 0 0 0 0 0 0 0 0 0 0 0 0 0 0 0 0 0 0 0 0 0 0 0 0 0 0 0 0 0 0 0 0 0 0 0 0 0 0 0 0 0 0 0 0 0 0 0 0 0 0 0 0 0 0 0 0 0 0 0 0 0 0 0 0 0 0 0 0 0 0 0 0 0 0 0 0 0 0 0 0 0 0 0 0 0 0 0 0 0 0 0 0 0 0 0 0 0 0 0 0 0 0 0 0 0 0 0 0 0 0 0 0 0 0 0 0 0 0 0 0 0 0 0 0 0 0 0 0 0 0 0 0 0 0 0 0 0 0 0 0 0 0 0 0 0 0 0 0 0 0 0 0 0 0 0 0 0 0 0 0 0 0 0 0 0 0 0 0 0 0 0 0 0 0 0 0 0 0 0 0 0 0 0 0 0 0 0 0 0 0 0 0 0 0 0 0 0 0 0 0 0 0 0 0 0 0 0 0 0 0 0 0 0 0 0 0 0 0 0 0 0 0 0 0 0 0 0 0 0 0 0 0 0 0 0 0 0 0 0 0 0 0 0 0 0 0 0 0 0 0 0 0 0 0 0 0 0 0 0 0 0 0 0 0 0 0 0 0 0 0 0 0 0 0 0 0 0 0 0 0 0 0 0 0 0 0 0 0 0 0 0 0 0 0 0 0 0 0 0 0 0 0 0 0 0 0 0 0 0 0 0 0 0 0 0 0 0 0 0 0 0 0 0 0 0 0 0 0 0 0 0 0 0 0 0 0 0 0 0 0 0 0 0
ctxt 3729473958
btime 1783935075
processes 5333502
procs_running 1
procs_blocked 0
softirq 2823701119 204 316107043 1629018 892949457 32768 0 7324079 906298276 256532 699103742

/proc/meminfo
MemTotal:       32273192 kB
MemFree:         4390236 kB
MemAvailable:   27954408 kB
Buffers:               0 kB
Cached:         21195760 kB
SwapCached:        21664 kB
Active:         22798256 kB
Inactive:         393160 kB
Active(anon):    2196100 kB
Inactive(anon):   134240 kB
Active(file):   20602156 kB
Inactive(file):   258920 kB
Unevictable:           0 kB
Mlocked:               0 kB
SwapTotal:      67108860 kB
SwapFree:       63595004 kB
Zswap:                 0 kB
Zswapped:              0 kB
Dirty:               344 kB
Writeback:             0 kB
AnonPages:       1948708 kB
Mapped:           395512 kB
Shmem:            335956 kB
KReclaimable:    3180508 kB
Slab:            3807648 kB
SReclaimable:    3180508 kB
SUnreclaim:       627140 kB
KernelStack:       34080 kB
PageTables:        34156 kB
SecPageTables:      4112 kB
NFS_Unstable:          0 kB
Bounce:                0 kB
WritebackTmp:          0 kB
CommitLimit:    83245456 kB
Committed_AS:   12293692 kB
VmallocTotal:   34359738367 kB
VmallocUsed:      229820 kB
VmallocChunk:          0 kB
Percpu:            21216 kB
HardwareCorrupted:     0 kB
AnonHugePages:   1114112 kB
ShmemHugePages:        0 kB
ShmemPmdMapped:        0 kB
FileHugePages:         0 kB
FilePmdMapped:         0 kB
CmaTotal:              0 kB
CmaFree:               0 kB
Unaccepted:            0 kB
HugePages_Total:       0
HugePages_Free:        0
HugePages_Rsvd:        0
HugePages_Surp:        0
Hugepagesize:       2048 kB
Hugetlb:               0 kB
DirectMap4k:      389980 kB
DirectMap2M:     5574656 kB
DirectMap1G:    27262976 kB

/sys/devices/system/cpu/cpu2/cpufreq/scaling_cur_freq 1199959

/sys/devices/system/cpu/cpu3/cpufreq/scaling_cur_freq 1200000

/sys/devices/system/cpu/cpu4/cpufreq/scaling_cur_freq 4173443

/sys/devices/system/cpu/cpu5/cpufreq/scaling_cur_freq 1200000

/sys/devices/system/cpu/cpu6/cpufreq/scaling_cur_freq 1200000

/sys/devices/system/cpu/cpu7/cpufreq/scaling_cur_freq 1200000

/sys/devices/system/cpu/cpu8/cpufreq/scaling_cur_freq 1200000

/sys/devices/system/cpu/cpu9/cpufreq/scaling_cur_freq 1200000

