unix_ns 1788873068428657097
/proc/loadavg
2.63 2.02 1.53 1/2114 112

/proc/stat
cpu  115970716 83897 3612477 11542736163 184938332 870193 1376816 0 0 0
cpu0 41120390 44 83786 448344625 3973904 71860 139251 0 0 0
cpu1 6997153 37155 719161 460873539 24655891 113579 154685 0 0 0
cpu2 5023986 303 157442 475283092 13210757 38570 27112 0 0 0
cpu3 4623430 97 86000 480304924 8702099 25261 14943 0 0 0
cpu4 5022636 1299 228281 471928473 16402612 49676 42951 0 0 0
cpu5 4965759 55 84595 480410535 8247694 27601 14742 0 0 0
cpu6 4819104 70 61130 484277263 4565111 22328 22776 0 0 0
cpu7 10193550 22039 631017 460850569 21779931 101869 70685 0 0 0
cpu8 4963770 125 110736 478713672 9881744 37320 36186 0 0 0
cpu9 4863892 55 66303 483883771 4909612 23403 16966 0 0 0
cpu10 4854709 38 62962 485452029 3306333 23767 70665 0 0 0
cpu11 4600464 519 193513 477071832 11672144 54764 95193 0 0 0
cpu12 1604663 15 45486 487744131 4340932 13622 19382 0 0 0
cpu13 2027409 10613 343211 484187992 7078606 32331 21950 0 0 0
cpu14 692951 221 51847 487966791 5012672 13206 12677 0 0 0
cpu15 926002 56 43123 488821383 3971977 9316 7121 0 0 0
cpu16 945614 283 51145 489498944 3264685 9574 5923 0 0 0
cpu17 569215 93 52575 489706063 3238046 42191 147017 0 0 0
cpu18 692393 30 57265 489457209 3440573 22292 99509 0 0 0
cpu19 3315940 10053 247650 482477704 7560033 46361 38378 0 0 0
cpu20 600043 202 52778 488252578 4708931 32863 55651 0 0 0
cpu21 646365 131 73946 488730993 4003784 39351 249353 0 0 0
cpu22 636851 69 56772 489760221 3305013 8944 7931 0 0 0
cpu23 1264413 320 51742 488737819 3705235 10131 5756 0 0 0
intr 3709082133 22 0 0 0 0 0 0 0 0 0 0 0 0 0 0 0 8 0 0 0 0 0 0 0 0 0 0 0 1 0 1 1 1 1 0 0 0 0 37 0 0 0 0 0 0 0 0 0 0 0 0 0 0 0 0 0 0 0 0 0 0 0 0 0 2865 1 165564243 157981641 162435709 382032458 61824 649615 103571 70271 166000 144689 50322 462453 79643 48243 33143 115753 39279 214698 54535 42616 52656 36792 39573 508276 130774 64771 38076 37844 29654 0 0 0 0 0 0 2 0 2 2 2 2 2 2 35 2 207 2 0 0 0 0 0 0 0 0 0 0 0 0 0 0 0 0 0 0 0 0 0 0 0 0 0 0 0 0 0 0 0 0 0 0 0 0 0 0 0 0 0 0 0 0 0 0 0 0 0 0 0 0 0 0 0 0 0 0 0 0 0 0 0 0 0 0 0 0 0 0 0 0 0 0 0 0 0 0 0 0 0 0 0 0 0 0 0 0 0 0 0 0 0 0 0 0 0 0 0 0 0 0 0 0 0 0 0 0 0 0 0 0 0 0 0 0 0 0 0 0 0 0 0 0 0 0 0 0 0 0 0 0 0 0 0 0 0 0 0 0 0 0 0 0 0 0 0 0 0 0 0 0 0 0 0 0 0 0 0 0 0 0 0 0 0 0 0 0 0 0 0 0 0 0 0 0 0 0 0 0 0 0 0 0 0 0 0 0 0 0 0 0 0 0 0 0 0 0 0 0 0 0 0 0 0 0 0 0 0 0 0 0 0 0 0 0 0 0 0 0 0 0 0 0 0 0 0 0 0 0 0 0 0 0 0 0 0 0 0 0 0 0 0 0 0 0 0 0 0 0 0 0 0 0 0 0 0 0 0 0 0 0 0 0 0 0 0 0 0 0 0 0 0 0 0 0 0 0 0 0 0 0 0 0 0 0 0 0 0 0 0 0 0 0 0 0 0 0 0 0 0 0 0 0 0 0 0 0 0 0 0 0 0 0 0 0 0 0 0 0 0 0 0 0 0 0 0 0 0 0 0 0 0 0 0 0 0 0 0 0 0 0 0 0 0 0 0 0 0 0 0 0 0 0 0 0 0 0 0 0 0 0 0 0 0 0 0 0 0 0 0 0 0 0 0 0 0 0 0 0 0 0 0 0 0 0 0 0 0 0 0 0 0 0 0 0 0 0 0 0 0 0 0 0 0 0 0 0 0 0 0 0 0 0 0 0 0 0 0 0 0 0 0 0 0 0 0 0 0 0 0 0 0 0 0 0 0 0 0 0 0 0 0 0 0 0 0 0 0 0 0 0 0 0 0 0 0 0 0 0 0 0 0 0 0 0 0 0 0 0 0 0 0 0 0 0 0 0 0 0 0 0 0 0 0 0 0 0 0 0 0 0 0 0 0 0 0 0 0 0 0 0 0 0 0 0 0 0 0 0 0 0 0 0 0 0 0 0 0 0 0 0 0 0 0 0 0 0 0 0 0 0 0 0 0 0 0 0 0 0 0 0 0 0 0 0 0 0 0 0 0 0 0 0 0 0 0 0 0 0 0 0 0 0 0 0 0 0 0 0 0 0 0 0 0 0 0 0 0 0 0 0 0 0 0 0 0 0 0 0 0 0 0 0 0 0 0 0 0 0 0 0 0 0 0 0 0 0 0 0 0 0 0 0 0 0 0 0 0 0 0 0 0 0 0 0 0 0 0 0 0 0 0 0 0 0 0 0 0 0 0 0 0 0 0 0 0 0 0 0 0 0 0 0 0 0 0 0 0 0 0 0 0 0 0 0 0 0 0 0 0 0 0 0 0 0 0 0 0 0 0 0 0 0 0 0 0 0 0 0 0 0 0 0 0 0 0 0 0 0 0 0 0 0 0 0 0 0 0 0 0 0 0 0 0 0 0 0 0 0 0 0 0 0 0 0 0 0 0 0 0 0 0 0 0 0 0 0 0 0 0 0 0 0 0 0 0 0 0 0 0 0 0 0 0 0 0 0 0 0 0 0 0 0 0 0 0 0 0 0 0 0 0 0 0 0 0 0 0 0 0 0 0 0 0 0 0 0 0 0 0 0 0 0 0 0 0 0 0 0 0 0 0 0 0 0 0 0 0 0 0 0 0 0 0 0 0 0 0 0 0 0 0 0 0 0 0 0 0 0 0 0 0 0 0 0 0 0 0 0 0 0 0 0 0 0 0 0 0 0 0 0 0 0 0 0 0 0 0 0 0 0 0 0 0 0 0 0 0 0 0 0 0 0 0 0 0 0 0 0 0 0 0 0 0 0 0 0 0 0 0 0 0 0 0 0 0 0 0 0 0 0 0 0 0 0 0 0 0 0 0 0 0 0 0 0 0 0 0 0 0 0 0 0 0 0 0 0 0 0 0 0 0 0 0 0 0 0 0 0 0 0 0 0 0 0 0 0 0 0 0 0 0 0 0 0 0 0 0 0 0 0 0 0 0 0 0 0 0 0 0 0 0 0 0 0 0 0 0 0 0 0 0 0 0 0 0 0 0 0 0 0 0 0 0 0 0 0 0 0 0 0 0 0 0 0 0 0 0 0 0 0 0 0 0 0 0 0 0 0 0 0 0 0 0 0 0 0 0 0 0 0 0 0 0 0 0 0 0 0 0 0 0 0 0 0 0
ctxt 3729630884
btime 1783935075
processes 5333718
procs_running 1
procs_blocked 0
softirq 2823847878 204 316115893 1629779 892976914 32768 0 7325164 906382046 256532 699128578

/proc/meminfo
MemTotal:       32273192 kB
MemFree:         4250344 kB
MemAvailable:   27917172 kB
Buffers:               0 kB
Cached:         21298008 kB
SwapCached:        21664 kB
Active:         22916644 kB
Inactive:         393188 kB
Active(anon):    2212356 kB
Inactive(anon):   134240 kB
Active(file):   20704288 kB
Inactive(file):   258948 kB
Unevictable:           0 kB
Mlocked:               0 kB
SwapTotal:      67108860 kB
SwapFree:       63595004 kB
Zswap:                 0 kB
Zswapped:              0 kB
Dirty:                12 kB
Writeback:             0 kB
AnonPages:       1964384 kB
Mapped:           395564 kB
Shmem:            335980 kB
KReclaimable:    3181004 kB
Slab:            3807952 kB
SReclaimable:    3181004 kB
SUnreclaim:       626948 kB
KernelStack:       34224 kB
PageTables:        34428 kB
SecPageTables:      4112 kB
NFS_Unstable:          0 kB
Bounce:                0 kB
WritebackTmp:          0 kB
CommitLimit:    83245456 kB
Committed_AS:   12357228 kB
VmallocTotal:   34359738367 kB
VmallocUsed:      229888 kB
VmallocChunk:          0 kB
Percpu:            21216 kB
HardwareCorrupted:     0 kB
AnonHugePages:   1114112 kB
ShmemHugePages:        0 kB
ShmemPmdMapped:        0 kB
FileHugePages:         0 kB
FilePmdMapped:         0 kB
CmaTotal:              0 kB
CmaFree:               0 kB
Unaccepted:            0 kB
HugePages_Total:       0
HugePages_Free:        0
HugePages_Rsvd:        0
HugePages_Surp:        0
Hugepagesize:       2048 kB
Hugetlb:               0 kB
DirectMap4k:      389980 kB
DirectMap2M:     5574656 kB
DirectMap1G:    27262976 kB

/sys/devices/system/cpu/cpu2/cpufreq/scaling_cur_freq 1203741

/sys/devices/system/cpu/cpu3/cpufreq/scaling_cur_freq 1199701

/sys/devices/system/cpu/cpu4/cpufreq/scaling_cur_freq 1200000

/sys/devices/system/cpu/cpu5/cpufreq/scaling_cur_freq 1200000

/sys/devices/system/cpu/cpu6/cpufreq/scaling_cur_freq 2842617

/sys/devices/system/cpu/cpu7/cpufreq/scaling_cur_freq 1200000

/sys/devices/system/cpu/cpu8/cpufreq/scaling_cur_freq 1200000

/sys/devices/system/cpu/cpu9/cpufreq/scaling_cur_freq 1200000

