unix_ns 1788872879906148381
/proc/loadavg
1.77 1.32 1.22 1/2115 5

/proc/stat
cpu  115937244 83897 3611736 11542318666 184937876 870105 1376696 0 0 0
cpu0 41117421 44 83245 448329710 3973564 71852 139191 0 0 0
cpu1 6997082 37155 719145 460854817 24655873 113577 154670 0 0 0
cpu2 5010333 303 157427 475277935 13210756 38544 27111 0 0 0
cpu3 4616553 97 85994 480292972 8702096 25248 14942 0 0 0
cpu4 5019763 1299 228268 471912525 16402609 49668 42948 0 0 0
cpu5 4962928 55 84589 480394538 8247686 27594 14741 0 0 0
cpu6 4818117 70 61126 484259409 4565109 22325 22776 0 0 0
cpu7 10192526 22039 630991 460832820 21779889 101865 70684 0 0 0
cpu8 4962785 125 110733 478695813 9881743 37318 36185 0 0 0
cpu9 4862911 55 66300 483865908 4909612 23400 16965 0 0 0
cpu10 4854700 38 62956 485433211 3306318 23766 70665 0 0 0
cpu11 4600451 519 193491 477053023 11672143 54763 95190 0 0 0
cpu12 1604652 15 45478 487725303 4340930 13621 19381 0 0 0
cpu13 2027382 10613 343200 484169185 7078606 32330 21950 0 0 0
cpu14 692945 221 51845 487947951 5012672 13205 12677 0 0 0
cpu15 926000 56 43121 488802543 3971969 9316 7121 0 0 0
cpu16 945608 283 51142 489480103 3264685 9573 5923 0 0 0
cpu17 569211 93 52573 489687224 3238042 42190 147016 0 0 0
cpu18 692390 30 57261 489438367 3440571 22292 99509 0 0 0
cpu19 3315876 10053 247639 482458932 7560033 46360 38378 0 0 0
cpu20 600041 202 52773 488233736 4708931 32863 55651 0 0 0
cpu21 646343 131 73932 488712217 4003779 39348 249325 0 0 0
cpu22 636830 69 56761 489741406 3305013 8943 7930 0 0 0
cpu23 1264384 320 51733 488719007 3705235 10131 5756 0 0 0
intr 3708570575 22 0 0 0 0 0 0 0 0 0 0 0 0 0 0 0 8 0 0 0 0 0 0 0 0 0 0 0 1 0 1 1 1 1 0 0 0 0 37 0 0 0 0 0 0 0 0 0 0 0 0 0 0 0 0 0 0 0 0 0 0 0 0 0 2865 1 165551947 157974921 162433176 382008208 61824 649573 103571 70271 165999 144668 50322 462453 79643 48240 33143 115753 39277 214698 54535 42616 52656 36791 39573 508256 130771 64746 38073 37839 29654 0 0 0 0 0 0 2 0 2 2 2 2 2 2 35 2 207 2 0 0 0 0 0 0 0 0 0 0 0 0 0 0 0 0 0 0 0 0 0 0 0 0 0 0 0 0 0 0 0 0 0 0 0 0 0 0 0 0 0 0 0 0 0 0 0 0 0 0 0 0 0 0 0 0 0 0 0 0 0 0 0 0 0 0 0 0 0 0 0 0 0 0 0 0 0 0 0 0 0 0 0 0 0 0 0 0 0 0 0 0 0 0 0 0 0 0 0 0 0 0 0 0 0 0 0 0 0 0 0 0 0 0 0 0 0 0 0 0 0 0 0 0 0 0 0 0 0 0 0 0 0 0 0 0 0 0 0 0 0 0 0 0 0 0 0 0 0 0 0 0 0 0 0 0 0 0 0 0 0 0 0 0 0 0 0 0 0 0 0 0 0 0 0 0 0 0 0 0 0 0 0 0 0 0 0 0 0 0 0 0 0 0 0 0 0 0 0 0 0 0 0 0 0 0 0 0 0 0 0 0 0 0 0 0 0 0 0 0 0 0 0 0 0 0 0 0 0 0 0 0 0 0 0 0 0 0 0 0 0 0 0 0 0 0 0 0 0 0 0 0 0 0 0 0 0 0 0 0 0 0 0 0 0 0 0 0 0 0 0 0 0 0 0 0 0 0 0 0 0 0 0 0 0 0 0 0 0 0 0 0 0 0 0 0 0 0 0 0 0 0 0 0 0 0 0 0 0 0 0 0 0 0 0 0 0 0 0 0 0 0 0 0 0 0 0 0 0 0 0 0 0 0 0 0 0 0 0 0 0 0 0 0 0 0 0 0 0 0 0 0 0 0 0 0 0 0 0 0 0 0 0 0 0 0 0 0 0 0 0 0 0 0 0 0 0 0 0 0 0 0 0 0 0 0 0 0 0 0 0 0 0 0 0 0 0 0 0 0 0 0 0 0 0 0 0 0 0 0 0 0 0 0 0 0 0 0 0 0 0 0 0 0 0 0 0 0 0 0 0 0 0 0 0 0 0 0 0 0 0 0 0 0 0 0 0 0 0 0 0 0 0 0 0 0 0 0 0 0 0 0 0 0 0 0 0 0 0 0 0 0 0 0 0 0 0 0 0 0 0 0 0 0 0 0 0 0 0 0 0 0 0 0 0 0 0 0 0 0 0 0 0 0 0 0 0 0 0 0 0 0 0 0 0 0 0 0 0 0 0 0 0 0 0 0 0 0 0 0 0 0 0 0 0 0 0 0 0 0 0 0 0 0 0 0 0 0 0 0 0 0 0 0 0 0 0 0 0 0 0 0 0 0 0 0 0 0 0 0 0 0 0 0 0 0 0 0 0 0 0 0 0 0 0 0 0 0 0 0 0 0 0 0 0 0 0 0 0 0 0 0 0 0 0 0 0 0 0 0 0 0 0 0 0 0 0 0 0 0 0 0 0 0 0 0 0 0 0 0 0 0 0 0 0 0 0 0 0 0 0 0 0 0 0 0 0 0 0 0 0 0 0 0 0 0 0 0 0 0 0 0 0 0 0 0 0 0 0 0 0 0 0 0 0 0 0 0 0 0 0 0 0 0 0 0 0 0 0 0 0 0 0 0 0 0 0 0 0 0 0 0 0 0 0 0 0 0 0 0 0 0 0 0 0 0 0 0 0 0 0 0 0 0 0 0 0 0 0 0 0 0 0 0 0 0 0 0 0 0 0 0 0 0 0 0 0 0 0 0 0 0 0 0 0 0 0 0 0 0 0 0 0 0 0 0 0 0 0 0 0 0 0 0 0 0 0 0 0 0 0 0 0 0 0 0 0 0 0 0 0 0 0 0 0 0 0 0 0 0 0 0 0 0 0 0 0 0 0 0 0 0 0 0 0 0 0 0 0 0 0 0 0 0 0 0 0 0 0 0 0 0 0 0 0 0 0 0 0 0 0 0 0 0 0 0 0 0 0 0 0 0 0 0 0 0 0 0 0 0 0 0 0 0 0 0 0 0 0 0 0 0 0 0 0 0 0 0 0 0 0 0 0 0 0 0 0 0 0 0 0 0 0 0 0 0 0 0 0 0 0 0 0 0 0 0 0 0 0 0 0 0 0 0 0 0 0 0 0 0 0 0 0 0 0 0 0 0 0 0 0 0 0 0 0 0 0 0 0 0 0 0 0 0 0 0 0 0 0 0 0 0 0 0 0 0 0 0 0 0 0 0 0 0 0 0 0 0 0 0 0 0 0 0 0 0 0 0 0 0 0 0 0 0 0 0 0 0 0 0 0 0 0 0 0 0 0 0 0 0 0 0 0 0 0 0 0 0 0 0 0 0 0 0 0 0 0 0 0 0 0 0 0 0 0 0 0 0 0 0 0 0 0 0 0 0 0 0 0 0 0 0 0 0 0 0 0
ctxt 3729343672
btime 1783935075
processes 5333389
procs_running 1
procs_blocked 0
softirq 2823580448 204 316099501 1628901 892928414 32768 0 7323841 906230067 256532 699080220

/proc/meminfo
MemTotal:       32273192 kB
MemFree:         4546260 kB
MemAvailable:   28033592 kB
Buffers:               0 kB
Cached:         21119136 kB
SwapCached:        21664 kB
Active:         22600868 kB
Inactive:         393144 kB
Active(anon):    2075360 kB
Inactive(anon):   134240 kB
Active(file):   20525508 kB
Inactive(file):   258904 kB
Unevictable:           0 kB
Mlocked:               0 kB
SwapTotal:      67108860 kB
SwapFree:       63595004 kB
Zswap:                 0 kB
Zswapped:              0 kB
Dirty:                24 kB
Writeback:             0 kB
AnonPages:       1828372 kB
Mapped:           395032 kB
Shmem:            335956 kB
KReclaimable:    3180332 kB
Slab:            3807352 kB
SReclaimable:    3180332 kB
SUnreclaim:       627020 kB
KernelStack:       34208 kB
PageTables:        34136 kB
SecPageTables:      4112 kB
NFS_Unstable:          0 kB
Bounce:                0 kB
WritebackTmp:          0 kB
CommitLimit:    83245456 kB
Committed_AS:   12163712 kB
VmallocTotal:   34359738367 kB
VmallocUsed:      229804 kB
VmallocChunk:          0 kB
Percpu:            21216 kB
HardwareCorrupted:     0 kB
AnonHugePages:   1056768 kB
ShmemHugePages:        0 kB
ShmemPmdMapped:        0 kB
FileHugePages:         0 kB
FilePmdMapped:         0 kB
CmaTotal:              0 kB
CmaFree:               0 kB
Unaccepted:            0 kB
HugePages_Total:       0
HugePages_Free:        0
HugePages_Rsvd:        0
HugePages_Surp:        0
Hugepagesize:       2048 kB
Hugetlb:               0 kB
DirectMap4k:      389980 kB
DirectMap2M:     5574656 kB
DirectMap1G:    27262976 kB

/sys/devices/system/cpu/cpu2/cpufreq/scaling_cur_freq 1200000

/sys/devices/system/cpu/cpu3/cpufreq/scaling_cur_freq 1200000

/sys/devices/system/cpu/cpu4/cpufreq/scaling_cur_freq 1200000

/sys/devices/system/cpu/cpu5/cpufreq/scaling_cur_freq 1200000

/sys/devices/system/cpu/cpu6/cpufreq/scaling_cur_freq 1200000

/sys/devices/system/cpu/cpu7/cpufreq/scaling_cur_freq 1200000

/sys/devices/system/cpu/cpu8/cpufreq/scaling_cur_freq 1200000

/sys/devices/system/cpu/cpu9/cpufreq/scaling_cur_freq 1200000

