unix_ns 1788873084739184446
/proc/loadavg
2.73 2.07 1.55 1/2113 117

/proc/stat
cpu  115973072 83897 3612533 11542772833 184938373 870199 1376826 0 0 0
cpu0 41120603 44 83825 448345979 3973923 71861 139256 0 0 0
cpu1 6997157 37155 719162 460875163 24655891 113579 154686 0 0 0
cpu2 5025268 303 157442 475283436 13210759 38572 27112 0 0 0
cpu3 4623705 97 86000 480306279 8702099 25262 14943 0 0 0
cpu4 5022917 1299 228282 471929809 16402626 49676 42952 0 0 0
cpu5 4966034 55 84596 480411889 8247695 27602 14742 0 0 0
cpu6 4819105 70 61131 484278891 4565111 22328 22776 0 0 0
cpu7 10193550 22039 631018 460852198 21779932 101869 70685 0 0 0
cpu8 4963771 125 110736 478715301 9881744 37320 36186 0 0 0
cpu9 4863893 55 66303 483885401 4909612 23403 16966 0 0 0
cpu10 4854709 38 62962 485453660 3306333 23767 70665 0 0 0
cpu11 4600464 519 193516 477073460 11672144 54765 95194 0 0 0
cpu12 1604663 15 45486 487745761 4340932 13622 19382 0 0 0
cpu13 2027410 10613 343211 484189620 7078606 32331 21950 0 0 0
cpu14 692952 221 51848 487968421 5012672 13206 12677 0 0 0
cpu15 926002 56 43124 488823010 3971980 9316 7121 0 0 0
cpu16 945616 283 51145 489500573 3264685 9574 5923 0 0 0
cpu17 569216 93 52575 489707692 3238046 42191 147017 0 0 0
cpu18 692394 30 57265 489458839 3440574 22292 99509 0 0 0
cpu19 3315953 10053 247653 482479320 7560033 46361 38378 0 0 0
cpu20 600043 202 52778 488254208 4708931 32863 55651 0 0 0
cpu21 646365 131 73946 488732621 4003784 39352 249356 0 0 0
cpu22 636859 69 56775 489761840 3305013 8945 7931 0 0 0
cpu23 1264413 320 51742 488739450 3705235 10131 5756 0 0 0
intr 3709121766 22 0 0 0 0 0 0 0 0 0 0 0 0 0 0 0 8 0 0 0 0 0 0 0 0 0 0 0 1 0 1 1 1 1 0 0 0 0 37 0 0 0 0 0 0 0 0 0 0 0 0 0 0 0 0 0 0 0 0 0 0 0 0 0 2865 1 165564693 157982279 162435992 382035479 61824 649615 103571 70271 166000 144689 50322 462453 79643 48243 33143 115753 39279 214698 54535 42616 52656 36793 39573 508276 130774 64771 38076 37844 29654 0 0 0 0 0 0 2 0 2 2 2 2 2 2 35 2 207 2 0 0 0 0 0 0 0 0 0 0 0 0 0 0 0 0 0 0 0 0 0 0 0 0 0 0 0 0 0 0 0 0 0 0 0 0 0 0 0 0 0 0 0 0 0 0 0 0 0 0 0 0 0 0 0 0 0 0 0 0 0 0 0 0 0 0 0 0 0 0 0 0 0 0 0 0 0 0 0 0 0 0 0 0 0 0 0 0 0 0 0 0 0 0 0 0 0 0 0 0 0 0 0 0 0 0 0 0 0 0 0 0 0 0 0 0 0 0 0 0 0 0 0 0 0 0 0 0 0 0 0 0 0 0 0 0 0 0 0 0 0 0 0 0 0 0 0 0 0 0 0 0 0 0 0 0 0 0 0 0 0 0 0 0 0 0 0 0 0 0 0 0 0 0 0 0 0 0 0 0 0 0 0 0 0 0 0 0 0 0 0 0 0 0 0 0 0 0 0 0 0 0 0 0 0 0 0 0 0 0 0 0 0 0 0 0 0 0 0 0 0 0 0 0 0 0 0 0 0 0 0 0 0 0 0 0 0 0 0 0 0 0 0 0 0 0 0 0 0 0 0 0 0 0 0 0 0 0 0 0 0 0 0 0 0 0 0 0 0 0 0 0 0 0 0 0 0 0 0 0 0 0 0 0 0 0 0 0 0 0 0 0 0 0 0 0 0 0 0 0 0 0 0 0 0 0 0 0 0 0 0 0 0 0 0 0 0 0 0 0 0 0 0 0 0 0 0 0 0 0 0 0 0 0 0 0 0 0 0 0 0 0 0 0 0 0 0 0 0 0 0 0 0 0 0 0 0 0 0 0 0 0 0 0 0 0 0 0 0 0 0 0 0 0 0 0 0 0 0 0 0 0 0 0 0 0 0 0 0 0 0 0 0 0 0 0 0 0 0 0 0 0 0 0 0 0 0 0 0 0 0 0 0 0 0 0 0 0 0 0 0 0 0 0 0 0 0 0 0 0 0 0 0 0 0 0 0 0 0 0 0 0 0 0 0 0 0 0 0 0 0 0 0 0 0 0 0 0 0 0 0 0 0 0 0 0 0 0 0 0 0 0 0 0 0 0 0 0 0 0 0 0 0 0 0 0 0 0 0 0 0 0 0 0 0 0 0 0 0 0 0 0 0 0 0 0 0 0 0 0 0 0 0 0 0 0 0 0 0 0 0 0 0 0 0 0 0 0 0 0 0 0 0 0 0 0 0 0 0 0 0 0 0 0 0 0 0 0 0 0 0 0 0 0 0 0 0 0 0 0 0 0 0 0 0 0 0 0 0 0 0 0 0 0 0 0 0 0 0 0 0 0 0 0 0 0 0 0 0 0 0 0 0 0 0 0 0 0 0 0 0 0 0 0 0 0 0 0 0 0 0 0 0 0 0 0 0 0 0 0 0 0 0 0 0 0 0 0 0 0 0 0 0 0 0 0 0 0 0 0 0 0 0 0 0 0 0 0 0 0 0 0 0 0 0 0 0 0 0 0 0 0 0 0 0 0 0 0 0 0 0 0 0 0 0 0 0 0 0 0 0 0 0 0 0 0 0 0 0 0 0 0 0 0 0 0 0 0 0 0 0 0 0 0 0 0 0 0 0 0 0 0 0 0 0 0 0 0 0 0 0 0 0 0 0 0 0 0 0 0 0 0 0 0 0 0 0 0 0 0 0 0 0 0 0 0 0 0 0 0 0 0 0 0 0 0 0 0 0 0 0 0 0 0 0 0 0 0 0 0 0 0 0 0 0 0 0 0 0 0 0 0 0 0 0 0 0 0 0 0 0 0 0 0 0 0 0 0 0 0 0 0 0 0 0 0 0 0 0 0 0 0 0 0 0 0 0 0 0 0 0 0 0 0 0 0 0 0 0 0 0 0 0 0 0 0 0 0 0 0 0 0 0 0 0 0 0 0 0 0 0 0 0 0 0 0 0 0 0 0 0 0 0 0 0 0 0 0 0 0 0 0 0 0 0 0 0 0 0 0 0 0 0 0 0 0 0 0 0 0 0 0 0 0 0 0 0 0 0 0 0 0 0 0 0 0 0 0 0 0 0 0 0 0 0 0 0 0 0 0 0 0 0 0 0 0 0 0 0 0 0 0 0 0 0 0 0 0 0 0 0 0 0 0 0 0 0 0 0 0 0 0 0 0 0 0 0 0 0 0 0 0 0 0 0 0 0 0 0 0 0 0 0 0 0 0 0 0 0 0 0 0 0 0 0 0 0 0 0 0 0 0 0 0 0 0 0 0 0 0 0 0 0 0 0 0 0 0 0 0 0 0 0 0 0 0 0 0 0 0 0 0 0 0 0 0 0 0 0 0 0 0 0 0 0 0 0 0 0 0 0 0 0 0 0 0 0
ctxt 3729656070
btime 1783935075
processes 5333732
procs_running 1
procs_blocked 0
softirq 2823871370 204 316117269 1629941 892981422 32768 0 7325433 906396137 256532 699131664

/proc/meminfo
MemTotal:       32273192 kB
MemFree:         4256276 kB
MemAvailable:   27936440 kB
Buffers:               0 kB
Cached:         21311244 kB
SwapCached:        21664 kB
Active:         22923892 kB
Inactive:         393188 kB
Active(anon):    2206316 kB
Inactive(anon):   134240 kB
Active(file):   20717576 kB
Inactive(file):   258948 kB
Unevictable:           0 kB
Mlocked:               0 kB
SwapTotal:      67108860 kB
SwapFree:       63595004 kB
Zswap:                 0 kB
Zswapped:              0 kB
Dirty:               152 kB
Writeback:             0 kB
AnonPages:       1958284 kB
Mapped:           395564 kB
Shmem:            335960 kB
KReclaimable:    3181052 kB
Slab:            3807924 kB
SReclaimable:    3181052 kB
SUnreclaim:       626872 kB
KernelStack:       34240 kB
PageTables:        34176 kB
SecPageTables:      4112 kB
NFS_Unstable:          0 kB
Bounce:                0 kB
WritebackTmp:          0 kB
CommitLimit:    83245456 kB
Committed_AS:   12320356 kB
VmallocTotal:   34359738367 kB
VmallocUsed:      229820 kB
VmallocChunk:          0 kB
Percpu:            21216 kB
HardwareCorrupted:     0 kB
AnonHugePages:   1114112 kB
ShmemHugePages:        0 kB
ShmemPmdMapped:        0 kB
FileHugePages:         0 kB
FilePmdMapped:         0 kB
CmaTotal:              0 kB
CmaFree:               0 kB
Unaccepted:            0 kB
HugePages_Total:       0
HugePages_Free:        0
HugePages_Rsvd:        0
HugePages_Surp:        0
Hugepagesize:       2048 kB
Hugetlb:               0 kB
DirectMap4k:      389980 kB
DirectMap2M:     5574656 kB
DirectMap1G:    27262976 kB

/sys/devices/system/cpu/cpu2/cpufreq/scaling_cur_freq 1200000

/sys/devices/system/cpu/cpu3/cpufreq/scaling_cur_freq 1200000

/sys/devices/system/cpu/cpu4/cpufreq/scaling_cur_freq 1199957

/sys/devices/system/cpu/cpu5/cpufreq/scaling_cur_freq 1200000

/sys/devices/system/cpu/cpu6/cpufreq/scaling_cur_freq 1297258

/sys/devices/system/cpu/cpu7/cpufreq/scaling_cur_freq 1200000

/sys/devices/system/cpu/cpu8/cpufreq/scaling_cur_freq 1200000

/sys/devices/system/cpu/cpu9/cpufreq/scaling_cur_freq 1200000

