unix_ns 1788872978517404134
/proc/loadavg
2.62 1.76 1.39 1/2106 53

/proc/stat
cpu  115953331 83897 3612105 11542538523 184938088 870148 1376756 0 0 0
cpu0 41118911 44 83514 448337609 3973723 71856 139221 0 0 0
cpu1 6997122 37155 719154 460864607 24655884 113578 154678 0 0 0
cpu2 5017454 303 157438 475280649 13210757 38557 27112 0 0 0
cpu3 4619773 97 85997 480299600 8702099 25254 14943 0 0 0
cpu4 5020991 1299 228276 471921143 16402609 49672 42950 0 0 0
cpu5 4964126 55 84591 480403190 8247692 27597 14742 0 0 0
cpu6 4818532 70 61128 484268849 4565110 22326 22776 0 0 0
cpu7 10192972 22039 631007 460842193 21779909 101867 70685 0 0 0
cpu8 4963200 125 110734 478705256 9881743 37319 36186 0 0 0
cpu9 4863324 55 66302 483875351 4909612 23402 16966 0 0 0
cpu10 4854705 38 62959 485443056 3306324 23767 70665 0 0 0
cpu11 4600456 519 193501 477062868 11672144 54764 95191 0 0 0
cpu12 1604659 15 45482 487735149 4340931 13622 19382 0 0 0
cpu13 2027395 10613 343205 484179024 7078606 32331 21950 0 0 0
cpu14 692949 221 51846 487957805 5012672 13206 12677 0 0 0
cpu15 926000 56 43122 488812402 3971970 9316 7121 0 0 0
cpu16 945609 283 51143 489489962 3264685 9573 5923 0 0 0
cpu17 569213 93 52574 489697080 3238042 42190 147016 0 0 0
cpu18 692391 30 57262 489448226 3440571 22292 99509 0 0 0
cpu19 3315891 10053 247643 482468772 7560033 46361 38378 0 0 0
cpu20 600042 202 52774 488243593 4708931 32863 55651 0 0 0
cpu21 646353 131 73936 488722046 4003781 39350 249339 0 0 0
cpu22 636839 69 56766 489751252 3305013 8944 7930 0 0 0
cpu23 1264412 320 51740 488728832 3705235 10131 5756 0 0 0
intr 3708823431 22 0 0 0 0 0 0 0 0 0 0 0 0 0 0 0 8 0 0 0 0 0 0 0 0 0 0 0 1 0 1 1 1 1 0 0 0 0 37 0 0 0 0 0 0 0 0 0 0 0 0 0 0 0 0 0 0 0 0 0 0 0 0 0 2865 1 165559722 157975991 162434759 382020107 61824 649589 103571 70271 165999 144678 50322 462453 79643 48243 33143 115753 39277 214698 54535 42616 52656 36792 39573 508270 130773 64762 38073 37839 29654 0 0 0 0 0 0 2 0 2 2 2 2 2 2 35 2 207 2 0 0 0 0 0 0 0 0 0 0 0 0 0 0 0 0 0 0 0 0 0 0 0 0 0 0 0 0 0 0 0 0 0 0 0 0 0 0 0 0 0 0 0 0 0 0 0 0 0 0 0 0 0 0 0 0 0 0 0 0 0 0 0 0 0 0 0 0 0 0 0 0 0 0 0 0 0 0 0 0 0 0 0 0 0 0 0 0 0 0 0 0 0 0 0 0 0 0 0 0 0 0 0 0 0 0 0 0 0 0 0 0 0 0 0 0 0 0 0 0 0 0 0 0 0 0 0 0 0 0 0 0 0 0 0 0 0 0 0 0 0 0 0 0 0 0 0 0 0 0 0 0 0 0 0 0 0 0 0 0 0 0 0 0 0 0 0 0 0 0 0 0 0 0 0 0 0 0 0 0 0 0 0 0 0 0 0 0 0 0 0 0 0 0 0 0 0 0 0 0 0 0 0 0 0 0 0 0 0 0 0 0 0 0 0 0 0 0 0 0 0 0 0 0 0 0 0 0 0 0 0 0 0 0 0 0 0 0 0 0 0 0 0 0 0 0 0 0 0 0 0 0 0 0 0 0 0 0 0 0 0 0 0 0 0 0 0 0 0 0 0 0 0 0 0 0 0 0 0 0 0 0 0 0 0 0 0 0 0 0 0 0 0 0 0 0 0 0 0 0 0 0 0 0 0 0 0 0 0 0 0 0 0 0 0 0 0 0 0 0 0 0 0 0 0 0 0 0 0 0 0 0 0 0 0 0 0 0 0 0 0 0 0 0 0 0 0 0 0 0 0 0 0 0 0 0 0 0 0 0 0 0 0 0 0 0 0 0 0 0 0 0 0 0 0 0 0 0 0 0 0 0 0 0 0 0 0 0 0 0 0 0 0 0 0 0 0 0 0 0 0 0 0 0 0 0 0 0 0 0 0 0 0 0 0 0 0 0 0 0 0 0 0 0 0 0 0 0 0 0 0 0 0 0 0 0 0 0 0 0 0 0 0 0 0 0 0 0 0 0 0 0 0 0 0 0 0 0 0 0 0 0 0 0 0 0 0 0 0 0 0 0 0 0 0 0 0 0 0 0 0 0 0 0 0 0 0 0 0 0 0 0 0 0 0 0 0 0 0 0 0 0 0 0 0 0 0 0 0 0 0 0 0 0 0 0 0 0 0 0 0 0 0 0 0 0 0 0 0 0 0 0 0 0 0 0 0 0 0 0 0 0 0 0 0 0 0 0 0 0 0 0 0 0 0 0 0 0 0 0 0 0 0 0 0 0 0 0 0 0 0 0 0 0 0 0 0 0 0 0 0 0 0 0 0 0 0 0 0 0 0 0 0 0 0 0 0 0 0 0 0 0 0 0 0 0 0 0 0 0 0 0 0 0 0 0 0 0 0 0 0 0 0 0 0 0 0 0 0 0 0 0 0 0 0 0 0 0 0 0 0 0 0 0 0 0 0 0 0 0 0 0 0 0 0 0 0 0 0 0 0 0 0 0 0 0 0 0 0 0 0 0 0 0 0 0 0 0 0 0 0 0 0 0 0 0 0 0 0 0 0 0 0 0 0 0 0 0 0 0 0 0 0 0 0 0 0 0 0 0 0 0 0 0 0 0 0 0 0 0 0 0 0 0 0 0 0 0 0 0 0 0 0 0 0 0 0 0 0 0 0 0 0 0 0 0 0 0 0 0 0 0 0 0 0 0 0 0 0 0 0 0 0 0 0 0 0 0 0 0 0 0 0 0 0 0 0 0 0 0 0 0 0 0 0 0 0 0 0 0 0 0 0 0 0 0 0 0 0 0 0 0 0 0 0 0 0 0 0 0 0 0 0 0 0 0 0 0 0 0 0 0 0 0 0 0 0 0 0 0 0 0 0 0 0 0 0 0 0 0 0 0 0 0 0 0 0 0 0 0 0 0 0 0 0 0 0 0 0 0 0 0 0 0 0 0 0 0 0 0 0 0 0 0 0 0 0 0 0 0 0 0 0 0 0 0 0 0 0 0 0 0 0 0 0 0 0 0 0 0 0 0 0 0 0 0 0 0 0 0 0 0 0 0 0 0 0 0 0 0 0 0 0 0 0 0 0 0 0 0 0 0 0 0 0 0 0 0 0 0 0 0 0 0 0 0 0 0 0 0 0 0 0 0 0 0 0 0 0 0 0 0 0 0 0 0 0 0 0 0 0 0 0 0 0 0 0 0 0 0 0 0 0 0 0 0 0 0 0 0 0 0 0 0 0 0 0 0 0 0 0 0 0 0 0 0 0 0 0 0 0 0 0 0 0 0 0 0 0 0 0 0 0 0 0 0 0 0 0 0 0 0 0 0 0 0 0 0 0 0 0 0 0 0 0 0 0
ctxt 3729491516
btime 1783935075
processes 5333503
procs_running 1
procs_blocked 0
softirq 2823720158 204 316108300 1629031 892952725 32768 0 7324106 906310246 256532 699106246

/proc/meminfo
MemTotal:       32273192 kB
MemFree:         4378668 kB
MemAvailable:   27955680 kB
Buffers:               0 kB
Cached:         21208608 kB
SwapCached:        21664 kB
Active:         22811312 kB
Inactive:         393160 kB
Active(anon):    2196348 kB
Inactive(anon):   134240 kB
Active(file):   20614964 kB
Inactive(file):   258920 kB
Unevictable:           0 kB
Mlocked:               0 kB
SwapTotal:      67108860 kB
SwapFree:       63595004 kB
Zswap:                 0 kB
Zswapped:              0 kB
Dirty:               124 kB
Writeback:             0 kB
AnonPages:       1948928 kB
Mapped:           395512 kB
Shmem:            335956 kB
KReclaimable:    3180540 kB
Slab:            3807660 kB
SReclaimable:    3180540 kB
SUnreclaim:       627120 kB
KernelStack:       34064 kB
PageTables:        34220 kB
SecPageTables:      4112 kB
NFS_Unstable:          0 kB
Bounce:                0 kB
WritebackTmp:          0 kB
CommitLimit:    83245456 kB
Committed_AS:   12293740 kB
VmallocTotal:   34359738367 kB
VmallocUsed:      229820 kB
VmallocChunk:          0 kB
Percpu:            21216 kB
HardwareCorrupted:     0 kB
AnonHugePages:   1114112 kB
ShmemHugePages:        0 kB
ShmemPmdMapped:        0 kB
FileHugePages:         0 kB
FilePmdMapped:         0 kB
CmaTotal:              0 kB
CmaFree:               0 kB
Unaccepted:            0 kB
HugePages_Total:       0
HugePages_Free:        0
HugePages_Rsvd:        0
HugePages_Surp:        0
Hugepagesize:       2048 kB
Hugetlb:               0 kB
DirectMap4k:      389980 kB
DirectMap2M:     5574656 kB
DirectMap1G:    27262976 kB

/sys/devices/system/cpu/cpu2/cpufreq/scaling_cur_freq 1200000

/sys/devices/system/cpu/cpu3/cpufreq/scaling_cur_freq 1200000

/sys/devices/system/cpu/cpu4/cpufreq/scaling_cur_freq 1200000

/sys/devices/system/cpu/cpu5/cpufreq/scaling_cur_freq 1200247

/sys/devices/system/cpu/cpu6/cpufreq/scaling_cur_freq 1200000

/sys/devices/system/cpu/cpu7/cpufreq/scaling_cur_freq 1199656

/sys/devices/system/cpu/cpu8/cpufreq/scaling_cur_freq 1200000

/sys/devices/system/cpu/cpu9/cpufreq/scaling_cur_freq 1200000

