unix_ns 1788873070210168357
/proc/loadavg
2.63 2.02 1.53 1/2114 112

/proc/stat
cpu  115970832 83897 3612499 11542740283 184938347 870193 1376817 0 0 0
cpu0 41120498 44 83805 448344669 3973912 71860 139251 0 0 0
cpu1 6997156 37155 719161 460873713 24655891 113579 154686 0 0 0
cpu2 5023986 303 157442 475283268 13210759 38570 27112 0 0 0
cpu3 4623430 97 86000 480305102 8702099 25261 14943 0 0 0
cpu4 5022637 1299 228282 471928651 16402612 49676 42951 0 0 0
cpu5 4965760 55 84596 480410711 8247695 27601 14742 0 0 0
cpu6 4819104 70 61130 484277441 4565111 22328 22776 0 0 0
cpu7 10193550 22039 631017 460850747 21779931 101869 70685 0 0 0
cpu8 4963770 125 110736 478713850 9881744 37320 36186 0 0 0
cpu9 4863893 55 66303 483883948 4909612 23403 16966 0 0 0
cpu10 4854709 38 62962 485452208 3306333 23767 70665 0 0 0
cpu11 4600464 519 193513 477072010 11672144 54765 95193 0 0 0
cpu12 1604663 15 45486 487744309 4340932 13622 19382 0 0 0
cpu13 2027409 10613 343211 484188169 7078606 32331 21950 0 0 0
cpu14 692951 221 51847 487966969 5012672 13206 12677 0 0 0
cpu15 926002 56 43123 488821557 3971980 9316 7121 0 0 0
cpu16 945614 283 51145 489499122 3264685 9574 5923 0 0 0
cpu17 569215 93 52575 489706240 3238046 42191 147017 0 0 0
cpu18 692393 30 57265 489457387 3440574 22292 99509 0 0 0
cpu19 3315942 10053 247650 482477881 7560033 46361 38378 0 0 0
cpu20 600043 202 52778 488252756 4708931 32863 55651 0 0 0
cpu21 646365 131 73946 488731171 4003784 39351 249354 0 0 0
cpu22 636852 69 56773 489760397 3305013 8944 7931 0 0 0
cpu23 1264413 320 51742 488737997 3705235 10131 5756 0 0 0
intr 3709086727 22 0 0 0 0 0 0 0 0 0 0 0 0 0 0 0 8 0 0 0 0 0 0 0 0 0 0 0 1 0 1 1 1 1 0 0 0 0 37 0 0 0 0 0 0 0 0 0 0 0 0 0 0 0 0 0 0 0 0 0 0 0 0 0 2865 1 165564294 157981854 162435760 382033341 61824 649615 103571 70271 166000 144689 50322 462453 79643 48243 33143 115753 39279 214698 54535 42616 52656 36792 39573 508276 130774 64771 38076 37844 29654 0 0 0 0 0 0 2 0 2 2 2 2 2 2 35 2 207 2 0 0 0 0 0 0 0 0 0 0 0 0 0 0 0 0 0 0 0 0 0 0 0 0 0 0 0 0 0 0 0 0 0 0 0 0 0 0 0 0 0 0 0 0 0 0 0 0 0 0 0 0 0 0 0 0 0 0 0 0 0 0 0 0 0 0 0 0 0 0 0 0 0 0 0 0 0 0 0 0 0 0 0 0 0 0 0 0 0 0 0 0 0 0 0 0 0 0 0 0 0 0 0 0 0 0 0 0 0 0 0 0 0 0 0 0 0 0 0 0 0 0 0 0 0 0 0 0 0 0 0 0 0 0 0 0 0 0 0 0 0 0 0 0 0 0 0 0 0 0 0 0 0 0 0 0 0 0 0 0 0 0 0 0 0 0 0 0 0 0 0 0 0 0 0 0 0 0 0 0 0 0 0 0 0 0 0 0 0 0 0 0 0 0 0 0 0 0 0 0 0 0 0 0 0 0 0 0 0 0 0 0 0 0 0 0 0 0 0 0 0 0 0 0 0 0 0 0 0 0 0 0 0 0 0 0 0 0 0 0 0 0 0 0 0 0 0 0 0 0 0 0 0 0 0 0 0 0 0 0 0 0 0 0 0 0 0 0 0 0 0 0 0 0 0 0 0 0 0 0 0 0 0 0 0 0 0 0 0 0 0 0 0 0 0 0 0 0 0 0 0 0 0 0 0 0 0 0 0 0 0 0 0 0 0 0 0 0 0 0 0 0 0 0 0 0 0 0 0 0 0 0 0 0 0 0 0 0 0 0 0 0 0 0 0 0 0 0 0 0 0 0 0 0 0 0 0 0 0 0 0 0 0 0 0 0 0 0 0 0 0 0 0 0 0 0 0 0 0 0 0 0 0 0 0 0 0 0 0 0 0 0 0 0 0 0 0 0 0 0 0 0 0 0 0 0 0 0 0 0 0 0 0 0 0 0 0 0 0 0 0 0 0 0 0 0 0 0 0 0 0 0 0 0 0 0 0 0 0 0 0 0 0 0 0 0 0 0 0 0 0 0 0 0 0 0 0 0 0 0 0 0 0 0 0 0 0 0 0 0 0 0 0 0 0 0 0 0 0 0 0 0 0 0 0 0 0 0 0 0 0 0 0 0 0 0 0 0 0 0 0 0 0 0 0 0 0 0 0 0 0 0 0 0 0 0 0 0 0 0 0 0 0 0 0 0 0 0 0 0 0 0 0 0 0 0 0 0 0 0 0 0 0 0 0 0 0 0 0 0 0 0 0 0 0 0 0 0 0 0 0 0 0 0 0 0 0 0 0 0 0 0 0 0 0 0 0 0 0 0 0 0 0 0 0 0 0 0 0 0 0 0 0 0 0 0 0 0 0 0 0 0 0 0 0 0 0 0 0 0 0 0 0 0 0 0 0 0 0 0 0 0 0 0 0 0 0 0 0 0 0 0 0 0 0 0 0 0 0 0 0 0 0 0 0 0 0 0 0 0 0 0 0 0 0 0 0 0 0 0 0 0 0 0 0 0 0 0 0 0 0 0 0 0 0 0 0 0 0 0 0 0 0 0 0 0 0 0 0 0 0 0 0 0 0 0 0 0 0 0 0 0 0 0 0 0 0 0 0 0 0 0 0 0 0 0 0 0 0 0 0 0 0 0 0 0 0 0 0 0 0 0 0 0 0 0 0 0 0 0 0 0 0 0 0 0 0 0 0 0 0 0 0 0 0 0 0 0 0 0 0 0 0 0 0 0 0 0 0 0 0 0 0 0 0 0 0 0 0 0 0 0 0 0 0 0 0 0 0 0 0 0 0 0 0 0 0 0 0 0 0 0 0 0 0 0 0 0 0 0 0 0 0 0 0 0 0 0 0 0 0 0 0 0 0 0 0 0 0 0 0 0 0 0 0 0 0 0 0 0 0 0 0 0 0 0 0 0 0 0 0 0 0 0 0 0 0 0 0 0 0 0 0 0 0 0 0 0 0 0 0 0 0 0 0 0 0 0 0 0 0 0 0 0 0 0 0 0 0 0 0 0 0 0 0 0 0 0 0 0 0 0 0 0 0 0 0 0 0 0 0 0 0 0 0 0 0 0 0 0 0 0 0 0 0 0 0 0 0 0 0 0 0 0 0 0 0 0 0 0 0 0 0 0 0 0 0 0 0 0 0 0 0 0 0 0 0 0 0 0 0 0 0 0 0 0 0 0 0 0 0 0 0 0 0 0 0 0 0 0 0 0 0 0 0 0 0 0 0 0 0 0 0 0 0 0 0 0 0 0 0 0 0 0 0 0 0 0 0 0 0 0 0 0 0 0 0 0 0 0 0 0 0 0 0 0 0 0 0 0 0 0 0 0 0 0 0 0 0 0 0 0 0 0 0 0 0
ctxt 3729635548
btime 1783935075
processes 5333722
procs_running 1
procs_blocked 0
softirq 2823851447 204 316116111 1629878 892978136 32768 0 7325255 906383347 256532 699129216

/proc/meminfo
MemTotal:       32273192 kB
MemFree:         4224188 kB
MemAvailable:   27897480 kB
Buffers:               0 kB
Cached:         21304428 kB
SwapCached:        21664 kB
Active:         22924208 kB
Inactive:         393188 kB
Active(anon):    2213472 kB
Inactive(anon):   134240 kB
Active(file):   20710736 kB
Inactive(file):   258948 kB
Unevictable:           0 kB
Mlocked:               0 kB
SwapTotal:      67108860 kB
SwapFree:       63595004 kB
Zswap:                 0 kB
Zswapped:              0 kB
Dirty:                20 kB
Writeback:             0 kB
AnonPages:       1965480 kB
Mapped:           395564 kB
Shmem:            335980 kB
KReclaimable:    3181020 kB
Slab:            3807972 kB
SReclaimable:    3181020 kB
SUnreclaim:       626952 kB
KernelStack:       34192 kB
PageTables:        34432 kB
SecPageTables:      4112 kB
NFS_Unstable:          0 kB
Bounce:                0 kB
WritebackTmp:          0 kB
CommitLimit:    83245456 kB
Committed_AS:   12358500 kB
VmallocTotal:   34359738367 kB
VmallocUsed:      229872 kB
VmallocChunk:          0 kB
Percpu:            21216 kB
HardwareCorrupted:     0 kB
AnonHugePages:   1114112 kB
ShmemHugePages:        0 kB
ShmemPmdMapped:        0 kB
FileHugePages:         0 kB
FilePmdMapped:         0 kB
CmaTotal:              0 kB
CmaFree:               0 kB
Unaccepted:            0 kB
HugePages_Total:       0
HugePages_Free:        0
HugePages_Rsvd:        0
HugePages_Surp:        0
Hugepagesize:       2048 kB
Hugetlb:               0 kB
DirectMap4k:      389980 kB
DirectMap2M:     5574656 kB
DirectMap1G:    27262976 kB

/sys/devices/system/cpu/cpu2/cpufreq/scaling_cur_freq 1200000

/sys/devices/system/cpu/cpu3/cpufreq/scaling_cur_freq 1200000

/sys/devices/system/cpu/cpu4/cpufreq/scaling_cur_freq 1200000

/sys/devices/system/cpu/cpu5/cpufreq/scaling_cur_freq 1200000

/sys/devices/system/cpu/cpu6/cpufreq/scaling_cur_freq 1200092

/sys/devices/system/cpu/cpu7/cpufreq/scaling_cur_freq 1199893

/sys/devices/system/cpu/cpu8/cpufreq/scaling_cur_freq 1200000

/sys/devices/system/cpu/cpu9/cpufreq/scaling_cur_freq 1200000

