unix_ns 1788873081928827360
/proc/loadavg
2.53 2.02 1.53 1/2113 113

/proc/stat
cpu  115971968 83897 3612531 11542767200 184938372 870197 1376824 0 0 0
cpu0 41120603 44 83825 448345700 3973922 71861 139255 0 0 0
cpu1 6997157 37155 719162 460874883 24655891 113579 154686 0 0 0
cpu2 5024995 303 157442 475283429 13210759 38572 27112 0 0 0
cpu3 4623430 97 86000 480306274 8702099 25261 14943 0 0 0
cpu4 5022638 1299 228282 471929807 16402626 49676 42952 0 0 0
cpu5 4965760 55 84596 480411882 8247695 27601 14742 0 0 0
cpu6 4819105 70 61131 484278610 4565111 22328 22776 0 0 0
cpu7 10193550 22039 631018 460851917 21779932 101869 70685 0 0 0
cpu8 4963771 125 110736 478715020 9881744 37320 36186 0 0 0
cpu9 4863893 55 66303 483885120 4909612 23403 16966 0 0 0
cpu10 4854709 38 62962 485453379 3306333 23767 70665 0 0 0
cpu11 4600464 519 193516 477073179 11672144 54765 95194 0 0 0
cpu12 1604663 15 45486 487745480 4340932 13622 19382 0 0 0
cpu13 2027410 10613 343211 484189339 7078606 32331 21950 0 0 0
cpu14 692952 221 51848 487968140 5012672 13206 12677 0 0 0
cpu15 926002 56 43124 488822729 3971980 9316 7121 0 0 0
cpu16 945616 283 51145 489500292 3264685 9574 5923 0 0 0
cpu17 569216 93 52575 489707411 3238046 42191 147017 0 0 0
cpu18 692394 30 57265 489458558 3440574 22292 99509 0 0 0
cpu19 3315950 10053 247652 482479042 7560033 46361 38378 0 0 0
cpu20 600043 202 52778 488253927 4708931 32863 55651 0 0 0
cpu21 646365 131 73946 488732341 4003784 39352 249355 0 0 0
cpu22 636858 69 56775 489761561 3305013 8945 7931 0 0 0
cpu23 1264413 320 51742 488739169 3705235 10131 5756 0 0 0
intr 3709109330 22 0 0 0 0 0 0 0 0 0 0 0 0 0 0 0 8 0 0 0 0 0 0 0 0 0 0 0 1 0 1 1 1 1 0 0 0 0 37 0 0 0 0 0 0 0 0 0 0 0 0 0 0 0 0 0 0 0 0 0 0 0 0 0 2865 1 165564683 157982279 162435992 382035194 61824 649615 103571 70271 166000 144689 50322 462453 79643 48243 33143 115753 39279 214698 54535 42616 52656 36793 39573 508276 130774 64771 38076 37844 29654 0 0 0 0 0 0 2 0 2 2 2 2 2 2 35 2 207 2 0 0 0 0 0 0 0 0 0 0 0 0 0 0 0 0 0 0 0 0 0 0 0 0 0 0 0 0 0 0 0 0 0 0 0 0 0 0 0 0 0 0 0 0 0 0 0 0 0 0 0 0 0 0 0 0 0 0 0 0 0 0 0 0 0 0 0 0 0 0 0 0 0 0 0 0 0 0 0 0 0 0 0 0 0 0 0 0 0 0 0 0 0 0 0 0 0 0 0 0 0 0 0 0 0 0 0 0 0 0 0 0 0 0 0 0 0 0 0 0 0 0 0 0 0 0 0 0 0 0 0 0 0 0 0 0 0 0 0 0 0 0 0 0 0 0 0 0 0 0 0 0 0 0 0 0 0 0 0 0 0 0 0 0 0 0 0 0 0 0 0 0 0 0 0 0 0 0 0 0 0 0 0 0 0 0 0 0 0 0 0 0 0 0 0 0 0 0 0 0 0 0 0 0 0 0 0 0 0 0 0 0 0 0 0 0 0 0 0 0 0 0 0 0 0 0 0 0 0 0 0 0 0 0 0 0 0 0 0 0 0 0 0 0 0 0 0 0 0 0 0 0 0 0 0 0 0 0 0 0 0 0 0 0 0 0 0 0 0 0 0 0 0 0 0 0 0 0 0 0 0 0 0 0 0 0 0 0 0 0 0 0 0 0 0 0 0 0 0 0 0 0 0 0 0 0 0 0 0 0 0 0 0 0 0 0 0 0 0 0 0 0 0 0 0 0 0 0 0 0 0 0 0 0 0 0 0 0 0 0 0 0 0 0 0 0 0 0 0 0 0 0 0 0 0 0 0 0 0 0 0 0 0 0 0 0 0 0 0 0 0 0 0 0 0 0 0 0 0 0 0 0 0 0 0 0 0 0 0 0 0 0 0 0 0 0 0 0 0 0 0 0 0 0 0 0 0 0 0 0 0 0 0 0 0 0 0 0 0 0 0 0 0 0 0 0 0 0 0 0 0 0 0 0 0 0 0 0 0 0 0 0 0 0 0 0 0 0 0 0 0 0 0 0 0 0 0 0 0 0 0 0 0 0 0 0 0 0 0 0 0 0 0 0 0 0 0 0 0 0 0 0 0 0 0 0 0 0 0 0 0 0 0 0 0 0 0 0 0 0 0 0 0 0 0 0 0 0 0 0 0 0 0 0 0 0 0 0 0 0 0 0 0 0 0 0 0 0 0 0 0 0 0 0 0 0 0 0 0 0 0 0 0 0 0 0 0 0 0 0 0 0 0 0 0 0 0 0 0 0 0 0 0 0 0 0 0 0 0 0 0 0 0 0 0 0 0 0 0 0 0 0 0 0 0 0 0 0 0 0 0 0 0 0 0 0 0 0 0 0 0 0 0 0 0 0 0 0 0 0 0 0 0 0 0 0 0 0 0 0 0 0 0 0 0 0 0 0 0 0 0 0 0 0 0 0 0 0 0 0 0 0 0 0 0 0 0 0 0 0 0 0 0 0 0 0 0 0 0 0 0 0 0 0 0 0 0 0 0 0 0 0 0 0 0 0 0 0 0 0 0 0 0 0 0 0 0 0 0 0 0 0 0 0 0 0 0 0 0 0 0 0 0 0 0 0 0 0 0 0 0 0 0 0 0 0 0 0 0 0 0 0 0 0 0 0 0 0 0 0 0 0 0 0 0 0 0 0 0 0 0 0 0 0 0 0 0 0 0 0 0 0 0 0 0 0 0 0 0 0 0 0 0 0 0 0 0 0 0 0 0 0 0 0 0 0 0 0 0 0 0 0 0 0 0 0 0 0 0 0 0 0 0 0 0 0 0 0 0 0 0 0 0 0 0 0 0 0 0 0 0 0 0 0 0 0 0 0 0 0 0 0 0 0 0 0 0 0 0 0 0 0 0 0 0 0 0 0 0 0 0 0 0 0 0 0 0 0 0 0 0 0 0 0 0 0 0 0 0 0 0 0 0 0 0 0 0 0 0 0 0 0 0 0 0 0 0 0 0 0 0 0 0 0 0 0 0 0 0 0 0 0 0 0 0 0 0 0 0 0 0 0 0 0 0 0 0 0 0 0 0 0 0 0 0 0 0 0 0 0 0 0 0 0 0 0 0 0 0 0 0 0 0 0 0 0 0 0 0 0 0 0 0 0 0 0 0 0 0 0 0 0 0 0 0 0 0 0 0 0 0 0 0 0 0 0 0 0 0 0 0 0 0 0 0 0 0 0 0 0 0 0 0 0 0 0 0 0 0 0 0 0 0 0 0 0 0 0 0 0 0 0 0 0 0 0 0 0 0 0 0 0 0 0 0 0 0 0 0 0 0 0 0 0 0 0 0 0 0 0 0 0 0 0 0 0 0 0 0 0 0 0 0 0 0 0 0
ctxt 3729653337
btime 1783935075
processes 5333728
procs_running 1
procs_blocked 0
softirq 2823868224 204 316117080 1629941 892981127 32768 0 7325408 906393960 256532 699131204

/proc/meminfo
MemTotal:       32273192 kB
MemFree:         4255724 kB
MemAvailable:   27935880 kB
Buffers:               0 kB
Cached:         21311236 kB
SwapCached:        21664 kB
Active:         22924152 kB
Inactive:         393188 kB
Active(anon):    2206584 kB
Inactive(anon):   134240 kB
Active(file):   20717568 kB
Inactive(file):   258948 kB
Unevictable:           0 kB
Mlocked:               0 kB
SwapTotal:      67108860 kB
SwapFree:       63595004 kB
Zswap:                 0 kB
Zswapped:              0 kB
Dirty:               152 kB
Writeback:             0 kB
AnonPages:       1958552 kB
Mapped:           395564 kB
Shmem:            335960 kB
KReclaimable:    3181052 kB
Slab:            3807924 kB
SReclaimable:    3181052 kB
SUnreclaim:       626872 kB
KernelStack:       34176 kB
PageTables:        34240 kB
SecPageTables:      4112 kB
NFS_Unstable:          0 kB
Bounce:                0 kB
WritebackTmp:          0 kB
CommitLimit:    83245456 kB
Committed_AS:   12320356 kB
VmallocTotal:   34359738367 kB
VmallocUsed:      229804 kB
VmallocChunk:          0 kB
Percpu:            21216 kB
HardwareCorrupted:     0 kB
AnonHugePages:   1114112 kB
ShmemHugePages:        0 kB
ShmemPmdMapped:        0 kB
FileHugePages:         0 kB
FilePmdMapped:         0 kB
CmaTotal:              0 kB
CmaFree:               0 kB
Unaccepted:            0 kB
HugePages_Total:       0
HugePages_Free:        0
HugePages_Rsvd:        0
HugePages_Surp:        0
Hugepagesize:       2048 kB
Hugetlb:               0 kB
DirectMap4k:      389980 kB
DirectMap2M:     5574656 kB
DirectMap1G:    27262976 kB

/sys/devices/system/cpu/cpu2/cpufreq/scaling_cur_freq 1200000

/sys/devices/system/cpu/cpu3/cpufreq/scaling_cur_freq 1200150

/sys/devices/system/cpu/cpu4/cpufreq/scaling_cur_freq 1200000

/sys/devices/system/cpu/cpu5/cpufreq/scaling_cur_freq 1200000

/sys/devices/system/cpu/cpu6/cpufreq/scaling_cur_freq 1200049

/sys/devices/system/cpu/cpu7/cpufreq/scaling_cur_freq 1200110

/sys/devices/system/cpu/cpu8/cpufreq/scaling_cur_freq 1200000

/sys/devices/system/cpu/cpu9/cpufreq/scaling_cur_freq 1200000

