unix_ns 1788873063134953544
/proc/loadavg
2.56 1.98 1.51 2/2112 110

/proc/stat
cpu  115969651 83897 3612470 11542724547 184938322 870190 1376812 0 0 0
cpu0 41120390 44 83786 448344100 3973903 71860 139248 0 0 0
cpu1 6997152 37155 719161 460873012 24655890 113579 154685 0 0 0
cpu2 5023461 303 157442 475283088 13210757 38569 27112 0 0 0
cpu3 4622904 97 86000 480304922 8702099 25260 14943 0 0 0
cpu4 5022636 1299 228281 471927944 16402612 49676 42951 0 0 0
cpu5 4965759 55 84595 480410008 8247693 27601 14742 0 0 0
cpu6 4819104 70 61130 484276734 4565111 22328 22776 0 0 0
cpu7 10193550 22039 631016 460850046 21779926 101869 70685 0 0 0
cpu8 4963770 125 110735 478713144 9881744 37320 36186 0 0 0
cpu9 4863892 55 66303 483883241 4909612 23403 16966 0 0 0
cpu10 4854709 38 62961 485451503 3306331 23767 70665 0 0 0
cpu11 4600463 519 193513 477071304 11672144 54764 95193 0 0 0
cpu12 1604663 15 45486 487743602 4340932 13622 19382 0 0 0
cpu13 2027408 10613 343210 484187464 7078606 32331 21950 0 0 0
cpu14 692951 221 51847 487966262 5012672 13206 12677 0 0 0
cpu15 926001 56 43123 488820854 3971976 9316 7121 0 0 0
cpu16 945614 283 51145 489498415 3264685 9573 5923 0 0 0
cpu17 569215 93 52575 489705533 3238046 42191 147017 0 0 0
cpu18 692393 30 57265 489456682 3440572 22292 99509 0 0 0
cpu19 3315937 10053 247649 482477179 7560033 46361 38378 0 0 0
cpu20 600043 202 52778 488252048 4708931 32863 55651 0 0 0
cpu21 646365 131 73946 488730465 4003784 39351 249353 0 0 0
cpu22 636849 69 56772 489759694 3305013 8944 7930 0 0 0
cpu23 1264413 320 51741 488737291 3705235 10131 5756 0 0 0
intr 3709066862 22 0 0 0 0 0 0 0 0 0 0 0 0 0 0 0 8 0 0 0 0 0 0 0 0 0 0 0 1 0 1 1 1 1 0 0 0 0 37 0 0 0 0 0 0 0 0 0 0 0 0 0 0 0 0 0 0 0 0 0 0 0 0 0 2865 1 165564215 157981103 162435542 382032030 61824 649615 103571 70271 166000 144689 50322 462453 79643 48243 33143 115753 39277 214698 54535 42616 52656 36792 39573 508276 130774 64771 38076 37844 29654 0 0 0 0 0 0 2 0 2 2 2 2 2 2 35 2 207 2 0 0 0 0 0 0 0 0 0 0 0 0 0 0 0 0 0 0 0 0 0 0 0 0 0 0 0 0 0 0 0 0 0 0 0 0 0 0 0 0 0 0 0 0 0 0 0 0 0 0 0 0 0 0 0 0 0 0 0 0 0 0 0 0 0 0 0 0 0 0 0 0 0 0 0 0 0 0 0 0 0 0 0 0 0 0 0 0 0 0 0 0 0 0 0 0 0 0 0 0 0 0 0 0 0 0 0 0 0 0 0 0 0 0 0 0 0 0 0 0 0 0 0 0 0 0 0 0 0 0 0 0 0 0 0 0 0 0 0 0 0 0 0 0 0 0 0 0 0 0 0 0 0 0 0 0 0 0 0 0 0 0 0 0 0 0 0 0 0 0 0 0 0 0 0 0 0 0 0 0 0 0 0 0 0 0 0 0 0 0 0 0 0 0 0 0 0 0 0 0 0 0 0 0 0 0 0 0 0 0 0 0 0 0 0 0 0 0 0 0 0 0 0 0 0 0 0 0 0 0 0 0 0 0 0 0 0 0 0 0 0 0 0 0 0 0 0 0 0 0 0 0 0 0 0 0 0 0 0 0 0 0 0 0 0 0 0 0 0 0 0 0 0 0 0 0 0 0 0 0 0 0 0 0 0 0 0 0 0 0 0 0 0 0 0 0 0 0 0 0 0 0 0 0 0 0 0 0 0 0 0 0 0 0 0 0 0 0 0 0 0 0 0 0 0 0 0 0 0 0 0 0 0 0 0 0 0 0 0 0 0 0 0 0 0 0 0 0 0 0 0 0 0 0 0 0 0 0 0 0 0 0 0 0 0 0 0 0 0 0 0 0 0 0 0 0 0 0 0 0 0 0 0 0 0 0 0 0 0 0 0 0 0 0 0 0 0 0 0 0 0 0 0 0 0 0 0 0 0 0 0 0 0 0 0 0 0 0 0 0 0 0 0 0 0 0 0 0 0 0 0 0 0 0 0 0 0 0 0 0 0 0 0 0 0 0 0 0 0 0 0 0 0 0 0 0 0 0 0 0 0 0 0 0 0 0 0 0 0 0 0 0 0 0 0 0 0 0 0 0 0 0 0 0 0 0 0 0 0 0 0 0 0 0 0 0 0 0 0 0 0 0 0 0 0 0 0 0 0 0 0 0 0 0 0 0 0 0 0 0 0 0 0 0 0 0 0 0 0 0 0 0 0 0 0 0 0 0 0 0 0 0 0 0 0 0 0 0 0 0 0 0 0 0 0 0 0 0 0 0 0 0 0 0 0 0 0 0 0 0 0 0 0 0 0 0 0 0 0 0 0 0 0 0 0 0 0 0 0 0 0 0 0 0 0 0 0 0 0 0 0 0 0 0 0 0 0 0 0 0 0 0 0 0 0 0 0 0 0 0 0 0 0 0 0 0 0 0 0 0 0 0 0 0 0 0 0 0 0 0 0 0 0 0 0 0 0 0 0 0 0 0 0 0 0 0 0 0 0 0 0 0 0 0 0 0 0 0 0 0 0 0 0 0 0 0 0 0 0 0 0 0 0 0 0 0 0 0 0 0 0 0 0 0 0 0 0 0 0 0 0 0 0 0 0 0 0 0 0 0 0 0 0 0 0 0 0 0 0 0 0 0 0 0 0 0 0 0 0 0 0 0 0 0 0 0 0 0 0 0 0 0 0 0 0 0 0 0 0 0 0 0 0 0 0 0 0 0 0 0 0 0 0 0 0 0 0 0 0 0 0 0 0 0 0 0 0 0 0 0 0 0 0 0 0 0 0 0 0 0 0 0 0 0 0 0 0 0 0 0 0 0 0 0 0 0 0 0 0 0 0 0 0 0 0 0 0 0 0 0 0 0 0 0 0 0 0 0 0 0 0 0 0 0 0 0 0 0 0 0 0 0 0 0 0 0 0 0 0 0 0 0 0 0 0 0 0 0 0 0 0 0 0 0 0 0 0 0 0 0 0 0 0 0 0 0 0 0 0 0 0 0 0 0 0 0 0 0 0 0 0 0 0 0 0 0 0 0 0 0 0 0 0 0 0 0 0 0 0 0 0 0 0 0 0 0 0 0 0 0 0 0 0 0 0 0 0 0 0 0 0 0 0 0 0 0 0 0 0 0 0 0 0 0 0 0 0 0 0 0 0 0 0 0 0 0 0 0 0 0 0 0 0 0 0 0 0 0 0 0 0 0 0 0 0 0 0 0 0 0 0 0 0 0 0 0 0 0 0 0 0 0 0 0 0 0 0 0 0 0 0 0 0 0 0 0 0 0 0 0 0 0 0 0 0 0 0 0 0 0 0 0 0 0 0 0 0 0 0 0 0 0 0 0 0 0 0 0 0 0 0 0 0 0 0 0 0
ctxt 3729623021
btime 1783935075
processes 5333704
procs_running 1
procs_blocked 0
softirq 2823840983 204 316115466 1629774 892975668 32768 0 7325145 906378207 256532 699127219

/proc/meminfo
MemTotal:       32273192 kB
MemFree:         4257780 kB
MemAvailable:   27924580 kB
Buffers:               0 kB
Cached:         21298000 kB
SwapCached:        21664 kB
Active:         22915680 kB
Inactive:         393184 kB
Active(anon):    2211368 kB
Inactive(anon):   134240 kB
Active(file):   20704312 kB
Inactive(file):   258944 kB
Unevictable:           0 kB
Mlocked:               0 kB
SwapTotal:      67108860 kB
SwapFree:       63595004 kB
Zswap:                 0 kB
Zswapped:              0 kB
Dirty:               272 kB
Writeback:            44 kB
AnonPages:       1963356 kB
Mapped:           395556 kB
Shmem:            335980 kB
KReclaimable:    3180956 kB
Slab:            3808072 kB
SReclaimable:    3180956 kB
SUnreclaim:       627116 kB
KernelStack:       34160 kB
PageTables:        34352 kB
SecPageTables:      4112 kB
NFS_Unstable:          0 kB
Bounce:                0 kB
WritebackTmp:          0 kB
CommitLimit:    83245456 kB
Committed_AS:   12351884 kB
VmallocTotal:   34359738367 kB
VmallocUsed:      229872 kB
VmallocChunk:          0 kB
Percpu:            21216 kB
HardwareCorrupted:     0 kB
AnonHugePages:   1114112 kB
ShmemHugePages:        0 kB
ShmemPmdMapped:        0 kB
FileHugePages:         0 kB
FilePmdMapped:         0 kB
CmaTotal:              0 kB
CmaFree:               0 kB
Unaccepted:            0 kB
HugePages_Total:       0
HugePages_Free:        0
HugePages_Rsvd:        0
HugePages_Surp:        0
Hugepagesize:       2048 kB
Hugetlb:               0 kB
DirectMap4k:      389980 kB
DirectMap2M:     5574656 kB
DirectMap1G:    27262976 kB

/sys/devices/system/cpu/cpu2/cpufreq/scaling_cur_freq 1200000

/sys/devices/system/cpu/cpu3/cpufreq/scaling_cur_freq 1200000

/sys/devices/system/cpu/cpu4/cpufreq/scaling_cur_freq 1200000

/sys/devices/system/cpu/cpu5/cpufreq/scaling_cur_freq 1200000

/sys/devices/system/cpu/cpu6/cpufreq/scaling_cur_freq 1200000

/sys/devices/system/cpu/cpu7/cpufreq/scaling_cur_freq 1200000

/sys/devices/system/cpu/cpu8/cpufreq/scaling_cur_freq 1363501

/sys/devices/system/cpu/cpu9/cpufreq/scaling_cur_freq 1200000

