unix_ns 1788873032056329050
/proc/loadavg
2.73 1.95 1.48 1/2110 91

/proc/stat
cpu  115963860 83897 3612327 11542656015 184938252 870176 1376792 0 0 0
cpu0 41119758 44 83668 448341814 3973846 71858 139239 0 0 0
cpu1 6997148 37155 719159 460869917 24655890 113578 154682 0 0 0
cpu2 5021384 303 157440 475282063 13210757 38565 27112 0 0 0
cpu3 4621761 97 85998 480302961 8702099 25258 14943 0 0 0
cpu4 5021977 1299 228281 471925498 16402612 49674 42951 0 0 0
cpu5 4965106 55 84595 480407554 8247693 27600 14742 0 0 0
cpu6 4818959 70 61129 484273773 4565111 22327 22776 0 0 0
cpu7 10193404 22039 631016 460847096 21779917 101869 70685 0 0 0
cpu8 4963625 125 110735 478710183 9881743 37320 36186 0 0 0
cpu9 4863747 55 66302 483880280 4909612 23403 16966 0 0 0
cpu10 4854707 38 62960 485448399 3306331 23767 70665 0 0 0
cpu11 4600463 519 193510 477068203 11672144 54764 95192 0 0 0
cpu12 1604662 15 45485 487740496 4340932 13622 19382 0 0 0
cpu13 2027404 10613 343207 484184364 7078606 32331 21950 0 0 0
cpu14 692951 221 51847 487963154 5012672 13206 12677 0 0 0
cpu15 926001 56 43123 488817748 3971976 9316 7121 0 0 0
cpu16 945613 283 51144 489495310 3264685 9573 5923 0 0 0
cpu17 569214 93 52575 489702426 3238046 42191 147017 0 0 0
cpu18 692392 30 57264 489453576 3440571 22292 99509 0 0 0
cpu19 3315911 10053 247647 482474101 7560033 46361 38378 0 0 0
cpu20 600042 202 52778 488248941 4708931 32863 55651 0 0 0
cpu21 646361 131 73943 488727370 4003784 39351 249348 0 0 0
cpu22 636845 69 56771 489756593 3305013 8944 7930 0 0 0
cpu23 1264413 320 51741 488734184 3705235 10131 5756 0 0 0
intr 3708983299 22 0 0 0 0 0 0 0 0 0 0 0 0 0 0 0 8 0 0 0 0 0 0 0 0 0 0 0 1 0 1 1 1 1 0 0 0 0 37 0 0 0 0 0 0 0 0 0 0 0 0 0 0 0 0 0 0 0 0 0 0 0 0 0 2865 1 165564050 157978725 162435446 382027091 61824 649615 103571 70271 166000 144687 50322 462453 79643 48243 33143 115753 39277 214698 54535 42616 52656 36792 39573 508272 130774 64770 38075 37839 29654 0 0 0 0 0 0 2 0 2 2 2 2 2 2 35 2 207 2 0 0 0 0 0 0 0 0 0 0 0 0 0 0 0 0 0 0 0 0 0 0 0 0 0 0 0 0 0 0 0 0 0 0 0 0 0 0 0 0 0 0 0 0 0 0 0 0 0 0 0 0 0 0 0 0 0 0 0 0 0 0 0 0 0 0 0 0 0 0 0 0 0 0 0 0 0 0 0 0 0 0 0 0 0 0 0 0 0 0 0 0 0 0 0 0 0 0 0 0 0 0 0 0 0 0 0 0 0 0 0 0 0 0 0 0 0 0 0 0 0 0 0 0 0 0 0 0 0 0 0 0 0 0 0 0 0 0 0 0 0 0 0 0 0 0 0 0 0 0 0 0 0 0 0 0 0 0 0 0 0 0 0 0 0 0 0 0 0 0 0 0 0 0 0 0 0 0 0 0 0 0 0 0 0 0 0 0 0 0 0 0 0 0 0 0 0 0 0 0 0 0 0 0 0 0 0 0 0 0 0 0 0 0 0 0 0 0 0 0 0 0 0 0 0 0 0 0 0 0 0 0 0 0 0 0 0 0 0 0 0 0 0 0 0 0 0 0 0 0 0 0 0 0 0 0 0 0 0 0 0 0 0 0 0 0 0 0 0 0 0 0 0 0 0 0 0 0 0 0 0 0 0 0 0 0 0 0 0 0 0 0 0 0 0 0 0 0 0 0 0 0 0 0 0 0 0 0 0 0 0 0 0 0 0 0 0 0 0 0 0 0 0 0 0 0 0 0 0 0 0 0 0 0 0 0 0 0 0 0 0 0 0 0 0 0 0 0 0 0 0 0 0 0 0 0 0 0 0 0 0 0 0 0 0 0 0 0 0 0 0 0 0 0 0 0 0 0 0 0 0 0 0 0 0 0 0 0 0 0 0 0 0 0 0 0 0 0 0 0 0 0 0 0 0 0 0 0 0 0 0 0 0 0 0 0 0 0 0 0 0 0 0 0 0 0 0 0 0 0 0 0 0 0 0 0 0 0 0 0 0 0 0 0 0 0 0 0 0 0 0 0 0 0 0 0 0 0 0 0 0 0 0 0 0 0 0 0 0 0 0 0 0 0 0 0 0 0 0 0 0 0 0 0 0 0 0 0 0 0 0 0 0 0 0 0 0 0 0 0 0 0 0 0 0 0 0 0 0 0 0 0 0 0 0 0 0 0 0 0 0 0 0 0 0 0 0 0 0 0 0 0 0 0 0 0 0 0 0 0 0 0 0 0 0 0 0 0 0 0 0 0 0 0 0 0 0 0 0 0 0 0 0 0 0 0 0 0 0 0 0 0 0 0 0 0 0 0 0 0 0 0 0 0 0 0 0 0 0 0 0 0 0 0 0 0 0 0 0 0 0 0 0 0 0 0 0 0 0 0 0 0 0 0 0 0 0 0 0 0 0 0 0 0 0 0 0 0 0 0 0 0 0 0 0 0 0 0 0 0 0 0 0 0 0 0 0 0 0 0 0 0 0 0 0 0 0 0 0 0 0 0 0 0 0 0 0 0 0 0 0 0 0 0 0 0 0 0 0 0 0 0 0 0 0 0 0 0 0 0 0 0 0 0 0 0 0 0 0 0 0 0 0 0 0 0 0 0 0 0 0 0 0 0 0 0 0 0 0 0 0 0 0 0 0 0 0 0 0 0 0 0 0 0 0 0 0 0 0 0 0 0 0 0 0 0 0 0 0 0 0 0 0 0 0 0 0 0 0 0 0 0 0 0 0 0 0 0 0 0 0 0 0 0 0 0 0 0 0 0 0 0 0 0 0 0 0 0 0 0 0 0 0 0 0 0 0 0 0 0 0 0 0 0 0 0 0 0 0 0 0 0 0 0 0 0 0 0 0 0 0 0 0 0 0 0 0 0 0 0 0 0 0 0 0 0 0 0 0 0 0 0 0 0 0 0 0 0 0 0 0 0 0 0 0 0 0 0 0 0 0 0 0 0 0 0 0 0 0 0 0 0 0 0 0 0 0 0 0 0 0 0 0 0 0 0 0 0 0 0 0 0 0 0 0 0 0 0 0 0 0 0 0 0 0 0 0 0 0 0 0 0 0 0 0 0 0 0 0 0 0 0 0 0 0 0 0 0 0 0 0 0 0 0 0 0 0 0 0 0 0 0 0 0 0 0 0 0 0 0 0 0 0 0 0 0 0 0 0 0 0 0 0 0 0 0 0 0 0 0 0 0 0 0 0 0 0 0 0 0 0 0 0 0 0 0 0 0 0 0 0 0 0 0 0 0 0 0 0 0 0 0 0 0 0 0 0 0 0 0 0 0 0 0 0 0 0 0 0 0 0 0 0 0 0 0 0 0 0 0 0 0 0 0 0 0 0 0 0 0 0 0 0 0 0 0 0
ctxt 3729578438
btime 1783935075
processes 5333657
procs_running 1
procs_blocked 0
softirq 2823800753 204 316113049 1629137 892967993 32768 0 7324520 906355406 256532 699121144

/proc/meminfo
MemTotal:       32273192 kB
MemFree:         4321324 kB
MemAvailable:   27949812 kB
Buffers:               0 kB
Cached:         21259760 kB
SwapCached:        21664 kB
Active:         22863912 kB
Inactive:         393176 kB
Active(anon):    2197808 kB
Inactive(anon):   134240 kB
Active(file):   20666104 kB
Inactive(file):   258936 kB
Unevictable:           0 kB
Mlocked:               0 kB
SwapTotal:      67108860 kB
SwapFree:       63595004 kB
Zswap:                 0 kB
Zswapped:              0 kB
Dirty:               248 kB
Writeback:             0 kB
AnonPages:       1950352 kB
Mapped:           395544 kB
Shmem:            335960 kB
KReclaimable:    3180860 kB
Slab:            3807908 kB
SReclaimable:    3180860 kB
SUnreclaim:       627048 kB
KernelStack:       34192 kB
PageTables:        34160 kB
SecPageTables:      4112 kB
NFS_Unstable:          0 kB
Bounce:                0 kB
WritebackTmp:          0 kB
CommitLimit:    83245456 kB
Committed_AS:   12311868 kB
VmallocTotal:   34359738367 kB
VmallocUsed:      229820 kB
VmallocChunk:          0 kB
Percpu:            21216 kB
HardwareCorrupted:     0 kB
AnonHugePages:   1114112 kB
ShmemHugePages:        0 kB
ShmemPmdMapped:        0 kB
FileHugePages:         0 kB
FilePmdMapped:         0 kB
CmaTotal:              0 kB
CmaFree:               0 kB
Unaccepted:            0 kB
HugePages_Total:       0
HugePages_Free:        0
HugePages_Rsvd:        0
HugePages_Surp:        0
Hugepagesize:       2048 kB
Hugetlb:               0 kB
DirectMap4k:      389980 kB
DirectMap2M:     5574656 kB
DirectMap1G:    27262976 kB

/sys/devices/system/cpu/cpu2/cpufreq/scaling_cur_freq 1200000

/sys/devices/system/cpu/cpu3/cpufreq/scaling_cur_freq 1200000

/sys/devices/system/cpu/cpu4/cpufreq/scaling_cur_freq 1203342

/sys/devices/system/cpu/cpu5/cpufreq/scaling_cur_freq 1200130

/sys/devices/system/cpu/cpu6/cpufreq/scaling_cur_freq 1200000

/sys/devices/system/cpu/cpu7/cpufreq/scaling_cur_freq 1200000

/sys/devices/system/cpu/cpu8/cpufreq/scaling_cur_freq 1200000

/sys/devices/system/cpu/cpu9/cpufreq/scaling_cur_freq 1200000

