unix_ns 1788872891447808376
/proc/loadavg
1.81 1.34 1.23 1/2113 6

/proc/stat
cpu  115938284 83897 3611749 11542345294 184937881 870109 1376702 0 0 0
cpu0 41117423 44 83246 448330856 3973564 71852 139195 0 0 0
cpu1 6997083 37155 719145 460855967 24655874 113577 154670 0 0 0
cpu2 5011340 303 157428 475278080 13210756 38546 27111 0 0 0
cpu3 4616553 97 85995 480294124 8702096 25248 14942 0 0 0
cpu4 5019770 1299 228269 471913671 16402609 49668 42948 0 0 0
cpu5 4962929 55 84589 480395692 8247686 27595 14741 0 0 0
cpu6 4818117 70 61126 484260562 4565109 22325 22776 0 0 0
cpu7 10192529 22039 630993 460833966 21779893 101866 70684 0 0 0
cpu8 4962785 125 110733 478696967 9881743 37318 36185 0 0 0
cpu9 4862911 55 66300 483867062 4909612 23400 16966 0 0 0
cpu10 4854700 38 62957 485434364 3306318 23766 70665 0 0 0
cpu11 4600451 519 193492 477054177 11672143 54763 95190 0 0 0
cpu12 1604653 15 45479 487726455 4340930 13621 19381 0 0 0
cpu13 2027386 10613 343201 484170334 7078606 32330 21950 0 0 0
cpu14 692946 221 51845 487949105 5012672 13205 12677 0 0 0
cpu15 926000 56 43121 488803697 3971969 9316 7121 0 0 0
cpu16 945608 283 51142 489481257 3264685 9573 5923 0 0 0
cpu17 569212 93 52573 489688377 3238042 42190 147016 0 0 0
cpu18 692390 30 57262 489439521 3440571 22292 99509 0 0 0
cpu19 3315885 10053 247640 482460077 7560033 46360 38378 0 0 0
cpu20 600042 202 52773 488234889 4708931 32863 55651 0 0 0
cpu21 646343 131 73933 488713368 4003779 39349 249326 0 0 0
cpu22 636833 69 56762 489742556 3305013 8943 7930 0 0 0
cpu23 1264384 320 51734 488720161 3705235 10131 5756 0 0 0
intr 3708590071 22 0 0 0 0 0 0 0 0 0 0 0 0 0 0 0 8 0 0 0 0 0 0 0 0 0 0 0 1 0 1 1 1 1 0 0 0 0 37 0 0 0 0 0 0 0 0 0 0 0 0 0 0 0 0 0 0 0 0 0 0 0 0 0 2865 1 165552007 157975007 162433348 382008853 61824 649574 103571 70271 165999 144668 50322 462453 79643 48240 33143 115753 39277 214698 54535 42616 52656 36791 39573 508258 130772 64747 38073 37839 29654 0 0 0 0 0 0 2 0 2 2 2 2 2 2 35 2 207 2 0 0 0 0 0 0 0 0 0 0 0 0 0 0 0 0 0 0 0 0 0 0 0 0 0 0 0 0 0 0 0 0 0 0 0 0 0 0 0 0 0 0 0 0 0 0 0 0 0 0 0 0 0 0 0 0 0 0 0 0 0 0 0 0 0 0 0 0 0 0 0 0 0 0 0 0 0 0 0 0 0 0 0 0 0 0 0 0 0 0 0 0 0 0 0 0 0 0 0 0 0 0 0 0 0 0 0 0 0 0 0 0 0 0 0 0 0 0 0 0 0 0 0 0 0 0 0 0 0 0 0 0 0 0 0 0 0 0 0 0 0 0 0 0 0 0 0 0 0 0 0 0 0 0 0 0 0 0 0 0 0 0 0 0 0 0 0 0 0 0 0 0 0 0 0 0 0 0 0 0 0 0 0 0 0 0 0 0 0 0 0 0 0 0 0 0 0 0 0 0 0 0 0 0 0 0 0 0 0 0 0 0 0 0 0 0 0 0 0 0 0 0 0 0 0 0 0 0 0 0 0 0 0 0 0 0 0 0 0 0 0 0 0 0 0 0 0 0 0 0 0 0 0 0 0 0 0 0 0 0 0 0 0 0 0 0 0 0 0 0 0 0 0 0 0 0 0 0 0 0 0 0 0 0 0 0 0 0 0 0 0 0 0 0 0 0 0 0 0 0 0 0 0 0 0 0 0 0 0 0 0 0 0 0 0 0 0 0 0 0 0 0 0 0 0 0 0 0 0 0 0 0 0 0 0 0 0 0 0 0 0 0 0 0 0 0 0 0 0 0 0 0 0 0 0 0 0 0 0 0 0 0 0 0 0 0 0 0 0 0 0 0 0 0 0 0 0 0 0 0 0 0 0 0 0 0 0 0 0 0 0 0 0 0 0 0 0 0 0 0 0 0 0 0 0 0 0 0 0 0 0 0 0 0 0 0 0 0 0 0 0 0 0 0 0 0 0 0 0 0 0 0 0 0 0 0 0 0 0 0 0 0 0 0 0 0 0 0 0 0 0 0 0 0 0 0 0 0 0 0 0 0 0 0 0 0 0 0 0 0 0 0 0 0 0 0 0 0 0 0 0 0 0 0 0 0 0 0 0 0 0 0 0 0 0 0 0 0 0 0 0 0 0 0 0 0 0 0 0 0 0 0 0 0 0 0 0 0 0 0 0 0 0 0 0 0 0 0 0 0 0 0 0 0 0 0 0 0 0 0 0 0 0 0 0 0 0 0 0 0 0 0 0 0 0 0 0 0 0 0 0 0 0 0 0 0 0 0 0 0 0 0 0 0 0 0 0 0 0 0 0 0 0 0 0 0 0 0 0 0 0 0 0 0 0 0 0 0 0 0 0 0 0 0 0 0 0 0 0 0 0 0 0 0 0 0 0 0 0 0 0 0 0 0 0 0 0 0 0 0 0 0 0 0 0 0 0 0 0 0 0 0 0 0 0 0 0 0 0 0 0 0 0 0 0 0 0 0 0 0 0 0 0 0 0 0 0 0 0 0 0 0 0 0 0 0 0 0 0 0 0 0 0 0 0 0 0 0 0 0 0 0 0 0 0 0 0 0 0 0 0 0 0 0 0 0 0 0 0 0 0 0 0 0 0 0 0 0 0 0 0 0 0 0 0 0 0 0 0 0 0 0 0 0 0 0 0 0 0 0 0 0 0 0 0 0 0 0 0 0 0 0 0 0 0 0 0 0 0 0 0 0 0 0 0 0 0 0 0 0 0 0 0 0 0 0 0 0 0 0 0 0 0 0 0 0 0 0 0 0 0 0 0 0 0 0 0 0 0 0 0 0 0 0 0 0 0 0 0 0 0 0 0 0 0 0 0 0 0 0 0 0 0 0 0 0 0 0 0 0 0 0 0 0 0 0 0 0 0 0 0 0 0 0 0 0 0 0 0 0 0 0 0 0 0 0 0 0 0 0 0 0 0 0 0 0 0 0 0 0 0 0 0 0 0 0 0 0 0 0 0 0 0 0 0 0 0 0 0 0 0 0 0 0 0 0 0 0 0 0 0 0 0 0 0 0 0 0 0 0 0 0 0 0 0 0 0 0 0 0 0 0 0 0 0 0 0 0 0 0 0 0 0 0 0 0 0 0 0 0 0 0 0 0 0 0 0 0 0 0 0 0 0 0 0 0 0 0 0 0 0 0 0 0 0 0 0 0 0 0 0 0 0 0 0 0 0 0 0 0 0 0 0 0 0 0 0 0 0 0 0 0 0 0 0 0 0 0 0 0 0 0 0 0 0 0 0 0 0 0 0 0 0 0 0 0 0 0 0 0 0 0 0 0 0 0 0 0 0 0 0 0 0 0 0 0 0 0 0 0 0 0 0 0 0 0 0
ctxt 3729364664
btime 1783935075
processes 5333416
procs_running 2
procs_blocked 1
softirq 2823595214 204 316100486 1628914 892929431 32768 0 7323860 906239850 256532 699083169

/proc/meminfo
MemTotal:       32273192 kB
MemFree:         4513768 kB
MemAvailable:   28001120 kB
Buffers:               0 kB
Cached:         21119168 kB
SwapCached:        21664 kB
Active:         22638784 kB
Inactive:         393148 kB
Active(anon):    2113260 kB
Inactive(anon):   134240 kB
Active(file):   20525524 kB
Inactive(file):   258908 kB
Unevictable:           0 kB
Mlocked:               0 kB
SwapTotal:      67108860 kB
SwapFree:       63595004 kB
Zswap:                 0 kB
Zswapped:              0 kB
Dirty:                12 kB
Writeback:             4 kB
AnonPages:       1865820 kB
Mapped:           395328 kB
Shmem:            335976 kB
KReclaimable:    3180332 kB
Slab:            3807352 kB
SReclaimable:    3180332 kB
SUnreclaim:       627020 kB
KernelStack:       34192 kB
PageTables:        34136 kB
SecPageTables:      4112 kB
NFS_Unstable:          0 kB
Bounce:                0 kB
WritebackTmp:          0 kB
CommitLimit:    83245456 kB
Committed_AS:   12228948 kB
VmallocTotal:   34359738367 kB
VmallocUsed:      229856 kB
VmallocChunk:          0 kB
Percpu:            21216 kB
HardwareCorrupted:     0 kB
AnonHugePages:   1087488 kB
ShmemHugePages:        0 kB
ShmemPmdMapped:        0 kB
FileHugePages:         0 kB
FilePmdMapped:         0 kB
CmaTotal:              0 kB
CmaFree:               0 kB
Unaccepted:            0 kB
HugePages_Total:       0
HugePages_Free:        0
HugePages_Rsvd:        0
HugePages_Surp:        0
Hugepagesize:       2048 kB
Hugetlb:               0 kB
DirectMap4k:      389980 kB
DirectMap2M:     5574656 kB
DirectMap1G:    27262976 kB

/sys/devices/system/cpu/cpu2/cpufreq/scaling_cur_freq 1900323

/sys/devices/system/cpu/cpu3/cpufreq/scaling_cur_freq 1200000

/sys/devices/system/cpu/cpu4/cpufreq/scaling_cur_freq 1200059

/sys/devices/system/cpu/cpu5/cpufreq/scaling_cur_freq 1200000

/sys/devices/system/cpu/cpu6/cpufreq/scaling_cur_freq 1200000

/sys/devices/system/cpu/cpu7/cpufreq/scaling_cur_freq 1283324

/sys/devices/system/cpu/cpu8/cpufreq/scaling_cur_freq 1200000

/sys/devices/system/cpu/cpu9/cpufreq/scaling_cur_freq 1200000

