unix_ns 1788873007413705646
/proc/loadavg
2.89 1.91 1.45 1/2111 76

/proc/stat
cpu  115959352 83897 3612250 11542601567 184938179 870164 1376777 0 0 0
cpu0 41119444 44 83609 448339798 3973782 71858 139231 0 0 0
cpu1 6997135 37155 719157 460867472 24655888 113578 154681 0 0 0
cpu2 5019486 303 157439 475281502 13210757 38561 27112 0 0 0
cpu3 4620865 97 85998 480301395 8702099 25256 14943 0 0 0
cpu4 5021563 1299 228280 471923451 16402612 49673 42951 0 0 0
cpu5 4964691 55 84593 480405509 8247693 27599 14742 0 0 0
cpu6 4818824 70 61129 484271444 4565111 22327 22776 0 0 0
cpu7 10193264 22039 631014 460844778 21779913 101868 70685 0 0 0
cpu8 4963489 125 110735 478707855 9881743 37319 36186 0 0 0
cpu9 4863612 55 66302 483877951 4909612 23402 16966 0 0 0
cpu10 4854707 38 62960 485445938 3306328 23767 70665 0 0 0
cpu11 4600462 519 193506 477065744 11672144 54764 95192 0 0 0
cpu12 1604662 15 45484 487738032 4340932 13622 19382 0 0 0
cpu13 2027403 10613 343207 484181902 7078606 32331 21950 0 0 0
cpu14 692951 221 51847 487960691 5012672 13206 12677 0 0 0
cpu15 926001 56 43123 488815284 3971976 9316 7121 0 0 0
cpu16 945613 283 51144 489492846 3264685 9573 5923 0 0 0
cpu17 569214 93 52575 489699963 3238046 42190 147017 0 0 0
cpu18 692392 30 57263 489451113 3440571 22292 99509 0 0 0
cpu19 3315906 10053 247645 482471643 7560033 46361 38378 0 0 0
cpu20 600042 202 52777 488246478 4708931 32863 55651 0 0 0
cpu21 646359 131 73942 488724914 4003783 39351 249344 0 0 0
cpu22 636844 69 56769 489754133 3305013 8944 7930 0 0 0
cpu23 1264413 320 51741 488731720 3705235 10131 5756 0 0 0
intr 3708920141 22 0 0 0 0 0 0 0 0 0 0 0 0 0 0 0 8 0 0 0 0 0 0 0 0 0 0 0 1 0 1 1 1 1 0 0 0 0 37 0 0 0 0 0 0 0 0 0 0 0 0 0 0 0 0 0 0 0 0 0 0 0 0 0 2865 1 165562919 157977001 162435429 382024545 61824 649615 103571 70271 166000 144685 50322 462453 79643 48243 33143 115753 39277 214698 54535 42616 52656 36792 39573 508272 130774 64766 38075 37839 29654 0 0 0 0 0 0 2 0 2 2 2 2 2 2 35 2 207 2 0 0 0 0 0 0 0 0 0 0 0 0 0 0 0 0 0 0 0 0 0 0 0 0 0 0 0 0 0 0 0 0 0 0 0 0 0 0 0 0 0 0 0 0 0 0 0 0 0 0 0 0 0 0 0 0 0 0 0 0 0 0 0 0 0 0 0 0 0 0 0 0 0 0 0 0 0 0 0 0 0 0 0 0 0 0 0 0 0 0 0 0 0 0 0 0 0 0 0 0 0 0 0 0 0 0 0 0 0 0 0 0 0 0 0 0 0 0 0 0 0 0 0 0 0 0 0 0 0 0 0 0 0 0 0 0 0 0 0 0 0 0 0 0 0 0 0 0 0 0 0 0 0 0 0 0 0 0 0 0 0 0 0 0 0 0 0 0 0 0 0 0 0 0 0 0 0 0 0 0 0 0 0 0 0 0 0 0 0 0 0 0 0 0 0 0 0 0 0 0 0 0 0 0 0 0 0 0 0 0 0 0 0 0 0 0 0 0 0 0 0 0 0 0 0 0 0 0 0 0 0 0 0 0 0 0 0 0 0 0 0 0 0 0 0 0 0 0 0 0 0 0 0 0 0 0 0 0 0 0 0 0 0 0 0 0 0 0 0 0 0 0 0 0 0 0 0 0 0 0 0 0 0 0 0 0 0 0 0 0 0 0 0 0 0 0 0 0 0 0 0 0 0 0 0 0 0 0 0 0 0 0 0 0 0 0 0 0 0 0 0 0 0 0 0 0 0 0 0 0 0 0 0 0 0 0 0 0 0 0 0 0 0 0 0 0 0 0 0 0 0 0 0 0 0 0 0 0 0 0 0 0 0 0 0 0 0 0 0 0 0 0 0 0 0 0 0 0 0 0 0 0 0 0 0 0 0 0 0 0 0 0 0 0 0 0 0 0 0 0 0 0 0 0 0 0 0 0 0 0 0 0 0 0 0 0 0 0 0 0 0 0 0 0 0 0 0 0 0 0 0 0 0 0 0 0 0 0 0 0 0 0 0 0 0 0 0 0 0 0 0 0 0 0 0 0 0 0 0 0 0 0 0 0 0 0 0 0 0 0 0 0 0 0 0 0 0 0 0 0 0 0 0 0 0 0 0 0 0 0 0 0 0 0 0 0 0 0 0 0 0 0 0 0 0 0 0 0 0 0 0 0 0 0 0 0 0 0 0 0 0 0 0 0 0 0 0 0 0 0 0 0 0 0 0 0 0 0 0 0 0 0 0 0 0 0 0 0 0 0 0 0 0 0 0 0 0 0 0 0 0 0 0 0 0 0 0 0 0 0 0 0 0 0 0 0 0 0 0 0 0 0 0 0 0 0 0 0 0 0 0 0 0 0 0 0 0 0 0 0 0 0 0 0 0 0 0 0 0 0 0 0 0 0 0 0 0 0 0 0 0 0 0 0 0 0 0 0 0 0 0 0 0 0 0 0 0 0 0 0 0 0 0 0 0 0 0 0 0 0 0 0 0 0 0 0 0 0 0 0 0 0 0 0 0 0 0 0 0 0 0 0 0 0 0 0 0 0 0 0 0 0 0 0 0 0 0 0 0 0 0 0 0 0 0 0 0 0 0 0 0 0 0 0 0 0 0 0 0 0 0 0 0 0 0 0 0 0 0 0 0 0 0 0 0 0 0 0 0 0 0 0 0 0 0 0 0 0 0 0 0 0 0 0 0 0 0 0 0 0 0 0 0 0 0 0 0 0 0 0 0 0 0 0 0 0 0 0 0 0 0 0 0 0 0 0 0 0 0 0 0 0 0 0 0 0 0 0 0 0 0 0 0 0 0 0 0 0 0 0 0 0 0 0 0 0 0 0 0 0 0 0 0 0 0 0 0 0 0 0 0 0 0 0 0 0 0 0 0 0 0 0 0 0 0 0 0 0 0 0 0 0 0 0 0 0 0 0 0 0 0 0 0 0 0 0 0 0 0 0 0 0 0 0 0 0 0 0 0 0 0 0 0 0 0 0 0 0 0 0 0 0 0 0 0 0 0 0 0 0 0 0 0 0 0 0 0 0 0 0 0 0 0 0 0 0 0 0 0 0 0 0 0 0 0 0 0 0 0 0 0 0 0 0 0 0 0 0 0 0 0 0 0 0 0 0 0 0 0 0 0 0 0 0 0 0 0 0 0 0 0 0 0 0 0 0 0 0 0 0 0 0 0 0 0 0 0 0 0 0 0 0 0 0 0 0 0 0 0 0 0 0 0 0 0 0 0 0 0 0 0 0 0 0 0 0 0 0 0 0 0 0 0 0 0 0 0 0 0 0 0 0 0 0 0 0 0 0 0 0 0 0 0 0 0 0 0 0 0 0 0 0 0 0 0 0 0 0 0 0 0 0 0 0 0 0 0
ctxt 3729549889
btime 1783935075
processes 5333638
procs_running 1
procs_blocked 0
softirq 2823771231 204 316111298 1629098 892962561 32768 0 7324405 906336985 256532 699117380

/proc/meminfo
MemTotal:       32273192 kB
MemFree:         4337644 kB
MemAvailable:   27946988 kB
Buffers:               0 kB
Cached:         21240652 kB
SwapCached:        21664 kB
Active:         22849956 kB
Inactive:         393176 kB
Active(anon):    2202948 kB
Inactive(anon):   134240 kB
Active(file):   20647008 kB
Inactive(file):   258936 kB
Unevictable:           0 kB
Mlocked:               0 kB
SwapTotal:      67108860 kB
SwapFree:       63595004 kB
Zswap:                 0 kB
Zswapped:              0 kB
Dirty:               548 kB
Writeback:             0 kB
AnonPages:       1955472 kB
Mapped:           395536 kB
Shmem:            335980 kB
KReclaimable:    3180812 kB
Slab:            3807892 kB
SReclaimable:    3180812 kB
SUnreclaim:       627080 kB
KernelStack:       34144 kB
PageTables:        34332 kB
SecPageTables:      4112 kB
NFS_Unstable:          0 kB
Bounce:                0 kB
WritebackTmp:          0 kB
CommitLimit:    83245456 kB
Committed_AS:   12327020 kB
VmallocTotal:   34359738367 kB
VmallocUsed:      229776 kB
VmallocChunk:          0 kB
Percpu:            21216 kB
HardwareCorrupted:     0 kB
AnonHugePages:   1114112 kB
ShmemHugePages:        0 kB
ShmemPmdMapped:        0 kB
FileHugePages:         0 kB
FilePmdMapped:         0 kB
CmaTotal:              0 kB
CmaFree:               0 kB
Unaccepted:            0 kB
HugePages_Total:       0
HugePages_Free:        0
HugePages_Rsvd:        0
HugePages_Surp:        0
Hugepagesize:       2048 kB
Hugetlb:               0 kB
DirectMap4k:      389980 kB
DirectMap2M:     5574656 kB
DirectMap1G:    27262976 kB

/sys/devices/system/cpu/cpu2/cpufreq/scaling_cur_freq 1200000

/sys/devices/system/cpu/cpu3/cpufreq/scaling_cur_freq 1200000

/sys/devices/system/cpu/cpu4/cpufreq/scaling_cur_freq 1200000

/sys/devices/system/cpu/cpu5/cpufreq/scaling_cur_freq 1200111

/sys/devices/system/cpu/cpu6/cpufreq/scaling_cur_freq 1200000

/sys/devices/system/cpu/cpu7/cpufreq/scaling_cur_freq 1200000

/sys/devices/system/cpu/cpu8/cpufreq/scaling_cur_freq 1200000

/sys/devices/system/cpu/cpu9/cpufreq/scaling_cur_freq 1200000

