unix_ns 1788873092366449728
/proc/loadavg
2.67 2.07 1.55 1/2111 129

/proc/stat
cpu  115975473 83897 3612577 11542788659 184938393 870205 1376831 0 0 0
cpu0 41120814 44 83865 448346467 3973943 71861 139258 0 0 0
cpu1 6997157 37155 719163 460875922 24655891 113579 154687 0 0 0
cpu2 5025676 303 157442 475283790 13210759 38573 27112 0 0 0
cpu3 4624115 97 86000 480306631 8702099 25263 14943 0 0 0
cpu4 5023332 1299 228282 471930156 16402626 49677 42952 0 0 0
cpu5 4966442 55 84596 480412243 8247695 27602 14742 0 0 0
cpu6 4819240 70 61131 484279519 4565111 22328 22776 0 0 0
cpu7 10193685 22039 631018 460852825 21779932 101870 70685 0 0 0
cpu8 4963906 125 110737 478715929 9881744 37321 36186 0 0 0
cpu9 4864027 55 66303 483886028 4909612 23403 16966 0 0 0
cpu10 4854709 38 62962 485454422 3306333 23767 70665 0 0 0
cpu11 4600466 519 193517 477074220 11672144 54765 95194 0 0 0
cpu12 1604663 15 45486 487746523 4340932 13622 19382 0 0 0
cpu13 2027411 10613 343212 484190382 7078606 32331 21950 0 0 0
cpu14 692952 221 51848 487969184 5012672 13206 12677 0 0 0
cpu15 926002 56 43124 488823773 3971980 9316 7121 0 0 0
cpu16 945616 283 51145 489501336 3264685 9574 5923 0 0 0
cpu17 569216 93 52575 489708455 3238046 42191 147017 0 0 0
cpu18 692394 30 57265 489459602 3440574 22292 99509 0 0 0
cpu19 3315959 10053 247654 482480075 7560033 46361 38378 0 0 0
cpu20 600043 202 52778 488254971 4708931 32863 55651 0 0 0
cpu21 646365 131 73946 488733382 4003784 39352 249357 0 0 0
cpu22 636860 69 56776 489762601 3305013 8945 7931 0 0 0
cpu23 1264413 320 51742 488740212 3705235 10131 5756 0 0 0
intr 3709152206 22 0 0 0 0 0 0 0 0 0 0 0 0 0 0 0 8 0 0 0 0 0 0 0 0 0 0 0 1 0 1 1 1 1 0 0 0 0 37 0 0 0 0 0 0 0 0 0 0 0 0 0 0 0 0 0 0 0 0 0 0 0 0 0 2865 1 165564712 157982296 162435993 382037567 61824 649618 103571 70271 166000 144691 50322 462453 79643 48243 33143 115753 39279 214698 54535 42616 52656 36793 39573 508276 130774 64783 38076 37844 29654 0 0 0 0 0 0 2 0 2 2 2 2 2 2 35 2 207 2 0 0 0 0 0 0 0 0 0 0 0 0 0 0 0 0 0 0 0 0 0 0 0 0 0 0 0 0 0 0 0 0 0 0 0 0 0 0 0 0 0 0 0 0 0 0 0 0 0 0 0 0 0 0 0 0 0 0 0 0 0 0 0 0 0 0 0 0 0 0 0 0 0 0 0 0 0 0 0 0 0 0 0 0 0 0 0 0 0 0 0 0 0 0 0 0 0 0 0 0 0 0 0 0 0 0 0 0 0 0 0 0 0 0 0 0 0 0 0 0 0 0 0 0 0 0 0 0 0 0 0 0 0 0 0 0 0 0 0 0 0 0 0 0 0 0 0 0 0 0 0 0 0 0 0 0 0 0 0 0 0 0 0 0 0 0 0 0 0 0 0 0 0 0 0 0 0 0 0 0 0 0 0 0 0 0 0 0 0 0 0 0 0 0 0 0 0 0 0 0 0 0 0 0 0 0 0 0 0 0 0 0 0 0 0 0 0 0 0 0 0 0 0 0 0 0 0 0 0 0 0 0 0 0 0 0 0 0 0 0 0 0 0 0 0 0 0 0 0 0 0 0 0 0 0 0 0 0 0 0 0 0 0 0 0 0 0 0 0 0 0 0 0 0 0 0 0 0 0 0 0 0 0 0 0 0 0 0 0 0 0 0 0 0 0 0 0 0 0 0 0 0 0 0 0 0 0 0 0 0 0 0 0 0 0 0 0 0 0 0 0 0 0 0 0 0 0 0 0 0 0 0 0 0 0 0 0 0 0 0 0 0 0 0 0 0 0 0 0 0 0 0 0 0 0 0 0 0 0 0 0 0 0 0 0 0 0 0 0 0 0 0 0 0 0 0 0 0 0 0 0 0 0 0 0 0 0 0 0 0 0 0 0 0 0 0 0 0 0 0 0 0 0 0 0 0 0 0 0 0 0 0 0 0 0 0 0 0 0 0 0 0 0 0 0 0 0 0 0 0 0 0 0 0 0 0 0 0 0 0 0 0 0 0 0 0 0 0 0 0 0 0 0 0 0 0 0 0 0 0 0 0 0 0 0 0 0 0 0 0 0 0 0 0 0 0 0 0 0 0 0 0 0 0 0 0 0 0 0 0 0 0 0 0 0 0 0 0 0 0 0 0 0 0 0 0 0 0 0 0 0 0 0 0 0 0 0 0 0 0 0 0 0 0 0 0 0 0 0 0 0 0 0 0 0 0 0 0 0 0 0 0 0 0 0 0 0 0 0 0 0 0 0 0 0 0 0 0 0 0 0 0 0 0 0 0 0 0 0 0 0 0 0 0 0 0 0 0 0 0 0 0 0 0 0 0 0 0 0 0 0 0 0 0 0 0 0 0 0 0 0 0 0 0 0 0 0 0 0 0 0 0 0 0 0 0 0 0 0 0 0 0 0 0 0 0 0 0 0 0 0 0 0 0 0 0 0 0 0 0 0 0 0 0 0 0 0 0 0 0 0 0 0 0 0 0 0 0 0 0 0 0 0 0 0 0 0 0 0 0 0 0 0 0 0 0 0 0 0 0 0 0 0 0 0 0 0 0 0 0 0 0 0 0 0 0 0 0 0 0 0 0 0 0 0 0 0 0 0 0 0 0 0 0 0 0 0 0 0 0 0 0 0 0 0 0 0 0 0 0 0 0 0 0 0 0 0 0 0 0 0 0 0 0 0 0 0 0 0 0 0 0 0 0 0 0 0 0 0 0 0 0 0 0 0 0 0 0 0 0 0 0 0 0 0 0 0 0 0 0 0 0 0 0 0 0 0 0 0 0 0 0 0 0 0 0 0 0 0 0 0 0 0 0 0 0 0 0 0 0 0 0 0 0 0 0 0 0 0 0 0 0 0 0 0 0 0 0 0 0 0 0 0 0 0 0 0 0 0 0 0 0 0 0 0 0 0 0 0 0 0 0 0 0 0 0 0 0 0 0 0 0 0 0 0 0 0 0 0 0 0 0 0 0 0 0 0 0 0 0 0 0 0 0 0 0 0 0 0 0 0 0 0 0 0 0 0 0 0 0 0 0 0 0 0 0 0 0 0 0 0 0 0 0 0 0 0 0 0 0 0 0 0 0 0 0 0 0 0 0 0 0 0 0 0 0 0 0 0 0 0 0 0 0 0 0 0 0 0 0 0 0 0 0 0 0 0 0 0 0 0 0 0 0 0 0 0 0 0 0 0 0 0 0 0 0 0 0 0 0 0 0 0 0 0 0 0 0 0 0 0 0 0 0 0 0 0 0 0 0 0 0 0 0 0 0 0 0 0 0 0 0 0 0 0 0 0 0 0 0 0 0 0 0 0 0 0 0 0 0 0 0 0 0 0 0 0 0 0 0 0 0 0 0 0 0 0
ctxt 3729664493
btime 1783935075
processes 5333746
procs_running 1
procs_blocked 0
softirq 2823881600 204 316117855 1629950 892983547 32768 0 7325496 906401647 256532 699133601

/proc/meminfo
MemTotal:       32273192 kB
MemFree:         4247500 kB
MemAvailable:   27940424 kB
Buffers:               0 kB
Cached:         21323972 kB
SwapCached:        21664 kB
Active:         22936616 kB
Inactive:         393188 kB
Active(anon):    2206312 kB
Inactive(anon):   134240 kB
Active(file):   20730304 kB
Inactive(file):   258948 kB
Unevictable:           0 kB
Mlocked:               0 kB
SwapTotal:      67108860 kB
SwapFree:       63595004 kB
Zswap:                 0 kB
Zswapped:              0 kB
Dirty:               152 kB
Writeback:             0 kB
AnonPages:       1958280 kB
Mapped:           395564 kB
Shmem:            335960 kB
KReclaimable:    3181084 kB
Slab:            3808012 kB
SReclaimable:    3181084 kB
SUnreclaim:       626928 kB
KernelStack:       34208 kB
PageTables:        34172 kB
SecPageTables:      4112 kB
NFS_Unstable:          0 kB
Bounce:                0 kB
WritebackTmp:          0 kB
CommitLimit:    83245456 kB
Committed_AS:   12303960 kB
VmallocTotal:   34359738367 kB
VmallocUsed:      229868 kB
VmallocChunk:          0 kB
Percpu:            21216 kB
HardwareCorrupted:     0 kB
AnonHugePages:   1114112 kB
ShmemHugePages:        0 kB
ShmemPmdMapped:        0 kB
FileHugePages:         0 kB
FilePmdMapped:         0 kB
CmaTotal:              0 kB
CmaFree:               0 kB
Unaccepted:            0 kB
HugePages_Total:       0
HugePages_Free:        0
HugePages_Rsvd:        0
HugePages_Surp:        0
Hugepagesize:       2048 kB
Hugetlb:               0 kB
DirectMap4k:      389980 kB
DirectMap2M:     5574656 kB
DirectMap1G:    27262976 kB

/sys/devices/system/cpu/cpu2/cpufreq/scaling_cur_freq 1200000

/sys/devices/system/cpu/cpu3/cpufreq/scaling_cur_freq 1200000

/sys/devices/system/cpu/cpu4/cpufreq/scaling_cur_freq 1200100

/sys/devices/system/cpu/cpu5/cpufreq/scaling_cur_freq 1200000

/sys/devices/system/cpu/cpu6/cpufreq/scaling_cur_freq 1200000

/sys/devices/system/cpu/cpu7/cpufreq/scaling_cur_freq 1200000

/sys/devices/system/cpu/cpu8/cpufreq/scaling_cur_freq 1200000

/sys/devices/system/cpu/cpu9/cpufreq/scaling_cur_freq 1200000

