unix_ns 1788872898924136686
/proc/loadavg
1.84 1.36 1.24 1/2110 10

/proc/stat
cpu  115939506 83897 3611777 11542361964 184937894 870112 1376705 0 0 0
cpu0 41117529 44 83265 448331466 3973575 71852 139197 0 0 0
cpu1 6997085 37155 719146 460856711 24655874 113577 154671 0 0 0
cpu2 5011613 303 157428 475278554 13210756 38546 27111 0 0 0
cpu3 4616828 97 85996 480294595 8702096 25249 14942 0 0 0
cpu4 5020048 1299 228270 471914138 16402609 49669 42948 0 0 0
cpu5 4963202 55 84589 480396164 8247686 27595 14741 0 0 0
cpu6 4818118 70 61127 484261308 4565109 22325 22776 0 0 0
cpu7 10192531 22039 630995 460834707 21779895 101866 70684 0 0 0
cpu8 4962785 125 110733 478697714 9881743 37318 36185 0 0 0
cpu9 4862911 55 66300 483867809 4909612 23400 16966 0 0 0
cpu10 4854700 38 62957 485435112 3306318 23766 70665 0 0 0
cpu11 4600451 519 193492 477054924 11672143 54763 95190 0 0 0
cpu12 1604653 15 45479 487727202 4340930 13621 19381 0 0 0
cpu13 2027388 10613 343202 484171079 7078606 32330 21950 0 0 0
cpu14 692946 221 51845 487949852 5012672 13205 12677 0 0 0
cpu15 926000 56 43121 488804444 3971969 9316 7121 0 0 0
cpu16 945608 283 51142 489482004 3264685 9573 5923 0 0 0
cpu17 569212 93 52573 489689124 3238042 42190 147016 0 0 0
cpu18 692390 30 57262 489440268 3440571 22292 99509 0 0 0
cpu19 3315890 10053 247641 482460817 7560033 46360 38378 0 0 0
cpu20 600042 202 52773 488235636 4708931 32863 55651 0 0 0
cpu21 646343 131 73934 488714114 4003779 39349 249326 0 0 0
cpu22 636836 69 56763 489743300 3305013 8943 7930 0 0 0
cpu23 1264384 320 51734 488720908 3705235 10131 5756 0 0 0
intr 3708607907 22 0 0 0 0 0 0 0 0 0 0 0 0 0 0 0 8 0 0 0 0 0 0 0 0 0 0 0 1 0 1 1 1 1 0 0 0 0 37 0 0 0 0 0 0 0 0 0 0 0 0 0 0 0 0 0 0 0 0 0 0 0 0 0 2865 1 165552080 157975506 162433350 382009490 61824 649574 103571 70271 165999 144668 50322 462453 79643 48240 33143 115753 39277 214698 54535 42616 52656 36792 39573 508258 130772 64747 38073 37839 29654 0 0 0 0 0 0 2 0 2 2 2 2 2 2 35 2 207 2 0 0 0 0 0 0 0 0 0 0 0 0 0 0 0 0 0 0 0 0 0 0 0 0 0 0 0 0 0 0 0 0 0 0 0 0 0 0 0 0 0 0 0 0 0 0 0 0 0 0 0 0 0 0 0 0 0 0 0 0 0 0 0 0 0 0 0 0 0 0 0 0 0 0 0 0 0 0 0 0 0 0 0 0 0 0 0 0 0 0 0 0 0 0 0 0 0 0 0 0 0 0 0 0 0 0 0 0 0 0 0 0 0 0 0 0 0 0 0 0 0 0 0 0 0 0 0 0 0 0 0 0 0 0 0 0 0 0 0 0 0 0 0 0 0 0 0 0 0 0 0 0 0 0 0 0 0 0 0 0 0 0 0 0 0 0 0 0 0 0 0 0 0 0 0 0 0 0 0 0 0 0 0 0 0 0 0 0 0 0 0 0 0 0 0 0 0 0 0 0 0 0 0 0 0 0 0 0 0 0 0 0 0 0 0 0 0 0 0 0 0 0 0 0 0 0 0 0 0 0 0 0 0 0 0 0 0 0 0 0 0 0 0 0 0 0 0 0 0 0 0 0 0 0 0 0 0 0 0 0 0 0 0 0 0 0 0 0 0 0 0 0 0 0 0 0 0 0 0 0 0 0 0 0 0 0 0 0 0 0 0 0 0 0 0 0 0 0 0 0 0 0 0 0 0 0 0 0 0 0 0 0 0 0 0 0 0 0 0 0 0 0 0 0 0 0 0 0 0 0 0 0 0 0 0 0 0 0 0 0 0 0 0 0 0 0 0 0 0 0 0 0 0 0 0 0 0 0 0 0 0 0 0 0 0 0 0 0 0 0 0 0 0 0 0 0 0 0 0 0 0 0 0 0 0 0 0 0 0 0 0 0 0 0 0 0 0 0 0 0 0 0 0 0 0 0 0 0 0 0 0 0 0 0 0 0 0 0 0 0 0 0 0 0 0 0 0 0 0 0 0 0 0 0 0 0 0 0 0 0 0 0 0 0 0 0 0 0 0 0 0 0 0 0 0 0 0 0 0 0 0 0 0 0 0 0 0 0 0 0 0 0 0 0 0 0 0 0 0 0 0 0 0 0 0 0 0 0 0 0 0 0 0 0 0 0 0 0 0 0 0 0 0 0 0 0 0 0 0 0 0 0 0 0 0 0 0 0 0 0 0 0 0 0 0 0 0 0 0 0 0 0 0 0 0 0 0 0 0 0 0 0 0 0 0 0 0 0 0 0 0 0 0 0 0 0 0 0 0 0 0 0 0 0 0 0 0 0 0 0 0 0 0 0 0 0 0 0 0 0 0 0 0 0 0 0 0 0 0 0 0 0 0 0 0 0 0 0 0 0 0 0 0 0 0 0 0 0 0 0 0 0 0 0 0 0 0 0 0 0 0 0 0 0 0 0 0 0 0 0 0 0 0 0 0 0 0 0 0 0 0 0 0 0 0 0 0 0 0 0 0 0 0 0 0 0 0 0 0 0 0 0 0 0 0 0 0 0 0 0 0 0 0 0 0 0 0 0 0 0 0 0 0 0 0 0 0 0 0 0 0 0 0 0 0 0 0 0 0 0 0 0 0 0 0 0 0 0 0 0 0 0 0 0 0 0 0 0 0 0 0 0 0 0 0 0 0 0 0 0 0 0 0 0 0 0 0 0 0 0 0 0 0 0 0 0 0 0 0 0 0 0 0 0 0 0 0 0 0 0 0 0 0 0 0 0 0 0 0 0 0 0 0 0 0 0 0 0 0 0 0 0 0 0 0 0 0 0 0 0 0 0 0 0 0 0 0 0 0 0 0 0 0 0 0 0 0 0 0 0 0 0 0 0 0 0 0 0 0 0 0 0 0 0 0 0 0 0 0 0 0 0 0 0 0 0 0 0 0 0 0 0 0 0 0 0 0 0 0 0 0 0 0 0 0 0 0 0 0 0 0 0 0 0 0 0 0 0 0 0 0 0 0 0 0 0 0 0 0 0 0 0 0 0 0 0 0 0 0 0 0 0 0 0 0 0 0 0 0 0 0 0 0 0 0 0 0 0 0 0 0 0 0 0 0 0 0 0 0 0 0 0 0 0 0 0 0 0 0 0 0 0 0 0 0 0 0 0 0 0 0 0 0 0 0 0 0 0 0 0 0 0 0 0 0 0 0 0 0 0 0 0 0 0 0 0 0 0 0 0 0 0 0 0 0 0 0 0 0 0 0 0 0 0 0 0 0 0 0 0 0 0 0 0 0 0 0 0 0 0 0 0 0 0 0 0 0 0 0 0 0 0 0 0 0 0 0 0 0 0 0 0 0 0 0 0 0 0 0 0 0 0 0 0 0 0 0 0 0 0 0 0 0 0 0 0 0
ctxt 3729375935
btime 1783935075
processes 5333421
procs_running 1
procs_blocked 0
softirq 2823602759 204 316101065 1628940 892930648 32768 0 7323887 906243706 256532 699085009

/proc/meminfo
MemTotal:       32273192 kB
MemFree:         4515188 kB
MemAvailable:   28009012 kB
Buffers:               0 kB
Cached:         21125588 kB
SwapCached:        21664 kB
Active:         22647688 kB
Inactive:         393152 kB
Active(anon):    2115696 kB
Inactive(anon):   134240 kB
Active(file):   20531992 kB
Inactive(file):   258912 kB
Unevictable:           0 kB
Mlocked:               0 kB
SwapTotal:      67108860 kB
SwapFree:       63595004 kB
Zswap:                 0 kB
Zswapped:              0 kB
Dirty:               148 kB
Writeback:             0 kB
AnonPages:       1868300 kB
Mapped:           395456 kB
Shmem:            335956 kB
KReclaimable:    3180332 kB
Slab:            3807376 kB
SReclaimable:    3180332 kB
SUnreclaim:       627044 kB
KernelStack:       34128 kB
PageTables:        33992 kB
SecPageTables:      4112 kB
NFS_Unstable:          0 kB
Bounce:                0 kB
WritebackTmp:          0 kB
CommitLimit:    83245456 kB
Committed_AS:   12213004 kB
VmallocTotal:   34359738367 kB
VmallocUsed:      229852 kB
VmallocChunk:          0 kB
Percpu:            21216 kB
HardwareCorrupted:     0 kB
AnonHugePages:   1083392 kB
ShmemHugePages:        0 kB
ShmemPmdMapped:        0 kB
FileHugePages:         0 kB
FilePmdMapped:         0 kB
CmaTotal:              0 kB
CmaFree:               0 kB
Unaccepted:            0 kB
HugePages_Total:       0
HugePages_Free:        0
HugePages_Rsvd:        0
HugePages_Surp:        0
Hugepagesize:       2048 kB
Hugetlb:               0 kB
DirectMap4k:      389980 kB
DirectMap2M:     5574656 kB
DirectMap1G:    27262976 kB

/sys/devices/system/cpu/cpu2/cpufreq/scaling_cur_freq 1200000

/sys/devices/system/cpu/cpu3/cpufreq/scaling_cur_freq 1200000

/sys/devices/system/cpu/cpu4/cpufreq/scaling_cur_freq 1442954

/sys/devices/system/cpu/cpu5/cpufreq/scaling_cur_freq 1200000

/sys/devices/system/cpu/cpu6/cpufreq/scaling_cur_freq 1200000

/sys/devices/system/cpu/cpu7/cpufreq/scaling_cur_freq 1279929

/sys/devices/system/cpu/cpu8/cpufreq/scaling_cur_freq 1200000

/sys/devices/system/cpu/cpu9/cpufreq/scaling_cur_freq 1201508

