unix_ns 1788872956563896006
/proc/loadavg
2.85 1.72 1.37 1/2107 42

/proc/stat
cpu  115949829 83897 3612028 11542489479 184938055 870139 1376743 0 0 0
cpu0 41118592 44 83456 448335829 3973695 71855 139215 0 0 0
cpu1 6997120 37155 719153 460862416 24655883 113578 154676 0 0 0
cpu2 5015775 303 157438 475280136 13210757 38554 27112 0 0 0
cpu3 4619114 97 85997 480298065 8702099 25253 14943 0 0 0
cpu4 5020846 1299 228273 471919096 16402609 49671 42950 0 0 0
cpu5 4963992 55 84591 480401129 8247692 27597 14742 0 0 0
cpu6 4818399 70 61128 484266788 4565110 22326 22776 0 0 0
cpu7 10192837 22039 631004 460840142 21779904 101867 70685 0 0 0
cpu8 4963066 125 110734 478703194 9881743 37319 36186 0 0 0
cpu9 4863190 55 66302 483873290 4909612 23401 16966 0 0 0
cpu10 4854704 38 62958 485440863 3306324 23767 70665 0 0 0
cpu11 4600454 519 193497 477060679 11672144 54763 95190 0 0 0
cpu12 1604658 15 45481 487732956 4340931 13622 19381 0 0 0
cpu13 2027394 10613 343204 484176832 7078606 32331 21950 0 0 0
cpu14 692946 221 51845 487955615 5012672 13205 12677 0 0 0
cpu15 926000 56 43122 488810207 3971970 9316 7121 0 0 0
cpu16 945609 283 51143 489487767 3264685 9573 5923 0 0 0
cpu17 569213 93 52574 489694886 3238042 42190 147016 0 0 0
cpu18 692391 30 57262 489446031 3440571 22292 99509 0 0 0
cpu19 3315891 10053 247642 482466579 7560033 46361 38378 0 0 0
cpu20 600042 202 52774 488241398 4708931 32863 55651 0 0 0
cpu21 646353 131 73936 488719854 4003781 39350 249336 0 0 0
cpu22 636836 69 56765 489749061 3305013 8944 7930 0 0 0
cpu23 1264397 320 51739 488726652 3705235 10131 5756 0 0 0
intr 3708769403 22 0 0 0 0 0 0 0 0 0 0 0 0 0 0 0 8 0 0 0 0 0 0 0 0 0 0 0 1 0 1 1 1 1 0 0 0 0 37 0 0 0 0 0 0 0 0 0 0 0 0 0 0 0 0 0 0 0 0 0 0 0 0 0 2865 1 165558363 157975883 162434146 382017902 61824 649588 103571 70271 165999 144676 50322 462453 79643 48243 33143 115753 39277 214698 54535 42616 52656 36792 39573 508263 130773 64761 38073 37839 29654 0 0 0 0 0 0 2 0 2 2 2 2 2 2 35 2 207 2 0 0 0 0 0 0 0 0 0 0 0 0 0 0 0 0 0 0 0 0 0 0 0 0 0 0 0 0 0 0 0 0 0 0 0 0 0 0 0 0 0 0 0 0 0 0 0 0 0 0 0 0 0 0 0 0 0 0 0 0 0 0 0 0 0 0 0 0 0 0 0 0 0 0 0 0 0 0 0 0 0 0 0 0 0 0 0 0 0 0 0 0 0 0 0 0 0 0 0 0 0 0 0 0 0 0 0 0 0 0 0 0 0 0 0 0 0 0 0 0 0 0 0 0 0 0 0 0 0 0 0 0 0 0 0 0 0 0 0 0 0 0 0 0 0 0 0 0 0 0 0 0 0 0 0 0 0 0 0 0 0 0 0 0 0 0 0 0 0 0 0 0 0 0 0 0 0 0 0 0 0 0 0 0 0 0 0 0 0 0 0 0 0 0 0 0 0 0 0 0 0 0 0 0 0 0 0 0 0 0 0 0 0 0 0 0 0 0 0 0 0 0 0 0 0 0 0 0 0 0 0 0 0 0 0 0 0 0 0 0 0 0 0 0 0 0 0 0 0 0 0 0 0 0 0 0 0 0 0 0 0 0 0 0 0 0 0 0 0 0 0 0 0 0 0 0 0 0 0 0 0 0 0 0 0 0 0 0 0 0 0 0 0 0 0 0 0 0 0 0 0 0 0 0 0 0 0 0 0 0 0 0 0 0 0 0 0 0 0 0 0 0 0 0 0 0 0 0 0 0 0 0 0 0 0 0 0 0 0 0 0 0 0 0 0 0 0 0 0 0 0 0 0 0 0 0 0 0 0 0 0 0 0 0 0 0 0 0 0 0 0 0 0 0 0 0 0 0 0 0 0 0 0 0 0 0 0 0 0 0 0 0 0 0 0 0 0 0 0 0 0 0 0 0 0 0 0 0 0 0 0 0 0 0 0 0 0 0 0 0 0 0 0 0 0 0 0 0 0 0 0 0 0 0 0 0 0 0 0 0 0 0 0 0 0 0 0 0 0 0 0 0 0 0 0 0 0 0 0 0 0 0 0 0 0 0 0 0 0 0 0 0 0 0 0 0 0 0 0 0 0 0 0 0 0 0 0 0 0 0 0 0 0 0 0 0 0 0 0 0 0 0 0 0 0 0 0 0 0 0 0 0 0 0 0 0 0 0 0 0 0 0 0 0 0 0 0 0 0 0 0 0 0 0 0 0 0 0 0 0 0 0 0 0 0 0 0 0 0 0 0 0 0 0 0 0 0 0 0 0 0 0 0 0 0 0 0 0 0 0 0 0 0 0 0 0 0 0 0 0 0 0 0 0 0 0 0 0 0 0 0 0 0 0 0 0 0 0 0 0 0 0 0 0 0 0 0 0 0 0 0 0 0 0 0 0 0 0 0 0 0 0 0 0 0 0 0 0 0 0 0 0 0 0 0 0 0 0 0 0 0 0 0 0 0 0 0 0 0 0 0 0 0 0 0 0 0 0 0 0 0 0 0 0 0 0 0 0 0 0 0 0 0 0 0 0 0 0 0 0 0 0 0 0 0 0 0 0 0 0 0 0 0 0 0 0 0 0 0 0 0 0 0 0 0 0 0 0 0 0 0 0 0 0 0 0 0 0 0 0 0 0 0 0 0 0 0 0 0 0 0 0 0 0 0 0 0 0 0 0 0 0 0 0 0 0 0 0 0 0 0 0 0 0 0 0 0 0 0 0 0 0 0 0 0 0 0 0 0 0 0 0 0 0 0 0 0 0 0 0 0 0 0 0 0 0 0 0 0 0 0 0 0 0 0 0 0 0 0 0 0 0 0 0 0 0 0 0 0 0 0 0 0 0 0 0 0 0 0 0 0 0 0 0 0 0 0 0 0 0 0 0 0 0 0 0 0 0 0 0 0 0 0 0 0 0 0 0 0 0 0 0 0 0 0 0 0 0 0 0 0 0 0 0 0 0 0 0 0 0 0 0 0 0 0 0 0 0 0 0 0 0 0 0 0 0 0 0 0 0 0 0 0 0 0 0 0 0 0 0 0 0 0 0 0 0 0 0 0 0 0 0 0 0 0 0 0 0 0 0 0 0 0 0 0 0 0 0 0 0 0 0 0 0 0 0 0 0 0 0 0 0 0 0 0 0 0 0 0 0 0 0 0 0 0 0 0 0 0 0 0 0 0 0 0 0 0 0 0 0 0 0 0 0 0 0 0 0 0 0 0 0 0 0 0 0 0 0 0 0 0 0 0 0 0 0 0 0 0 0 0 0 0 0 0 0 0 0 0 0 0 0 0 0 0 0 0 0 0 0 0 0 0 0 0 0 0 0 0 0 0 0 0 0 0 0 0 0 0 0 0 0 0 0 0 0 0
ctxt 3729463013
btime 1783935075
processes 5333492
procs_running 1
procs_blocked 0
softirq 2823688894 204 316106270 1629012 892947668 32768 0 7324063 906291185 256532 699101192

/proc/meminfo
MemTotal:       32273192 kB
MemFree:         4410664 kB
MemAvailable:   27968488 kB
Buffers:               0 kB
Cached:         21189428 kB
SwapCached:        21664 kB
Active:         22767660 kB
Inactive:         393160 kB
Active(anon):    2171836 kB
Inactive(anon):   134240 kB
Active(file):   20595824 kB
Inactive(file):   258920 kB
Unevictable:           0 kB
Mlocked:               0 kB
SwapTotal:      67108860 kB
SwapFree:       63595004 kB
Zswap:                 0 kB
Zswapped:              0 kB
Dirty:               352 kB
Writeback:             8 kB
AnonPages:       1924416 kB
Mapped:           395512 kB
Shmem:            335956 kB
KReclaimable:    3180492 kB
Slab:            3807588 kB
SReclaimable:    3180492 kB
SUnreclaim:       627096 kB
KernelStack:       34080 kB
PageTables:        34108 kB
SecPageTables:      4112 kB
NFS_Unstable:          0 kB
Bounce:                0 kB
WritebackTmp:          0 kB
CommitLimit:    83245456 kB
Committed_AS:   12285904 kB
VmallocTotal:   34359738367 kB
VmallocUsed:      229772 kB
VmallocChunk:          0 kB
Percpu:            21216 kB
HardwareCorrupted:     0 kB
AnonHugePages:   1107968 kB
ShmemHugePages:        0 kB
ShmemPmdMapped:        0 kB
FileHugePages:         0 kB
FilePmdMapped:         0 kB
CmaTotal:              0 kB
CmaFree:               0 kB
Unaccepted:            0 kB
HugePages_Total:       0
HugePages_Free:        0
HugePages_Rsvd:        0
HugePages_Surp:        0
Hugepagesize:       2048 kB
Hugetlb:               0 kB
DirectMap4k:      389980 kB
DirectMap2M:     5574656 kB
DirectMap1G:    27262976 kB

/sys/devices/system/cpu/cpu2/cpufreq/scaling_cur_freq 1200000

/sys/devices/system/cpu/cpu3/cpufreq/scaling_cur_freq 1200000

/sys/devices/system/cpu/cpu4/cpufreq/scaling_cur_freq 1200000

/sys/devices/system/cpu/cpu5/cpufreq/scaling_cur_freq 1200000

/sys/devices/system/cpu/cpu6/cpufreq/scaling_cur_freq 1200000

/sys/devices/system/cpu/cpu7/cpufreq/scaling_cur_freq 1338670

/sys/devices/system/cpu/cpu8/cpufreq/scaling_cur_freq 1200000

/sys/devices/system/cpu/cpu9/cpufreq/scaling_cur_freq 1200000

