unix_ns 1788873037926922275
/proc/loadavg
2.67 1.95 1.48 1/2109 95

/proc/stat
cpu  115965093 83897 3612368 11542668803 184938269 870179 1376796 0 0 0
cpu0 41119968 44 83706 448342134 3973863 71859 139240 0 0 0
cpu1 6997148 37155 719159 460870501 24655890 113579 154683 0 0 0
cpu2 5021638 303 157440 475282396 13210757 38565 27112 0 0 0
cpu3 4622014 97 85998 480303295 8702099 25259 14943 0 0 0
cpu4 5022233 1299 228281 471925829 16402612 49675 42951 0 0 0
cpu5 4965359 55 84595 480407888 8247693 27600 14742 0 0 0
cpu6 4818959 70 61130 484274359 4565111 22327 22776 0 0 0
cpu7 10193405 22039 631016 460847680 21779917 101869 70685 0 0 0
cpu8 4963625 125 110735 478710770 9881743 37320 36186 0 0 0
cpu9 4863747 55 66302 483880867 4909612 23403 16966 0 0 0
cpu10 4854707 38 62960 485448986 3306331 23767 70665 0 0 0
cpu11 4600463 519 193510 477068789 11672144 54764 95192 0 0 0
cpu12 1604663 15 45485 487741082 4340932 13622 19382 0 0 0
cpu13 2027404 10613 343207 484184951 7078606 32331 21950 0 0 0
cpu14 692951 221 51847 487963741 5012672 13206 12677 0 0 0
cpu15 926001 56 43123 488818335 3971976 9316 7121 0 0 0
cpu16 945613 283 51144 489495897 3264685 9573 5923 0 0 0
cpu17 569214 93 52575 489703013 3238046 42191 147017 0 0 0
cpu18 692392 30 57264 489454163 3440571 22292 99509 0 0 0
cpu19 3315915 10053 247647 482474683 7560033 46361 38378 0 0 0
cpu20 600043 202 52778 488249528 4708931 32863 55651 0 0 0
cpu21 646361 131 73944 488727955 4003784 39351 249349 0 0 0
cpu22 636846 69 56771 489757179 3305013 8944 7930 0 0 0
cpu23 1264413 320 51741 488734771 3705235 10131 5756 0 0 0
intr 3709000501 22 0 0 0 0 0 0 0 0 0 0 0 0 0 0 0 8 0 0 0 0 0 0 0 0 0 0 0 1 0 1 1 1 1 0 0 0 0 37 0 0 0 0 0 0 0 0 0 0 0 0 0 0 0 0 0 0 0 0 0 0 0 0 0 2865 1 165564065 157979128 162435446 382028407 61824 649615 103571 70271 166000 144687 50322 462453 79643 48243 33143 115753 39277 214698 54535 42616 52656 36792 39573 508274 130774 64770 38076 37839 29654 0 0 0 0 0 0 2 0 2 2 2 2 2 2 35 2 207 2 0 0 0 0 0 0 0 0 0 0 0 0 0 0 0 0 0 0 0 0 0 0 0 0 0 0 0 0 0 0 0 0 0 0 0 0 0 0 0 0 0 0 0 0 0 0 0 0 0 0 0 0 0 0 0 0 0 0 0 0 0 0 0 0 0 0 0 0 0 0 0 0 0 0 0 0 0 0 0 0 0 0 0 0 0 0 0 0 0 0 0 0 0 0 0 0 0 0 0 0 0 0 0 0 0 0 0 0 0 0 0 0 0 0 0 0 0 0 0 0 0 0 0 0 0 0 0 0 0 0 0 0 0 0 0 0 0 0 0 0 0 0 0 0 0 0 0 0 0 0 0 0 0 0 0 0 0 0 0 0 0 0 0 0 0 0 0 0 0 0 0 0 0 0 0 0 0 0 0 0 0 0 0 0 0 0 0 0 0 0 0 0 0 0 0 0 0 0 0 0 0 0 0 0 0 0 0 0 0 0 0 0 0 0 0 0 0 0 0 0 0 0 0 0 0 0 0 0 0 0 0 0 0 0 0 0 0 0 0 0 0 0 0 0 0 0 0 0 0 0 0 0 0 0 0 0 0 0 0 0 0 0 0 0 0 0 0 0 0 0 0 0 0 0 0 0 0 0 0 0 0 0 0 0 0 0 0 0 0 0 0 0 0 0 0 0 0 0 0 0 0 0 0 0 0 0 0 0 0 0 0 0 0 0 0 0 0 0 0 0 0 0 0 0 0 0 0 0 0 0 0 0 0 0 0 0 0 0 0 0 0 0 0 0 0 0 0 0 0 0 0 0 0 0 0 0 0 0 0 0 0 0 0 0 0 0 0 0 0 0 0 0 0 0 0 0 0 0 0 0 0 0 0 0 0 0 0 0 0 0 0 0 0 0 0 0 0 0 0 0 0 0 0 0 0 0 0 0 0 0 0 0 0 0 0 0 0 0 0 0 0 0 0 0 0 0 0 0 0 0 0 0 0 0 0 0 0 0 0 0 0 0 0 0 0 0 0 0 0 0 0 0 0 0 0 0 0 0 0 0 0 0 0 0 0 0 0 0 0 0 0 0 0 0 0 0 0 0 0 0 0 0 0 0 0 0 0 0 0 0 0 0 0 0 0 0 0 0 0 0 0 0 0 0 0 0 0 0 0 0 0 0 0 0 0 0 0 0 0 0 0 0 0 0 0 0 0 0 0 0 0 0 0 0 0 0 0 0 0 0 0 0 0 0 0 0 0 0 0 0 0 0 0 0 0 0 0 0 0 0 0 0 0 0 0 0 0 0 0 0 0 0 0 0 0 0 0 0 0 0 0 0 0 0 0 0 0 0 0 0 0 0 0 0 0 0 0 0 0 0 0 0 0 0 0 0 0 0 0 0 0 0 0 0 0 0 0 0 0 0 0 0 0 0 0 0 0 0 0 0 0 0 0 0 0 0 0 0 0 0 0 0 0 0 0 0 0 0 0 0 0 0 0 0 0 0 0 0 0 0 0 0 0 0 0 0 0 0 0 0 0 0 0 0 0 0 0 0 0 0 0 0 0 0 0 0 0 0 0 0 0 0 0 0 0 0 0 0 0 0 0 0 0 0 0 0 0 0 0 0 0 0 0 0 0 0 0 0 0 0 0 0 0 0 0 0 0 0 0 0 0 0 0 0 0 0 0 0 0 0 0 0 0 0 0 0 0 0 0 0 0 0 0 0 0 0 0 0 0 0 0 0 0 0 0 0 0 0 0 0 0 0 0 0 0 0 0 0 0 0 0 0 0 0 0 0 0 0 0 0 0 0 0 0 0 0 0 0 0 0 0 0 0 0 0 0 0 0 0 0 0 0 0 0 0 0 0 0 0 0 0 0 0 0 0 0 0 0 0 0 0 0 0 0 0 0 0 0 0 0 0 0 0 0 0 0 0 0 0 0 0 0 0 0 0 0 0 0 0 0 0 0 0 0 0 0 0 0 0 0 0 0 0 0 0 0 0 0 0 0 0 0 0 0 0 0 0 0 0 0 0 0 0 0 0 0 0 0 0 0 0 0 0 0 0 0 0 0 0 0 0 0 0 0 0 0 0 0 0 0 0 0 0 0 0 0 0 0 0 0 0 0 0 0 0 0 0 0 0 0 0 0 0 0 0 0 0 0 0 0 0 0 0 0 0 0 0 0 0 0 0 0 0 0 0 0 0 0 0 0 0 0 0 0 0 0 0 0 0 0 0 0 0 0 0 0 0 0 0 0 0 0 0 0 0 0 0 0 0 0 0 0 0 0 0 0 0 0 0 0 0 0 0 0 0 0 0 0 0 0 0 0 0 0 0 0 0 0 0 0 0 0 0 0 0 0 0 0 0 0 0 0 0 0 0 0 0
ctxt 3729584720
btime 1783935075
processes 5333661
procs_running 1
procs_blocked 0
softirq 2823808467 204 316113514 1629330 892969730 32768 0 7324667 906359536 256532 699122186

/proc/meminfo
MemTotal:       32273192 kB
MemFree:         4309196 kB
MemAvailable:   27950488 kB
Buffers:               0 kB
Cached:         21272500 kB
SwapCached:        21664 kB
Active:         22876672 kB
Inactive:         393176 kB
Active(anon):    2197796 kB
Inactive(anon):   134240 kB
Active(file):   20678876 kB
Inactive(file):   258936 kB
Unevictable:           0 kB
Mlocked:               0 kB
SwapTotal:      67108860 kB
SwapFree:       63595004 kB
Zswap:                 0 kB
Zswapped:              0 kB
Dirty:               248 kB
Writeback:             0 kB
AnonPages:       1950340 kB
Mapped:           395544 kB
Shmem:            335960 kB
KReclaimable:    3180892 kB
Slab:            3807912 kB
SReclaimable:    3180892 kB
SUnreclaim:       627020 kB
KernelStack:       34112 kB
PageTables:        34160 kB
SecPageTables:      4112 kB
NFS_Unstable:          0 kB
Bounce:                0 kB
WritebackTmp:          0 kB
CommitLimit:    83245456 kB
Committed_AS:   12295472 kB
VmallocTotal:   34359738367 kB
VmallocUsed:      229820 kB
VmallocChunk:          0 kB
Percpu:            21216 kB
HardwareCorrupted:     0 kB
AnonHugePages:   1114112 kB
ShmemHugePages:        0 kB
ShmemPmdMapped:        0 kB
FileHugePages:         0 kB
FilePmdMapped:         0 kB
CmaTotal:              0 kB
CmaFree:               0 kB
Unaccepted:            0 kB
HugePages_Total:       0
HugePages_Free:        0
HugePages_Rsvd:        0
HugePages_Surp:        0
Hugepagesize:       2048 kB
Hugetlb:               0 kB
DirectMap4k:      389980 kB
DirectMap2M:     5574656 kB
DirectMap1G:    27262976 kB

/sys/devices/system/cpu/cpu2/cpufreq/scaling_cur_freq 1200000

/sys/devices/system/cpu/cpu3/cpufreq/scaling_cur_freq 1200000

/sys/devices/system/cpu/cpu4/cpufreq/scaling_cur_freq 1200000

/sys/devices/system/cpu/cpu5/cpufreq/scaling_cur_freq 1200000

/sys/devices/system/cpu/cpu6/cpufreq/scaling_cur_freq 1200000

/sys/devices/system/cpu/cpu7/cpufreq/scaling_cur_freq 1200000

/sys/devices/system/cpu/cpu8/cpufreq/scaling_cur_freq 1200000

/sys/devices/system/cpu/cpu9/cpufreq/scaling_cur_freq 1200000

