unix_ns 1788872935121424858
/proc/loadavg
2.75 1.63 1.34 1/2109 35

/proc/stat
cpu  115946525 83897 3611938 11542441490 184938009 870130 1376728 0 0 0
cpu0 41118274 44 83394 448334106 3973664 71854 139207 0 0 0
cpu1 6997110 37155 719151 460860294 24655878 113577 154674 0 0 0
cpu2 5014095 303 157437 475279677 13210757 38551 27112 0 0 0
cpu3 4618375 97 85996 480296662 8702099 25252 14943 0 0 0
cpu4 5020590 1299 228273 471917210 16402609 49670 42950 0 0 0
cpu5 4963736 55 84590 480399243 8247691 27596 14742 0 0 0
cpu6 4818398 70 61128 484264646 4565109 22326 22776 0 0 0
cpu7 10192823 22039 631000 460838016 21779904 101867 70684 0 0 0
cpu8 4963066 125 110733 478701052 9881743 37319 36185 0 0 0
cpu9 4863189 55 66301 483871147 4909612 23401 16966 0 0 0
cpu10 4854701 38 62957 485438728 3306319 23766 70665 0 0 0
cpu11 4600452 519 193492 477058542 11672143 54763 95190 0 0 0
cpu12 1604655 15 45480 487730817 4340931 13622 19381 0 0 0
cpu13 2027389 10613 343202 484174697 7078606 32330 21950 0 0 0
cpu14 692946 221 51845 487953471 5012672 13205 12677 0 0 0
cpu15 926000 56 43121 488808064 3971970 9316 7121 0 0 0
cpu16 945608 283 51142 489485624 3264685 9573 5923 0 0 0
cpu17 569212 93 52573 489692743 3238042 42190 147016 0 0 0
cpu18 692390 30 57262 489443888 3440571 22292 99509 0 0 0
cpu19 3315890 10053 247641 482464436 7560033 46360 38378 0 0 0
cpu20 600042 202 52774 488239255 4708931 32863 55651 0 0 0
cpu21 646351 131 73935 488717719 4003779 39349 249332 0 0 0
cpu22 636836 69 56764 489746918 3305013 8944 7930 0 0 0
cpu23 1264386 320 51735 488724523 3705235 10131 5756 0 0 0
intr 3708712630 22 0 0 0 0 0 0 0 0 0 0 0 0 0 0 0 8 0 0 0 0 0 0 0 0 0 0 0 1 0 1 1 1 1 0 0 0 0 37 0 0 0 0 0 0 0 0 0 0 0 0 0 0 0 0 0 0 0 0 0 0 0 0 0 2865 1 165556393 157975724 162433607 382014935 61824 649587 103571 70271 165999 144670 50322 462453 79643 48243 33143 115753 39277 214698 54535 42616 52656 36792 39573 508260 130773 64760 38073 37839 29654 0 0 0 0 0 0 2 0 2 2 2 2 2 2 35 2 207 2 0 0 0 0 0 0 0 0 0 0 0 0 0 0 0 0 0 0 0 0 0 0 0 0 0 0 0 0 0 0 0 0 0 0 0 0 0 0 0 0 0 0 0 0 0 0 0 0 0 0 0 0 0 0 0 0 0 0 0 0 0 0 0 0 0 0 0 0 0 0 0 0 0 0 0 0 0 0 0 0 0 0 0 0 0 0 0 0 0 0 0 0 0 0 0 0 0 0 0 0 0 0 0 0 0 0 0 0 0 0 0 0 0 0 0 0 0 0 0 0 0 0 0 0 0 0 0 0 0 0 0 0 0 0 0 0 0 0 0 0 0 0 0 0 0 0 0 0 0 0 0 0 0 0 0 0 0 0 0 0 0 0 0 0 0 0 0 0 0 0 0 0 0 0 0 0 0 0 0 0 0 0 0 0 0 0 0 0 0 0 0 0 0 0 0 0 0 0 0 0 0 0 0 0 0 0 0 0 0 0 0 0 0 0 0 0 0 0 0 0 0 0 0 0 0 0 0 0 0 0 0 0 0 0 0 0 0 0 0 0 0 0 0 0 0 0 0 0 0 0 0 0 0 0 0 0 0 0 0 0 0 0 0 0 0 0 0 0 0 0 0 0 0 0 0 0 0 0 0 0 0 0 0 0 0 0 0 0 0 0 0 0 0 0 0 0 0 0 0 0 0 0 0 0 0 0 0 0 0 0 0 0 0 0 0 0 0 0 0 0 0 0 0 0 0 0 0 0 0 0 0 0 0 0 0 0 0 0 0 0 0 0 0 0 0 0 0 0 0 0 0 0 0 0 0 0 0 0 0 0 0 0 0 0 0 0 0 0 0 0 0 0 0 0 0 0 0 0 0 0 0 0 0 0 0 0 0 0 0 0 0 0 0 0 0 0 0 0 0 0 0 0 0 0 0 0 0 0 0 0 0 0 0 0 0 0 0 0 0 0 0 0 0 0 0 0 0 0 0 0 0 0 0 0 0 0 0 0 0 0 0 0 0 0 0 0 0 0 0 0 0 0 0 0 0 0 0 0 0 0 0 0 0 0 0 0 0 0 0 0 0 0 0 0 0 0 0 0 0 0 0 0 0 0 0 0 0 0 0 0 0 0 0 0 0 0 0 0 0 0 0 0 0 0 0 0 0 0 0 0 0 0 0 0 0 0 0 0 0 0 0 0 0 0 0 0 0 0 0 0 0 0 0 0 0 0 0 0 0 0 0 0 0 0 0 0 0 0 0 0 0 0 0 0 0 0 0 0 0 0 0 0 0 0 0 0 0 0 0 0 0 0 0 0 0 0 0 0 0 0 0 0 0 0 0 0 0 0 0 0 0 0 0 0 0 0 0 0 0 0 0 0 0 0 0 0 0 0 0 0 0 0 0 0 0 0 0 0 0 0 0 0 0 0 0 0 0 0 0 0 0 0 0 0 0 0 0 0 0 0 0 0 0 0 0 0 0 0 0 0 0 0 0 0 0 0 0 0 0 0 0 0 0 0 0 0 0 0 0 0 0 0 0 0 0 0 0 0 0 0 0 0 0 0 0 0 0 0 0 0 0 0 0 0 0 0 0 0 0 0 0 0 0 0 0 0 0 0 0 0 0 0 0 0 0 0 0 0 0 0 0 0 0 0 0 0 0 0 0 0 0 0 0 0 0 0 0 0 0 0 0 0 0 0 0 0 0 0 0 0 0 0 0 0 0 0 0 0 0 0 0 0 0 0 0 0 0 0 0 0 0 0 0 0 0 0 0 0 0 0 0 0 0 0 0 0 0 0 0 0 0 0 0 0 0 0 0 0 0 0 0 0 0 0 0 0 0 0 0 0 0 0 0 0 0 0 0 0 0 0 0 0 0 0 0 0 0 0 0 0 0 0 0 0 0 0 0 0 0 0 0 0 0 0 0 0 0 0 0 0 0 0 0 0 0 0 0 0 0 0 0 0 0 0 0 0 0 0 0 0 0 0 0 0 0 0 0 0 0 0 0 0 0 0 0 0 0 0 0 0 0 0 0 0 0 0 0 0 0 0 0 0 0 0 0 0 0 0 0 0 0 0 0 0 0 0 0 0 0 0 0 0 0 0 0 0 0 0 0 0 0 0 0 0 0 0 0 0 0 0 0 0 0 0 0 0 0 0 0 0 0 0 0 0 0 0 0 0 0 0 0 0 0 0 0 0 0 0 0 0 0 0 0 0 0 0 0 0 0 0 0 0 0 0 0 0 0 0 0 0 0 0 0 0 0 0 0 0 0 0 0 0 0 0 0 0 0 0 0 0 0 0 0 0 0 0 0 0 0 0 0 0 0 0 0 0 0 0 0 0 0 0 0 0 0 0 0 0 0 0 0 0 0 0 0 0 0
ctxt 3729419562
btime 1783935075
processes 5333453
procs_running 1
procs_blocked 0
softirq 2823653928 204 316104117 1629002 892941035 32768 0 7324020 906271449 256532 699094801

/proc/meminfo
MemTotal:       32273192 kB
MemFree:         4439484 kB
MemAvailable:   27978144 kB
Buffers:               0 kB
Cached:         21170328 kB
SwapCached:        21664 kB
Active:         22739832 kB
Inactive:         393152 kB
Active(anon):    2163100 kB
Inactive(anon):   134240 kB
Active(file):   20576732 kB
Inactive(file):   258912 kB
Unevictable:           0 kB
Mlocked:               0 kB
SwapTotal:      67108860 kB
SwapFree:       63595004 kB
Zswap:                 0 kB
Zswapped:              0 kB
Dirty:                 8 kB
Writeback:            88 kB
AnonPages:       1915692 kB
Mapped:           395488 kB
Shmem:            335956 kB
KReclaimable:    3180428 kB
Slab:            3807604 kB
SReclaimable:    3180428 kB
SUnreclaim:       627176 kB
KernelStack:       34112 kB
PageTables:        34092 kB
SecPageTables:      4112 kB
NFS_Unstable:          0 kB
Bounce:                0 kB
WritebackTmp:          0 kB
CommitLimit:    83245456 kB
Committed_AS:   12277120 kB
VmallocTotal:   34359738367 kB
VmallocUsed:      229852 kB
VmallocChunk:          0 kB
Percpu:            21216 kB
HardwareCorrupted:     0 kB
AnonHugePages:   1105920 kB
ShmemHugePages:        0 kB
ShmemPmdMapped:        0 kB
FileHugePages:         0 kB
FilePmdMapped:         0 kB
CmaTotal:              0 kB
CmaFree:               0 kB
Unaccepted:            0 kB
HugePages_Total:       0
HugePages_Free:        0
HugePages_Rsvd:        0
HugePages_Surp:        0
Hugepagesize:       2048 kB
Hugetlb:               0 kB
DirectMap4k:      389980 kB
DirectMap2M:     5574656 kB
DirectMap1G:    27262976 kB

/sys/devices/system/cpu/cpu2/cpufreq/scaling_cur_freq 1200000

/sys/devices/system/cpu/cpu3/cpufreq/scaling_cur_freq 1200000

/sys/devices/system/cpu/cpu4/cpufreq/scaling_cur_freq 1200000

/sys/devices/system/cpu/cpu5/cpufreq/scaling_cur_freq 1200000

/sys/devices/system/cpu/cpu6/cpufreq/scaling_cur_freq 1200000

/sys/devices/system/cpu/cpu7/cpufreq/scaling_cur_freq 1572068

/sys/devices/system/cpu/cpu8/cpufreq/scaling_cur_freq 1200000

/sys/devices/system/cpu/cpu9/cpufreq/scaling_cur_freq 1200636

