unix_ns 1788873139874577855
/proc/loadavg
2.55 2.12 1.60 1/2106 155

/proc/stat
cpu  115983587 83897 3612771 11542894164 184938524 870226 1376866 0 0 0
cpu0 41121555 44 84007 448350232 3974023 71863 139274 0 0 0
cpu1 6997197 37155 719168 460880615 24655898 113580 154691 0 0 0
cpu2 5029180 303 157444 475285028 13210759 38580 27113 0 0 0
cpu3 4625663 97 86001 480309830 8702099 25265 14943 0 0 0
cpu4 5023881 1299 228286 471934346 16402629 49679 42952 0 0 0
cpu5 4966975 55 84596 480416457 8247697 27603 14742 0 0 0
cpu6 4819523 70 61133 484283983 4565113 22329 22776 0 0 0
cpu7 10193966 22039 631020 460857280 21779943 101871 70686 0 0 0
cpu8 4964186 125 110737 478720391 9881750 37321 36186 0 0 0
cpu9 4864306 55 66304 483890498 4909612 23404 16966 0 0 0
cpu10 4854711 38 62962 485459161 3306340 23767 70666 0 0 0
cpu11 4600481 519 193532 477078937 11672144 54765 95194 0 0 0
cpu12 1604665 15 45488 487751271 4340932 13622 19382 0 0 0
cpu13 2027422 10613 343215 484195116 7078606 32332 21951 0 0 0
cpu14 692953 221 51848 487973930 5012672 13206 12678 0 0 0
cpu15 926003 56 43124 488828520 3971982 9316 7121 0 0 0
cpu16 945620 283 51146 489506080 3264685 9574 5923 0 0 0
cpu17 569219 93 52578 489713197 3238046 42191 147020 0 0 0
cpu18 692394 30 57266 489464351 3440574 22292 99509 0 0 0
cpu19 3315992 10053 247661 482484775 7560042 46361 38378 0 0 0
cpu20 600043 202 52778 488259720 4708933 32863 55651 0 0 0
cpu21 646365 131 73947 488738121 4003784 39353 249366 0 0 0
cpu22 636860 69 56776 489767351 3305013 8945 7931 0 0 0
cpu23 1264413 320 51742 488744961 3705235 10132 5756 0 0 0
intr 3709280654 22 0 0 0 0 0 0 0 0 0 0 0 0 0 0 0 8 0 0 0 0 0 0 0 0 0 0 0 1 0 1 1 1 1 0 0 0 0 37 0 0 0 0 0 0 0 0 0 0 0 0 0 0 0 0 0 0 0 0 0 0 0 0 0 2865 1 165565995 157982824 162436927 382048984 61824 649621 103571 70272 166001 144697 50322 462453 79643 48243 33143 115753 39279 214698 54536 42616 52656 36793 39573 508280 130774 64784 38076 37844 29654 0 0 0 0 0 0 2 0 2 2 2 2 2 2 35 2 207 2 0 0 0 0 0 0 0 0 0 0 0 0 0 0 0 0 0 0 0 0 0 0 0 0 0 0 0 0 0 0 0 0 0 0 0 0 0 0 0 0 0 0 0 0 0 0 0 0 0 0 0 0 0 0 0 0 0 0 0 0 0 0 0 0 0 0 0 0 0 0 0 0 0 0 0 0 0 0 0 0 0 0 0 0 0 0 0 0 0 0 0 0 0 0 0 0 0 0 0 0 0 0 0 0 0 0 0 0 0 0 0 0 0 0 0 0 0 0 0 0 0 0 0 0 0 0 0 0 0 0 0 0 0 0 0 0 0 0 0 0 0 0 0 0 0 0 0 0 0 0 0 0 0 0 0 0 0 0 0 0 0 0 0 0 0 0 0 0 0 0 0 0 0 0 0 0 0 0 0 0 0 0 0 0 0 0 0 0 0 0 0 0 0 0 0 0 0 0 0 0 0 0 0 0 0 0 0 0 0 0 0 0 0 0 0 0 0 0 0 0 0 0 0 0 0 0 0 0 0 0 0 0 0 0 0 0 0 0 0 0 0 0 0 0 0 0 0 0 0 0 0 0 0 0 0 0 0 0 0 0 0 0 0 0 0 0 0 0 0 0 0 0 0 0 0 0 0 0 0 0 0 0 0 0 0 0 0 0 0 0 0 0 0 0 0 0 0 0 0 0 0 0 0 0 0 0 0 0 0 0 0 0 0 0 0 0 0 0 0 0 0 0 0 0 0 0 0 0 0 0 0 0 0 0 0 0 0 0 0 0 0 0 0 0 0 0 0 0 0 0 0 0 0 0 0 0 0 0 0 0 0 0 0 0 0 0 0 0 0 0 0 0 0 0 0 0 0 0 0 0 0 0 0 0 0 0 0 0 0 0 0 0 0 0 0 0 0 0 0 0 0 0 0 0 0 0 0 0 0 0 0 0 0 0 0 0 0 0 0 0 0 0 0 0 0 0 0 0 0 0 0 0 0 0 0 0 0 0 0 0 0 0 0 0 0 0 0 0 0 0 0 0 0 0 0 0 0 0 0 0 0 0 0 0 0 0 0 0 0 0 0 0 0 0 0 0 0 0 0 0 0 0 0 0 0 0 0 0 0 0 0 0 0 0 0 0 0 0 0 0 0 0 0 0 0 0 0 0 0 0 0 0 0 0 0 0 0 0 0 0 0 0 0 0 0 0 0 0 0 0 0 0 0 0 0 0 0 0 0 0 0 0 0 0 0 0 0 0 0 0 0 0 0 0 0 0 0 0 0 0 0 0 0 0 0 0 0 0 0 0 0 0 0 0 0 0 0 0 0 0 0 0 0 0 0 0 0 0 0 0 0 0 0 0 0 0 0 0 0 0 0 0 0 0 0 0 0 0 0 0 0 0 0 0 0 0 0 0 0 0 0 0 0 0 0 0 0 0 0 0 0 0 0 0 0 0 0 0 0 0 0 0 0 0 0 0 0 0 0 0 0 0 0 0 0 0 0 0 0 0 0 0 0 0 0 0 0 0 0 0 0 0 0 0 0 0 0 0 0 0 0 0 0 0 0 0 0 0 0 0 0 0 0 0 0 0 0 0 0 0 0 0 0 0 0 0 0 0 0 0 0 0 0 0 0 0 0 0 0 0 0 0 0 0 0 0 0 0 0 0 0 0 0 0 0 0 0 0 0 0 0 0 0 0 0 0 0 0 0 0 0 0 0 0 0 0 0 0 0 0 0 0 0 0 0 0 0 0 0 0 0 0 0 0 0 0 0 0 0 0 0 0 0 0 0 0 0 0 0 0 0 0 0 0 0 0 0 0 0 0 0 0 0 0 0 0 0 0 0 0 0 0 0 0 0 0 0 0 0 0 0 0 0 0 0 0 0 0 0 0 0 0 0 0 0 0 0 0 0 0 0 0 0 0 0 0 0 0 0 0 0 0 0 0 0 0 0 0 0 0 0 0 0 0 0 0 0 0 0 0 0 0 0 0 0 0 0 0 0 0 0 0 0 0 0 0 0 0 0 0 0 0 0 0 0 0 0 0 0 0 0 0 0 0 0 0 0 0 0 0 0 0 0 0 0 0 0 0 0 0 0 0 0 0 0 0 0 0 0 0 0 0 0 0 0 0 0 0 0 0 0 0 0 0 0 0 0 0 0 0 0 0 0 0 0 0 0 0 0 0 0 0 0 0 0 0 0 0 0 0 0 0 0 0 0 0 0 0 0 0 0 0 0 0 0 0 0 0 0 0 0 0 0 0 0 0 0 0 0 0 0 0 0 0 0 0 0 0 0 0 0 0 0 0 0 0 0 0 0 0 0 0 0 0 0 0 0 0 0 0 0 0 0 0 0 0 0 0 0 0 0 0 0 0 0 0 0
ctxt 3729748263
btime 1783935075
processes 5333811
procs_running 1
procs_blocked 0
softirq 2823949059 204 316122262 1630018 892998727 32768 0 7326043 906438530 256532 699143975

/proc/meminfo
MemTotal:       32273192 kB
MemFree:         4194508 kB
MemAvailable:   27932332 kB
Buffers:               0 kB
Cached:         21368716 kB
SwapCached:        21664 kB
Active:         22990000 kB
Inactive:         393200 kB
Active(anon):    2214936 kB
Inactive(anon):   134240 kB
Active(file):   20775064 kB
Inactive(file):   258960 kB
Unevictable:           0 kB
Mlocked:               0 kB
SwapTotal:      67108860 kB
SwapFree:       63595004 kB
Zswap:                 0 kB
Zswapped:              0 kB
Dirty:               408 kB
Writeback:             0 kB
AnonPages:       1966900 kB
Mapped:           395588 kB
Shmem:            335964 kB
KReclaimable:    3181212 kB
Slab:            3808236 kB
SReclaimable:    3181212 kB
SUnreclaim:       627024 kB
KernelStack:       34160 kB
PageTables:        34200 kB
SecPageTables:      4112 kB
NFS_Unstable:          0 kB
Bounce:                0 kB
WritebackTmp:          0 kB
CommitLimit:    83245456 kB
Committed_AS:   12328824 kB
VmallocTotal:   34359738367 kB
VmallocUsed:      229836 kB
VmallocChunk:          0 kB
Percpu:            21216 kB
HardwareCorrupted:     0 kB
AnonHugePages:   1120256 kB
ShmemHugePages:        0 kB
ShmemPmdMapped:        0 kB
FileHugePages:         0 kB
FilePmdMapped:         0 kB
CmaTotal:              0 kB
CmaFree:               0 kB
Unaccepted:            0 kB
HugePages_Total:       0
HugePages_Free:        0
HugePages_Rsvd:        0
HugePages_Surp:        0
Hugepagesize:       2048 kB
Hugetlb:               0 kB
DirectMap4k:      389980 kB
DirectMap2M:     5574656 kB
DirectMap1G:    27262976 kB

/sys/devices/system/cpu/cpu2/cpufreq/scaling_cur_freq 1199915

/sys/devices/system/cpu/cpu3/cpufreq/scaling_cur_freq 1196928

/sys/devices/system/cpu/cpu4/cpufreq/scaling_cur_freq 1196502

/sys/devices/system/cpu/cpu5/cpufreq/scaling_cur_freq 1200100

/sys/devices/system/cpu/cpu6/cpufreq/scaling_cur_freq 1200000

/sys/devices/system/cpu/cpu7/cpufreq/scaling_cur_freq 4296172

/sys/devices/system/cpu/cpu8/cpufreq/scaling_cur_freq 4300573

/sys/devices/system/cpu/cpu9/cpufreq/scaling_cur_freq 1199628

