unix_ns 1788873061524262023
/proc/loadavg
2.56 1.98 1.51 1/2110 110

/proc/stat
cpu  115969531 83897 3612442 11542720843 184938314 870190 1376810 0 0 0
cpu0 41120285 44 83765 448344074 3973895 71860 139248 0 0 0
cpu1 6997152 37155 719161 460872852 24655890 113579 154684 0 0 0
cpu2 5023461 303 157441 475282928 13210757 38569 27112 0 0 0
cpu3 4622904 97 86000 480304761 8702099 25260 14943 0 0 0
cpu4 5022636 1299 228281 471927784 16402612 49676 42951 0 0 0
cpu5 4965758 55 84595 480409848 8247693 27601 14742 0 0 0
cpu6 4819104 70 61130 484276573 4565111 22328 22776 0 0 0
cpu7 10193550 22039 631016 460849885 21779926 101869 70685 0 0 0
cpu8 4963770 125 110735 478712983 9881744 37320 36186 0 0 0
cpu9 4863892 55 66302 483883081 4909612 23403 16966 0 0 0
cpu10 4854708 38 62960 485451343 3306331 23767 70665 0 0 0
cpu11 4600463 519 193512 477071144 11672144 54764 95193 0 0 0
cpu12 1604663 15 45486 487743441 4340932 13622 19382 0 0 0
cpu13 2027406 10613 343209 484187307 7078606 32331 21950 0 0 0
cpu14 692951 221 51847 487966101 5012672 13206 12677 0 0 0
cpu15 926001 56 43123 488820694 3971976 9316 7121 0 0 0
cpu16 945613 283 51145 489498255 3264685 9573 5923 0 0 0
cpu17 569214 93 52575 489705373 3238046 42191 147017 0 0 0
cpu18 692392 30 57264 489456521 3440572 22292 99509 0 0 0
cpu19 3315932 10053 247648 482477024 7560033 46361 38378 0 0 0
cpu20 600043 202 52778 488251888 4708931 32863 55651 0 0 0
cpu21 646363 131 73945 488730307 4003784 39351 249352 0 0 0
cpu22 636847 69 56771 489759536 3305013 8944 7930 0 0 0
cpu23 1264413 320 51741 488737130 3705235 10131 5756 0 0 0
intr 3709061228 22 0 0 0 0 0 0 0 0 0 0 0 0 0 0 0 8 0 0 0 0 0 0 0 0 0 0 0 1 0 1 1 1 1 0 0 0 0 37 0 0 0 0 0 0 0 0 0 0 0 0 0 0 0 0 0 0 0 0 0 0 0 0 0 2865 1 165564170 157980947 162435469 382031376 61824 649615 103571 70271 166000 144689 50322 462453 79643 48243 33143 115753 39277 214698 54535 42616 52656 36792 39573 508274 130774 64771 38076 37839 29654 0 0 0 0 0 0 2 0 2 2 2 2 2 2 35 2 207 2 0 0 0 0 0 0 0 0 0 0 0 0 0 0 0 0 0 0 0 0 0 0 0 0 0 0 0 0 0 0 0 0 0 0 0 0 0 0 0 0 0 0 0 0 0 0 0 0 0 0 0 0 0 0 0 0 0 0 0 0 0 0 0 0 0 0 0 0 0 0 0 0 0 0 0 0 0 0 0 0 0 0 0 0 0 0 0 0 0 0 0 0 0 0 0 0 0 0 0 0 0 0 0 0 0 0 0 0 0 0 0 0 0 0 0 0 0 0 0 0 0 0 0 0 0 0 0 0 0 0 0 0 0 0 0 0 0 0 0 0 0 0 0 0 0 0 0 0 0 0 0 0 0 0 0 0 0 0 0 0 0 0 0 0 0 0 0 0 0 0 0 0 0 0 0 0 0 0 0 0 0 0 0 0 0 0 0 0 0 0 0 0 0 0 0 0 0 0 0 0 0 0 0 0 0 0 0 0 0 0 0 0 0 0 0 0 0 0 0 0 0 0 0 0 0 0 0 0 0 0 0 0 0 0 0 0 0 0 0 0 0 0 0 0 0 0 0 0 0 0 0 0 0 0 0 0 0 0 0 0 0 0 0 0 0 0 0 0 0 0 0 0 0 0 0 0 0 0 0 0 0 0 0 0 0 0 0 0 0 0 0 0 0 0 0 0 0 0 0 0 0 0 0 0 0 0 0 0 0 0 0 0 0 0 0 0 0 0 0 0 0 0 0 0 0 0 0 0 0 0 0 0 0 0 0 0 0 0 0 0 0 0 0 0 0 0 0 0 0 0 0 0 0 0 0 0 0 0 0 0 0 0 0 0 0 0 0 0 0 0 0 0 0 0 0 0 0 0 0 0 0 0 0 0 0 0 0 0 0 0 0 0 0 0 0 0 0 0 0 0 0 0 0 0 0 0 0 0 0 0 0 0 0 0 0 0 0 0 0 0 0 0 0 0 0 0 0 0 0 0 0 0 0 0 0 0 0 0 0 0 0 0 0 0 0 0 0 0 0 0 0 0 0 0 0 0 0 0 0 0 0 0 0 0 0 0 0 0 0 0 0 0 0 0 0 0 0 0 0 0 0 0 0 0 0 0 0 0 0 0 0 0 0 0 0 0 0 0 0 0 0 0 0 0 0 0 0 0 0 0 0 0 0 0 0 0 0 0 0 0 0 0 0 0 0 0 0 0 0 0 0 0 0 0 0 0 0 0 0 0 0 0 0 0 0 0 0 0 0 0 0 0 0 0 0 0 0 0 0 0 0 0 0 0 0 0 0 0 0 0 0 0 0 0 0 0 0 0 0 0 0 0 0 0 0 0 0 0 0 0 0 0 0 0 0 0 0 0 0 0 0 0 0 0 0 0 0 0 0 0 0 0 0 0 0 0 0 0 0 0 0 0 0 0 0 0 0 0 0 0 0 0 0 0 0 0 0 0 0 0 0 0 0 0 0 0 0 0 0 0 0 0 0 0 0 0 0 0 0 0 0 0 0 0 0 0 0 0 0 0 0 0 0 0 0 0 0 0 0 0 0 0 0 0 0 0 0 0 0 0 0 0 0 0 0 0 0 0 0 0 0 0 0 0 0 0 0 0 0 0 0 0 0 0 0 0 0 0 0 0 0 0 0 0 0 0 0 0 0 0 0 0 0 0 0 0 0 0 0 0 0 0 0 0 0 0 0 0 0 0 0 0 0 0 0 0 0 0 0 0 0 0 0 0 0 0 0 0 0 0 0 0 0 0 0 0 0 0 0 0 0 0 0 0 0 0 0 0 0 0 0 0 0 0 0 0 0 0 0 0 0 0 0 0 0 0 0 0 0 0 0 0 0 0 0 0 0 0 0 0 0 0 0 0 0 0 0 0 0 0 0 0 0 0 0 0 0 0 0 0 0 0 0 0 0 0 0 0 0 0 0 0 0 0 0 0 0 0 0 0 0 0 0 0 0 0 0 0 0 0 0 0 0 0 0 0 0 0 0 0 0 0 0 0 0 0 0 0 0 0 0 0 0 0 0 0 0 0 0 0 0 0 0 0 0 0 0 0 0 0 0 0 0 0 0 0 0 0 0 0 0 0 0 0 0 0 0 0 0 0 0 0 0 0 0 0 0 0 0 0 0 0 0 0 0 0 0 0 0 0 0 0 0 0 0 0 0 0 0 0 0 0 0 0 0 0 0 0 0 0 0 0 0 0 0 0 0 0 0 0 0 0 0 0 0 0 0 0 0 0 0 0 0 0 0 0 0 0 0 0 0 0 0 0 0 0 0 0 0 0 0 0 0 0 0 0 0 0 0 0 0 0 0 0 0 0 0 0 0 0 0 0 0 0 0 0 0 0 0 0 0 0 0 0 0 0 0
ctxt 3729610479
btime 1783935075
processes 5333678
procs_running 1
procs_blocked 0
softirq 2823836326 204 316115215 1629657 892974674 32768 0 7325053 906376340 256532 699125883

/proc/meminfo
MemTotal:       32273192 kB
MemFree:         4284268 kB
MemAvailable:   27944712 kB
Buffers:               0 kB
Cached:         21291636 kB
SwapCached:        21664 kB
Active:         22904248 kB
Inactive:         393176 kB
Active(anon):    2206268 kB
Inactive(anon):   134240 kB
Active(file):   20697980 kB
Inactive(file):   258936 kB
Unevictable:           0 kB
Mlocked:               0 kB
SwapTotal:      67108860 kB
SwapFree:       63595004 kB
Zswap:                 0 kB
Zswapped:              0 kB
Dirty:               368 kB
Writeback:             0 kB
AnonPages:       1958236 kB
Mapped:           395544 kB
Shmem:            335960 kB
KReclaimable:    3180940 kB
Slab:            3807960 kB
SReclaimable:    3180940 kB
SUnreclaim:       627020 kB
KernelStack:       34176 kB
PageTables:        34176 kB
SecPageTables:      4112 kB
NFS_Unstable:          0 kB
Bounce:                0 kB
WritebackTmp:          0 kB
CommitLimit:    83245456 kB
Committed_AS:   12320332 kB
VmallocTotal:   34359738367 kB
VmallocUsed:      229836 kB
VmallocChunk:          0 kB
Percpu:            21216 kB
HardwareCorrupted:     0 kB
AnonHugePages:   1114112 kB
ShmemHugePages:        0 kB
ShmemPmdMapped:        0 kB
FileHugePages:         0 kB
FilePmdMapped:         0 kB
CmaTotal:              0 kB
CmaFree:               0 kB
Unaccepted:            0 kB
HugePages_Total:       0
HugePages_Free:        0
HugePages_Rsvd:        0
HugePages_Surp:        0
Hugepagesize:       2048 kB
Hugetlb:               0 kB
DirectMap4k:      389980 kB
DirectMap2M:     5574656 kB
DirectMap1G:    27262976 kB

/sys/devices/system/cpu/cpu2/cpufreq/scaling_cur_freq 4339178

/sys/devices/system/cpu/cpu3/cpufreq/scaling_cur_freq 1200000

/sys/devices/system/cpu/cpu4/cpufreq/scaling_cur_freq 1199981

/sys/devices/system/cpu/cpu5/cpufreq/scaling_cur_freq 1200000

/sys/devices/system/cpu/cpu6/cpufreq/scaling_cur_freq 1200000

/sys/devices/system/cpu/cpu7/cpufreq/scaling_cur_freq 1200000

/sys/devices/system/cpu/cpu8/cpufreq/scaling_cur_freq 1200000

/sys/devices/system/cpu/cpu9/cpufreq/scaling_cur_freq 1200000

