unix_ns 1788872998616492957
/proc/loadavg
2.88 1.89 1.45 1/2111 74

/proc/stat
cpu  115958062 83897 3612197 11542581837 184938153 870161 1376771 0 0 0
cpu0 41119233 44 83571 448339191 3973762 71857 139228 0 0 0
cpu1 6997129 37155 719156 460866601 24655887 113578 154680 0 0 0
cpu2 5018960 303 157439 475281148 13210757 38560 27112 0 0 0
cpu3 4620337 97 85998 480301043 8702099 25255 14943 0 0 0
cpu4 5021561 1299 228279 471922576 16402610 49673 42951 0 0 0
cpu5 4964688 55 84591 480404635 8247693 27598 14742 0 0 0
cpu6 4818824 70 61129 484270564 4565111 22327 22776 0 0 0
cpu7 10193262 22039 631012 460843905 21779911 101868 70685 0 0 0
cpu8 4963489 125 110735 478706976 9881743 37319 36186 0 0 0
cpu9 4863612 55 66302 483877072 4909612 23402 16966 0 0 0
cpu10 4854706 38 62960 485445059 3306328 23767 70665 0 0 0
cpu11 4600461 519 193505 477064866 11672144 54764 95191 0 0 0
cpu12 1604662 15 45484 487737153 4340932 13622 19382 0 0 0
cpu13 2027398 10613 343206 484181028 7078606 32331 21950 0 0 0
cpu14 692951 221 51846 487959812 5012672 13206 12677 0 0 0
cpu15 926001 56 43122 488814405 3971976 9316 7121 0 0 0
cpu16 945612 283 51144 489491968 3264685 9573 5923 0 0 0
cpu17 569214 93 52574 489699084 3238046 42190 147017 0 0 0
cpu18 692391 30 57262 489450235 3440571 22292 99509 0 0 0
cpu19 3315901 10053 247645 482470770 7560033 46361 38378 0 0 0
cpu20 600042 202 52776 488245600 4708931 32863 55651 0 0 0
cpu21 646357 131 73941 488724040 4003783 39350 249343 0 0 0
cpu22 636843 69 56769 489753254 3305013 8944 7930 0 0 0
cpu23 1264413 320 51740 488730841 3705235 10131 5756 0 0 0
intr 3708896326 22 0 0 0 0 0 0 0 0 0 0 0 0 0 0 0 8 0 0 0 0 0 0 0 0 0 0 0 1 0 1 1 1 1 0 0 0 0 37 0 0 0 0 0 0 0 0 0 0 0 0 0 0 0 0 0 0 0 0 0 0 0 0 0 2865 1 165561905 157976498 162435403 382023160 61824 649589 103571 70271 165999 144678 50322 462453 79643 48243 33143 115753 39277 214698 54535 42616 52656 36792 39573 508270 130773 64762 38073 37839 29654 0 0 0 0 0 0 2 0 2 2 2 2 2 2 35 2 207 2 0 0 0 0 0 0 0 0 0 0 0 0 0 0 0 0 0 0 0 0 0 0 0 0 0 0 0 0 0 0 0 0 0 0 0 0 0 0 0 0 0 0 0 0 0 0 0 0 0 0 0 0 0 0 0 0 0 0 0 0 0 0 0 0 0 0 0 0 0 0 0 0 0 0 0 0 0 0 0 0 0 0 0 0 0 0 0 0 0 0 0 0 0 0 0 0 0 0 0 0 0 0 0 0 0 0 0 0 0 0 0 0 0 0 0 0 0 0 0 0 0 0 0 0 0 0 0 0 0 0 0 0 0 0 0 0 0 0 0 0 0 0 0 0 0 0 0 0 0 0 0 0 0 0 0 0 0 0 0 0 0 0 0 0 0 0 0 0 0 0 0 0 0 0 0 0 0 0 0 0 0 0 0 0 0 0 0 0 0 0 0 0 0 0 0 0 0 0 0 0 0 0 0 0 0 0 0 0 0 0 0 0 0 0 0 0 0 0 0 0 0 0 0 0 0 0 0 0 0 0 0 0 0 0 0 0 0 0 0 0 0 0 0 0 0 0 0 0 0 0 0 0 0 0 0 0 0 0 0 0 0 0 0 0 0 0 0 0 0 0 0 0 0 0 0 0 0 0 0 0 0 0 0 0 0 0 0 0 0 0 0 0 0 0 0 0 0 0 0 0 0 0 0 0 0 0 0 0 0 0 0 0 0 0 0 0 0 0 0 0 0 0 0 0 0 0 0 0 0 0 0 0 0 0 0 0 0 0 0 0 0 0 0 0 0 0 0 0 0 0 0 0 0 0 0 0 0 0 0 0 0 0 0 0 0 0 0 0 0 0 0 0 0 0 0 0 0 0 0 0 0 0 0 0 0 0 0 0 0 0 0 0 0 0 0 0 0 0 0 0 0 0 0 0 0 0 0 0 0 0 0 0 0 0 0 0 0 0 0 0 0 0 0 0 0 0 0 0 0 0 0 0 0 0 0 0 0 0 0 0 0 0 0 0 0 0 0 0 0 0 0 0 0 0 0 0 0 0 0 0 0 0 0 0 0 0 0 0 0 0 0 0 0 0 0 0 0 0 0 0 0 0 0 0 0 0 0 0 0 0 0 0 0 0 0 0 0 0 0 0 0 0 0 0 0 0 0 0 0 0 0 0 0 0 0 0 0 0 0 0 0 0 0 0 0 0 0 0 0 0 0 0 0 0 0 0 0 0 0 0 0 0 0 0 0 0 0 0 0 0 0 0 0 0 0 0 0 0 0 0 0 0 0 0 0 0 0 0 0 0 0 0 0 0 0 0 0 0 0 0 0 0 0 0 0 0 0 0 0 0 0 0 0 0 0 0 0 0 0 0 0 0 0 0 0 0 0 0 0 0 0 0 0 0 0 0 0 0 0 0 0 0 0 0 0 0 0 0 0 0 0 0 0 0 0 0 0 0 0 0 0 0 0 0 0 0 0 0 0 0 0 0 0 0 0 0 0 0 0 0 0 0 0 0 0 0 0 0 0 0 0 0 0 0 0 0 0 0 0 0 0 0 0 0 0 0 0 0 0 0 0 0 0 0 0 0 0 0 0 0 0 0 0 0 0 0 0 0 0 0 0 0 0 0 0 0 0 0 0 0 0 0 0 0 0 0 0 0 0 0 0 0 0 0 0 0 0 0 0 0 0 0 0 0 0 0 0 0 0 0 0 0 0 0 0 0 0 0 0 0 0 0 0 0 0 0 0 0 0 0 0 0 0 0 0 0 0 0 0 0 0 0 0 0 0 0 0 0 0 0 0 0 0 0 0 0 0 0 0 0 0 0 0 0 0 0 0 0 0 0 0 0 0 0 0 0 0 0 0 0 0 0 0 0 0 0 0 0 0 0 0 0 0 0 0 0 0 0 0 0 0 0 0 0 0 0 0 0 0 0 0 0 0 0 0 0 0 0 0 0 0 0 0 0 0 0 0 0 0 0 0 0 0 0 0 0 0 0 0 0 0 0 0 0 0 0 0 0 0 0 0 0 0 0 0 0 0 0 0 0 0 0 0 0 0 0 0 0 0 0 0 0 0 0 0 0 0 0 0 0 0 0 0 0 0 0 0 0 0 0 0 0 0 0 0 0 0 0 0 0 0 0 0 0 0 0 0 0 0 0 0 0 0 0 0 0 0 0 0 0 0 0 0 0 0 0 0 0 0 0 0 0 0 0 0 0 0 0 0 0 0 0 0 0 0 0 0 0 0 0 0 0 0 0 0 0 0 0 0 0 0 0 0 0 0 0 0 0 0 0 0 0 0 0 0 0 0 0 0 0 0 0 0 0 0 0 0 0 0 0 0 0 0 0 0 0 0 0 0 0 0 0 0 0 0 0 0
ctxt 3729529154
btime 1783935075
processes 5333609
procs_running 1
procs_blocked 0
softirq 2823756198 204 316110392 1629076 892959627 32768 0 7324191 906328960 256532 699114448

/proc/meminfo
MemTotal:       32273192 kB
MemFree:         4312824 kB
MemAvailable:   27909332 kB
Buffers:               0 kB
Cached:         21227824 kB
SwapCached:        21664 kB
Active:         22864972 kB
Inactive:         393160 kB
Active(anon):    2230784 kB
Inactive(anon):   134240 kB
Active(file):   20634188 kB
Inactive(file):   258920 kB
Unevictable:           0 kB
Mlocked:               0 kB
SwapTotal:      67108860 kB
SwapFree:       63595004 kB
Zswap:                 0 kB
Zswapped:              0 kB
Dirty:               324 kB
Writeback:             0 kB
AnonPages:       1983380 kB
Mapped:           395512 kB
Shmem:            335956 kB
KReclaimable:    3180812 kB
Slab:            3807896 kB
SReclaimable:    3180812 kB
SUnreclaim:       627084 kB
KernelStack:       34160 kB
PageTables:        34228 kB
SecPageTables:      4112 kB
NFS_Unstable:          0 kB
Bounce:                0 kB
WritebackTmp:          0 kB
CommitLimit:    83245456 kB
Committed_AS:   12346940 kB
VmallocTotal:   34359738367 kB
VmallocUsed:      229788 kB
VmallocChunk:          0 kB
Percpu:            21216 kB
HardwareCorrupted:     0 kB
AnonHugePages:   1126400 kB
ShmemHugePages:        0 kB
ShmemPmdMapped:        0 kB
FileHugePages:         0 kB
FilePmdMapped:         0 kB
CmaTotal:              0 kB
CmaFree:               0 kB
Unaccepted:            0 kB
HugePages_Total:       0
HugePages_Free:        0
HugePages_Rsvd:        0
HugePages_Surp:        0
Hugepagesize:       2048 kB
Hugetlb:               0 kB
DirectMap4k:      389980 kB
DirectMap2M:     5574656 kB
DirectMap1G:    27262976 kB

/sys/devices/system/cpu/cpu2/cpufreq/scaling_cur_freq 1200144

/sys/devices/system/cpu/cpu3/cpufreq/scaling_cur_freq 1200000

/sys/devices/system/cpu/cpu4/cpufreq/scaling_cur_freq 3421151

/sys/devices/system/cpu/cpu5/cpufreq/scaling_cur_freq 1200000

/sys/devices/system/cpu/cpu6/cpufreq/scaling_cur_freq 1200000

/sys/devices/system/cpu/cpu7/cpufreq/scaling_cur_freq 1200000

/sys/devices/system/cpu/cpu8/cpufreq/scaling_cur_freq 1200000

/sys/devices/system/cpu/cpu9/cpufreq/scaling_cur_freq 1200000

