unix_ns 1788872910138616009
/proc/loadavg
2.18 1.45 1.27 1/2110 16

/proc/stat
cpu  115941804 83897 3611817 11542386487 184937931 870118 1376712 0 0 0
cpu0 41117742 44 83299 448332298 3973611 71853 139200 0 0 0
cpu1 6997094 37155 719147 460857823 24655874 113577 154672 0 0 0
cpu2 5012390 303 157428 475278897 13210756 38548 27111 0 0 0
cpu3 4617609 97 85996 480294934 8702096 25250 14942 0 0 0
cpu4 5020305 1299 228270 471915002 16402609 49669 42949 0 0 0
cpu5 4963456 55 84589 480397032 8247686 27596 14742 0 0 0
cpu6 4818119 70 61128 484262428 4565109 22325 22776 0 0 0
cpu7 10192538 22039 630997 460835816 21779896 101866 70684 0 0 0
cpu8 4962785 125 110733 478698835 9881743 37318 36185 0 0 0
cpu9 4862911 55 66300 483868929 4909612 23401 16966 0 0 0
cpu10 4854700 38 62957 485436233 3306318 23766 70665 0 0 0
cpu11 4600452 519 193492 477056045 11672143 54763 95190 0 0 0
cpu12 1604653 15 45479 487728323 4340930 13622 19381 0 0 0
cpu13 2027388 10613 343202 484172200 7078606 32330 21950 0 0 0
cpu14 692946 221 51845 487950973 5012672 13205 12677 0 0 0
cpu15 926000 56 43121 488805566 3971969 9316 7121 0 0 0
cpu16 945608 283 51142 489483126 3264685 9573 5923 0 0 0
cpu17 569212 93 52573 489690245 3238042 42190 147016 0 0 0
cpu18 692390 30 57262 489441390 3440571 22292 99509 0 0 0
cpu19 3315890 10053 247641 482461939 7560033 46360 38378 0 0 0
cpu20 600042 202 52774 488236757 4708931 32863 55651 0 0 0
cpu21 646343 131 73934 488715233 4003779 39349 249328 0 0 0
cpu22 636836 69 56763 489744421 3305013 8943 7930 0 0 0
cpu23 1264384 320 51734 488722030 3705235 10131 5756 0 0 0
intr 3708639878 22 0 0 0 0 0 0 0 0 0 0 0 0 0 0 0 8 0 0 0 0 0 0 0 0 0 0 0 1 0 1 1 1 1 0 0 0 0 37 0 0 0 0 0 0 0 0 0 0 0 0 0 0 0 0 0 0 0 0 0 0 0 0 0 2865 1 165553428 157975531 162433366 382011289 61824 649587 103571 70271 165999 144670 50322 462453 79643 48240 33143 115753 39277 214698 54535 42616 52656 36792 39573 508258 130772 64760 38073 37839 29654 0 0 0 0 0 0 2 0 2 2 2 2 2 2 35 2 207 2 0 0 0 0 0 0 0 0 0 0 0 0 0 0 0 0 0 0 0 0 0 0 0 0 0 0 0 0 0 0 0 0 0 0 0 0 0 0 0 0 0 0 0 0 0 0 0 0 0 0 0 0 0 0 0 0 0 0 0 0 0 0 0 0 0 0 0 0 0 0 0 0 0 0 0 0 0 0 0 0 0 0 0 0 0 0 0 0 0 0 0 0 0 0 0 0 0 0 0 0 0 0 0 0 0 0 0 0 0 0 0 0 0 0 0 0 0 0 0 0 0 0 0 0 0 0 0 0 0 0 0 0 0 0 0 0 0 0 0 0 0 0 0 0 0 0 0 0 0 0 0 0 0 0 0 0 0 0 0 0 0 0 0 0 0 0 0 0 0 0 0 0 0 0 0 0 0 0 0 0 0 0 0 0 0 0 0 0 0 0 0 0 0 0 0 0 0 0 0 0 0 0 0 0 0 0 0 0 0 0 0 0 0 0 0 0 0 0 0 0 0 0 0 0 0 0 0 0 0 0 0 0 0 0 0 0 0 0 0 0 0 0 0 0 0 0 0 0 0 0 0 0 0 0 0 0 0 0 0 0 0 0 0 0 0 0 0 0 0 0 0 0 0 0 0 0 0 0 0 0 0 0 0 0 0 0 0 0 0 0 0 0 0 0 0 0 0 0 0 0 0 0 0 0 0 0 0 0 0 0 0 0 0 0 0 0 0 0 0 0 0 0 0 0 0 0 0 0 0 0 0 0 0 0 0 0 0 0 0 0 0 0 0 0 0 0 0 0 0 0 0 0 0 0 0 0 0 0 0 0 0 0 0 0 0 0 0 0 0 0 0 0 0 0 0 0 0 0 0 0 0 0 0 0 0 0 0 0 0 0 0 0 0 0 0 0 0 0 0 0 0 0 0 0 0 0 0 0 0 0 0 0 0 0 0 0 0 0 0 0 0 0 0 0 0 0 0 0 0 0 0 0 0 0 0 0 0 0 0 0 0 0 0 0 0 0 0 0 0 0 0 0 0 0 0 0 0 0 0 0 0 0 0 0 0 0 0 0 0 0 0 0 0 0 0 0 0 0 0 0 0 0 0 0 0 0 0 0 0 0 0 0 0 0 0 0 0 0 0 0 0 0 0 0 0 0 0 0 0 0 0 0 0 0 0 0 0 0 0 0 0 0 0 0 0 0 0 0 0 0 0 0 0 0 0 0 0 0 0 0 0 0 0 0 0 0 0 0 0 0 0 0 0 0 0 0 0 0 0 0 0 0 0 0 0 0 0 0 0 0 0 0 0 0 0 0 0 0 0 0 0 0 0 0 0 0 0 0 0 0 0 0 0 0 0 0 0 0 0 0 0 0 0 0 0 0 0 0 0 0 0 0 0 0 0 0 0 0 0 0 0 0 0 0 0 0 0 0 0 0 0 0 0 0 0 0 0 0 0 0 0 0 0 0 0 0 0 0 0 0 0 0 0 0 0 0 0 0 0 0 0 0 0 0 0 0 0 0 0 0 0 0 0 0 0 0 0 0 0 0 0 0 0 0 0 0 0 0 0 0 0 0 0 0 0 0 0 0 0 0 0 0 0 0 0 0 0 0 0 0 0 0 0 0 0 0 0 0 0 0 0 0 0 0 0 0 0 0 0 0 0 0 0 0 0 0 0 0 0 0 0 0 0 0 0 0 0 0 0 0 0 0 0 0 0 0 0 0 0 0 0 0 0 0 0 0 0 0 0 0 0 0 0 0 0 0 0 0 0 0 0 0 0 0 0 0 0 0 0 0 0 0 0 0 0 0 0 0 0 0 0 0 0 0 0 0 0 0 0 0 0 0 0 0 0 0 0 0 0 0 0 0 0 0 0 0 0 0 0 0 0 0 0 0 0 0 0 0 0 0 0 0 0 0 0 0 0 0 0 0 0 0 0 0 0 0 0 0 0 0 0 0 0 0 0 0 0 0 0 0 0 0 0 0 0 0 0 0 0 0 0 0 0 0 0 0 0 0 0 0 0 0 0 0 0 0 0 0 0 0 0 0 0 0 0 0 0 0 0 0 0 0 0 0 0 0 0 0 0 0 0 0 0 0 0 0 0 0 0 0 0 0 0 0 0 0 0 0 0 0 0 0 0 0 0 0 0 0 0 0 0 0 0 0 0 0 0 0 0 0 0 0 0 0 0 0 0 0 0 0 0 0 0 0 0 0 0 0 0 0 0 0 0 0 0 0 0 0 0 0 0 0 0 0 0 0 0 0 0 0 0 0 0 0 0 0 0 0 0 0 0 0 0 0 0 0 0 0 0 0 0 0 0 0 0 0 0 0 0 0 0 0 0 0 0 0 0 0 0 0 0 0 0 0 0 0 0
ctxt 3729387807
btime 1783935075
processes 5333427
procs_running 1
procs_blocked 0
softirq 2823617423 204 316101961 1628964 892933844 32768 0 7323933 906251628 256532 699087589

/proc/meminfo
MemTotal:       32273192 kB
MemFree:         4493360 kB
MemAvailable:   28000028 kB
Buffers:               0 kB
Cached:         21138416 kB
SwapCached:        21664 kB
Active:         22677276 kB
Inactive:         393152 kB
Active(anon):    2132456 kB
Inactive(anon):   134240 kB
Active(file):   20544820 kB
Inactive(file):   258912 kB
Unevictable:           0 kB
Mlocked:               0 kB
SwapTotal:      67108860 kB
SwapFree:       63595004 kB
Zswap:                 0 kB
Zswapped:              0 kB
Dirty:               144 kB
Writeback:             0 kB
AnonPages:       1885036 kB
Mapped:           395488 kB
Shmem:            335956 kB
KReclaimable:    3180348 kB
Slab:            3807408 kB
SReclaimable:    3180348 kB
SUnreclaim:       627060 kB
KernelStack:       34192 kB
PageTables:        34024 kB
SecPageTables:      4112 kB
NFS_Unstable:          0 kB
Bounce:                0 kB
WritebackTmp:          0 kB
CommitLimit:    83245456 kB
Committed_AS:   12229968 kB
VmallocTotal:   34359738367 kB
VmallocUsed:      229852 kB
VmallocChunk:          0 kB
Percpu:            21216 kB
HardwareCorrupted:     0 kB
AnonHugePages:   1095680 kB
ShmemHugePages:        0 kB
ShmemPmdMapped:        0 kB
FileHugePages:         0 kB
FilePmdMapped:         0 kB
CmaTotal:              0 kB
CmaFree:               0 kB
Unaccepted:            0 kB
HugePages_Total:       0
HugePages_Free:        0
HugePages_Rsvd:        0
HugePages_Surp:        0
Hugepagesize:       2048 kB
Hugetlb:               0 kB
DirectMap4k:      389980 kB
DirectMap2M:     5574656 kB
DirectMap1G:    27262976 kB

/sys/devices/system/cpu/cpu2/cpufreq/scaling_cur_freq 4400692

/sys/devices/system/cpu/cpu3/cpufreq/scaling_cur_freq 1200000

/sys/devices/system/cpu/cpu4/cpufreq/scaling_cur_freq 1199705

/sys/devices/system/cpu/cpu5/cpufreq/scaling_cur_freq 4338865

/sys/devices/system/cpu/cpu6/cpufreq/scaling_cur_freq 1200000

/sys/devices/system/cpu/cpu7/cpufreq/scaling_cur_freq 1200000

/sys/devices/system/cpu/cpu8/cpufreq/scaling_cur_freq 1200000

/sys/devices/system/cpu/cpu9/cpufreq/scaling_cur_freq 1200000

