unix_ns 1788873033774889816
/proc/loadavg
2.67 1.95 1.48 1/2109 91

/proc/stat
cpu  115963967 83897 3612348 11542660001 184938260 870176 1376793 0 0 0
cpu0 41119863 44 83687 448341853 3973854 71859 139239 0 0 0
cpu1 6997148 37155 719159 460870087 24655890 113579 154682 0 0 0
cpu2 5021384 303 157440 475282235 13210757 38565 27112 0 0 0
cpu3 4621761 97 85998 480303133 8702099 25258 14943 0 0 0
cpu4 5021977 1299 228281 471925670 16402612 49674 42951 0 0 0
cpu5 4965106 55 84595 480407726 8247693 27600 14742 0 0 0
cpu6 4818959 70 61129 484273944 4565111 22327 22776 0 0 0
cpu7 10193404 22039 631016 460847267 21779917 101869 70685 0 0 0
cpu8 4963625 125 110735 478710355 9881743 37320 36186 0 0 0
cpu9 4863747 55 66302 483880452 4909612 23403 16966 0 0 0
cpu10 4854707 38 62960 485448571 3306331 23767 70665 0 0 0
cpu11 4600463 519 193510 477068374 11672144 54764 95192 0 0 0
cpu12 1604662 15 45485 487740668 4340932 13622 19382 0 0 0
cpu13 2027404 10613 343207 484184536 7078606 32331 21950 0 0 0
cpu14 692951 221 51847 487963326 5012672 13206 12677 0 0 0
cpu15 926001 56 43123 488817919 3971976 9316 7121 0 0 0
cpu16 945613 283 51144 489495482 3264685 9573 5923 0 0 0
cpu17 569214 93 52575 489702598 3238046 42191 147017 0 0 0
cpu18 692392 30 57264 489453748 3440571 22292 99509 0 0 0
cpu19 3315912 10053 247647 482474271 7560033 46361 38378 0 0 0
cpu20 600043 202 52778 488249113 4708931 32863 55651 0 0 0
cpu21 646361 131 73944 488727541 4003784 39351 249348 0 0 0
cpu22 636846 69 56771 489756764 3305013 8944 7930 0 0 0
cpu23 1264413 320 51741 488734356 3705235 10131 5756 0 0 0
intr 3708986085 22 0 0 0 0 0 0 0 0 0 0 0 0 0 0 0 8 0 0 0 0 0 0 0 0 0 0 0 1 0 1 1 1 1 0 0 0 0 37 0 0 0 0 0 0 0 0 0 0 0 0 0 0 0 0 0 0 0 0 0 0 0 0 0 2865 1 165564054 157978829 162435446 382027735 61824 649615 103571 70271 166000 144687 50322 462453 79643 48243 33143 115753 39277 214698 54535 42616 52656 36792 39573 508274 130774 64770 38076 37839 29654 0 0 0 0 0 0 2 0 2 2 2 2 2 2 35 2 207 2 0 0 0 0 0 0 0 0 0 0 0 0 0 0 0 0 0 0 0 0 0 0 0 0 0 0 0 0 0 0 0 0 0 0 0 0 0 0 0 0 0 0 0 0 0 0 0 0 0 0 0 0 0 0 0 0 0 0 0 0 0 0 0 0 0 0 0 0 0 0 0 0 0 0 0 0 0 0 0 0 0 0 0 0 0 0 0 0 0 0 0 0 0 0 0 0 0 0 0 0 0 0 0 0 0 0 0 0 0 0 0 0 0 0 0 0 0 0 0 0 0 0 0 0 0 0 0 0 0 0 0 0 0 0 0 0 0 0 0 0 0 0 0 0 0 0 0 0 0 0 0 0 0 0 0 0 0 0 0 0 0 0 0 0 0 0 0 0 0 0 0 0 0 0 0 0 0 0 0 0 0 0 0 0 0 0 0 0 0 0 0 0 0 0 0 0 0 0 0 0 0 0 0 0 0 0 0 0 0 0 0 0 0 0 0 0 0 0 0 0 0 0 0 0 0 0 0 0 0 0 0 0 0 0 0 0 0 0 0 0 0 0 0 0 0 0 0 0 0 0 0 0 0 0 0 0 0 0 0 0 0 0 0 0 0 0 0 0 0 0 0 0 0 0 0 0 0 0 0 0 0 0 0 0 0 0 0 0 0 0 0 0 0 0 0 0 0 0 0 0 0 0 0 0 0 0 0 0 0 0 0 0 0 0 0 0 0 0 0 0 0 0 0 0 0 0 0 0 0 0 0 0 0 0 0 0 0 0 0 0 0 0 0 0 0 0 0 0 0 0 0 0 0 0 0 0 0 0 0 0 0 0 0 0 0 0 0 0 0 0 0 0 0 0 0 0 0 0 0 0 0 0 0 0 0 0 0 0 0 0 0 0 0 0 0 0 0 0 0 0 0 0 0 0 0 0 0 0 0 0 0 0 0 0 0 0 0 0 0 0 0 0 0 0 0 0 0 0 0 0 0 0 0 0 0 0 0 0 0 0 0 0 0 0 0 0 0 0 0 0 0 0 0 0 0 0 0 0 0 0 0 0 0 0 0 0 0 0 0 0 0 0 0 0 0 0 0 0 0 0 0 0 0 0 0 0 0 0 0 0 0 0 0 0 0 0 0 0 0 0 0 0 0 0 0 0 0 0 0 0 0 0 0 0 0 0 0 0 0 0 0 0 0 0 0 0 0 0 0 0 0 0 0 0 0 0 0 0 0 0 0 0 0 0 0 0 0 0 0 0 0 0 0 0 0 0 0 0 0 0 0 0 0 0 0 0 0 0 0 0 0 0 0 0 0 0 0 0 0 0 0 0 0 0 0 0 0 0 0 0 0 0 0 0 0 0 0 0 0 0 0 0 0 0 0 0 0 0 0 0 0 0 0 0 0 0 0 0 0 0 0 0 0 0 0 0 0 0 0 0 0 0 0 0 0 0 0 0 0 0 0 0 0 0 0 0 0 0 0 0 0 0 0 0 0 0 0 0 0 0 0 0 0 0 0 0 0 0 0 0 0 0 0 0 0 0 0 0 0 0 0 0 0 0 0 0 0 0 0 0 0 0 0 0 0 0 0 0 0 0 0 0 0 0 0 0 0 0 0 0 0 0 0 0 0 0 0 0 0 0 0 0 0 0 0 0 0 0 0 0 0 0 0 0 0 0 0 0 0 0 0 0 0 0 0 0 0 0 0 0 0 0 0 0 0 0 0 0 0 0 0 0 0 0 0 0 0 0 0 0 0 0 0 0 0 0 0 0 0 0 0 0 0 0 0 0 0 0 0 0 0 0 0 0 0 0 0 0 0 0 0 0 0 0 0 0 0 0 0 0 0 0 0 0 0 0 0 0 0 0 0 0 0 0 0 0 0 0 0 0 0 0 0 0 0 0 0 0 0 0 0 0 0 0 0 0 0 0 0 0 0 0 0 0 0 0 0 0 0 0 0 0 0 0 0 0 0 0 0 0 0 0 0 0 0 0 0 0 0 0 0 0 0 0 0 0 0 0 0 0 0 0 0 0 0 0 0 0 0 0 0 0 0 0 0 0 0 0 0 0 0 0 0 0 0 0 0 0 0 0 0 0 0 0 0 0 0 0 0 0 0 0 0 0 0 0 0 0 0 0 0 0 0 0 0 0 0 0 0 0 0 0 0 0 0 0 0 0 0 0 0 0 0 0 0 0 0 0 0 0 0 0 0 0 0 0 0 0 0 0 0 0 0 0 0 0 0 0 0 0 0 0 0 0 0 0 0 0 0 0 0 0 0 0 0 0 0 0 0 0 0 0 0 0 0 0 0 0 0 0 0 0 0 0 0 0 0 0 0 0 0 0 0 0 0 0 0 0 0 0 0 0 0 0 0 0 0
ctxt 3729580450
btime 1783935075
processes 5333657
procs_running 1
procs_blocked 0
softirq 2823802998 204 316113203 1629238 892968745 32768 0 7324564 906356305 256532 699121439

/proc/meminfo
MemTotal:       32273192 kB
MemFree:         4314668 kB
MemAvailable:   27949568 kB
Buffers:               0 kB
Cached:         21266156 kB
SwapCached:        21664 kB
Active:         22870296 kB
Inactive:         393176 kB
Active(anon):    2197796 kB
Inactive(anon):   134240 kB
Active(file):   20672500 kB
Inactive(file):   258936 kB
Unevictable:           0 kB
Mlocked:               0 kB
SwapTotal:      67108860 kB
SwapFree:       63595004 kB
Zswap:                 0 kB
Zswapped:              0 kB
Dirty:               248 kB
Writeback:             0 kB
AnonPages:       1950340 kB
Mapped:           395544 kB
Shmem:            335960 kB
KReclaimable:    3180876 kB
Slab:            3807896 kB
SReclaimable:    3180876 kB
SUnreclaim:       627020 kB
KernelStack:       34112 kB
PageTables:        34160 kB
SecPageTables:      4112 kB
NFS_Unstable:          0 kB
Bounce:                0 kB
WritebackTmp:          0 kB
CommitLimit:    83245456 kB
Committed_AS:   12295472 kB
VmallocTotal:   34359738367 kB
VmallocUsed:      229820 kB
VmallocChunk:          0 kB
Percpu:            21216 kB
HardwareCorrupted:     0 kB
AnonHugePages:   1114112 kB
ShmemHugePages:        0 kB
ShmemPmdMapped:        0 kB
FileHugePages:         0 kB
FilePmdMapped:         0 kB
CmaTotal:              0 kB
CmaFree:               0 kB
Unaccepted:            0 kB
HugePages_Total:       0
HugePages_Free:        0
HugePages_Rsvd:        0
HugePages_Surp:        0
Hugepagesize:       2048 kB
Hugetlb:               0 kB
DirectMap4k:      389980 kB
DirectMap2M:     5574656 kB
DirectMap1G:    27262976 kB

/sys/devices/system/cpu/cpu2/cpufreq/scaling_cur_freq 2491475

/sys/devices/system/cpu/cpu3/cpufreq/scaling_cur_freq 1200000

/sys/devices/system/cpu/cpu4/cpufreq/scaling_cur_freq 1200000

/sys/devices/system/cpu/cpu5/cpufreq/scaling_cur_freq 1200000

/sys/devices/system/cpu/cpu6/cpufreq/scaling_cur_freq 1200000

/sys/devices/system/cpu/cpu7/cpufreq/scaling_cur_freq 1200000

/sys/devices/system/cpu/cpu8/cpufreq/scaling_cur_freq 1200000

/sys/devices/system/cpu/cpu9/cpufreq/scaling_cur_freq 1200000

