unix_ns 1788872950857769993
/proc/loadavg
2.66 1.66 1.35 1/2111 38

/proc/stat
cpu  115948589 83897 3611978 11542477111 184938029 870136 1376737 0 0 0
cpu0 41118380 44 83414 448335534 3973675 71855 139213 0 0 0
cpu1 6997119 37155 719152 460861850 24655883 113578 154675 0 0 0
cpu2 5015522 303 157438 475279820 13210757 38554 27112 0 0 0
cpu3 4618862 97 85997 480297747 8702099 25253 14943 0 0 0
cpu4 5020591 1299 228273 471918782 16402609 49670 42950 0 0 0
cpu5 4963740 55 84590 480400812 8247692 27596 14742 0 0 0
cpu6 4818399 70 61128 484266217 4565110 22326 22776 0 0 0
cpu7 10192832 22039 631002 460839578 21779904 101867 70685 0 0 0
cpu8 4963066 125 110733 478702625 9881743 37319 36185 0 0 0
cpu9 4863189 55 66302 483872720 4909612 23401 16966 0 0 0
cpu10 4854702 38 62958 485440299 3306319 23766 70665 0 0 0
cpu11 4600453 519 193497 477060109 11672144 54763 95190 0 0 0
cpu12 1604657 15 45481 487732387 4340931 13622 19381 0 0 0
cpu13 2027392 10613 343204 484176265 7078606 32330 21950 0 0 0
cpu14 692946 221 51845 487955044 5012672 13205 12677 0 0 0
cpu15 926000 56 43122 488809636 3971970 9316 7121 0 0 0
cpu16 945609 283 51143 489487196 3264685 9573 5923 0 0 0
cpu17 569213 93 52573 489694316 3238042 42190 147016 0 0 0
cpu18 692391 30 57262 489445461 3440571 22292 99509 0 0 0
cpu19 3315891 10053 247641 482466009 7560033 46361 38378 0 0 0
cpu20 600042 202 52774 488240828 4708931 32863 55651 0 0 0
cpu21 646353 131 73936 488719288 4003779 39350 249334 0 0 0
cpu22 636836 69 56765 489748490 3305013 8944 7930 0 0 0
cpu23 1264395 320 51737 488726086 3705235 10131 5756 0 0 0
intr 3708747928 22 0 0 0 0 0 0 0 0 0 0 0 0 0 0 0 8 0 0 0 0 0 0 0 0 0 0 0 1 0 1 1 1 1 0 0 0 0 37 0 0 0 0 0 0 0 0 0 0 0 0 0 0 0 0 0 0 0 0 0 0 0 0 0 2865 1 165557198 157975831 162433884 382016054 61824 649588 103571 70271 165999 144676 50322 462453 79643 48243 33143 115753 39277 214698 54535 42616 52656 36792 39573 508263 130773 64761 38073 37839 29654 0 0 0 0 0 0 2 0 2 2 2 2 2 2 35 2 207 2 0 0 0 0 0 0 0 0 0 0 0 0 0 0 0 0 0 0 0 0 0 0 0 0 0 0 0 0 0 0 0 0 0 0 0 0 0 0 0 0 0 0 0 0 0 0 0 0 0 0 0 0 0 0 0 0 0 0 0 0 0 0 0 0 0 0 0 0 0 0 0 0 0 0 0 0 0 0 0 0 0 0 0 0 0 0 0 0 0 0 0 0 0 0 0 0 0 0 0 0 0 0 0 0 0 0 0 0 0 0 0 0 0 0 0 0 0 0 0 0 0 0 0 0 0 0 0 0 0 0 0 0 0 0 0 0 0 0 0 0 0 0 0 0 0 0 0 0 0 0 0 0 0 0 0 0 0 0 0 0 0 0 0 0 0 0 0 0 0 0 0 0 0 0 0 0 0 0 0 0 0 0 0 0 0 0 0 0 0 0 0 0 0 0 0 0 0 0 0 0 0 0 0 0 0 0 0 0 0 0 0 0 0 0 0 0 0 0 0 0 0 0 0 0 0 0 0 0 0 0 0 0 0 0 0 0 0 0 0 0 0 0 0 0 0 0 0 0 0 0 0 0 0 0 0 0 0 0 0 0 0 0 0 0 0 0 0 0 0 0 0 0 0 0 0 0 0 0 0 0 0 0 0 0 0 0 0 0 0 0 0 0 0 0 0 0 0 0 0 0 0 0 0 0 0 0 0 0 0 0 0 0 0 0 0 0 0 0 0 0 0 0 0 0 0 0 0 0 0 0 0 0 0 0 0 0 0 0 0 0 0 0 0 0 0 0 0 0 0 0 0 0 0 0 0 0 0 0 0 0 0 0 0 0 0 0 0 0 0 0 0 0 0 0 0 0 0 0 0 0 0 0 0 0 0 0 0 0 0 0 0 0 0 0 0 0 0 0 0 0 0 0 0 0 0 0 0 0 0 0 0 0 0 0 0 0 0 0 0 0 0 0 0 0 0 0 0 0 0 0 0 0 0 0 0 0 0 0 0 0 0 0 0 0 0 0 0 0 0 0 0 0 0 0 0 0 0 0 0 0 0 0 0 0 0 0 0 0 0 0 0 0 0 0 0 0 0 0 0 0 0 0 0 0 0 0 0 0 0 0 0 0 0 0 0 0 0 0 0 0 0 0 0 0 0 0 0 0 0 0 0 0 0 0 0 0 0 0 0 0 0 0 0 0 0 0 0 0 0 0 0 0 0 0 0 0 0 0 0 0 0 0 0 0 0 0 0 0 0 0 0 0 0 0 0 0 0 0 0 0 0 0 0 0 0 0 0 0 0 0 0 0 0 0 0 0 0 0 0 0 0 0 0 0 0 0 0 0 0 0 0 0 0 0 0 0 0 0 0 0 0 0 0 0 0 0 0 0 0 0 0 0 0 0 0 0 0 0 0 0 0 0 0 0 0 0 0 0 0 0 0 0 0 0 0 0 0 0 0 0 0 0 0 0 0 0 0 0 0 0 0 0 0 0 0 0 0 0 0 0 0 0 0 0 0 0 0 0 0 0 0 0 0 0 0 0 0 0 0 0 0 0 0 0 0 0 0 0 0 0 0 0 0 0 0 0 0 0 0 0 0 0 0 0 0 0 0 0 0 0 0 0 0 0 0 0 0 0 0 0 0 0 0 0 0 0 0 0 0 0 0 0 0 0 0 0 0 0 0 0 0 0 0 0 0 0 0 0 0 0 0 0 0 0 0 0 0 0 0 0 0 0 0 0 0 0 0 0 0 0 0 0 0 0 0 0 0 0 0 0 0 0 0 0 0 0 0 0 0 0 0 0 0 0 0 0 0 0 0 0 0 0 0 0 0 0 0 0 0 0 0 0 0 0 0 0 0 0 0 0 0 0 0 0 0 0 0 0 0 0 0 0 0 0 0 0 0 0 0 0 0 0 0 0 0 0 0 0 0 0 0 0 0 0 0 0 0 0 0 0 0 0 0 0 0 0 0 0 0 0 0 0 0 0 0 0 0 0 0 0 0 0 0 0 0 0 0 0 0 0 0 0 0 0 0 0 0 0 0 0 0 0 0 0 0 0 0 0 0 0 0 0 0 0 0 0 0 0 0 0 0 0 0 0 0 0 0 0 0 0 0 0 0 0 0 0 0 0 0 0 0 0 0 0 0 0 0 0 0 0 0 0 0 0 0 0 0 0 0 0 0 0 0 0 0 0 0 0 0 0 0 0 0 0 0 0 0 0 0 0 0 0 0 0 0 0 0 0 0 0 0 0 0 0 0 0 0 0 0 0 0 0 0 0 0 0 0 0 0 0 0 0 0 0 0 0 0 0 0 0 0 0 0 0 0 0 0 0 0 0 0 0 0 0 0 0 0 0 0 0 0 0 0 0 0 0 0
ctxt 3729448483
btime 1783935075
processes 5333487
procs_running 1
procs_blocked 0
softirq 2823676774 204 316105540 1629008 892943767 32768 0 7324037 906286055 256532 699098863

/proc/meminfo
MemTotal:       32273192 kB
MemFree:         4423060 kB
MemAvailable:   27968152 kB
Buffers:               0 kB
Cached:         21176748 kB
SwapCached:        21664 kB
Active:         22750464 kB
Inactive:         393160 kB
Active(anon):    2167340 kB
Inactive(anon):   134240 kB
Active(file):   20583124 kB
Inactive(file):   258920 kB
Unevictable:           0 kB
Mlocked:               0 kB
SwapTotal:      67108860 kB
SwapFree:       63595004 kB
Zswap:                 0 kB
Zswapped:              0 kB
Dirty:               140 kB
Writeback:             0 kB
AnonPages:       1919904 kB
Mapped:           395500 kB
Shmem:            335976 kB
KReclaimable:    3180460 kB
Slab:            3807600 kB
SReclaimable:    3180460 kB
SUnreclaim:       627140 kB
KernelStack:       34176 kB
PageTables:        34264 kB
SecPageTables:      4112 kB
NFS_Unstable:          0 kB
Bounce:                0 kB
WritebackTmp:          0 kB
CommitLimit:    83245456 kB
Committed_AS:   12307620 kB
VmallocTotal:   34359738367 kB
VmallocUsed:      229808 kB
VmallocChunk:          0 kB
Percpu:            21216 kB
HardwareCorrupted:     0 kB
AnonHugePages:   1105920 kB
ShmemHugePages:        0 kB
ShmemPmdMapped:        0 kB
FileHugePages:         0 kB
FilePmdMapped:         0 kB
CmaTotal:              0 kB
CmaFree:               0 kB
Unaccepted:            0 kB
HugePages_Total:       0
HugePages_Free:        0
HugePages_Rsvd:        0
HugePages_Surp:        0
Hugepagesize:       2048 kB
Hugetlb:               0 kB
DirectMap4k:      389980 kB
DirectMap2M:     5574656 kB
DirectMap1G:    27262976 kB

/sys/devices/system/cpu/cpu2/cpufreq/scaling_cur_freq 1199916

/sys/devices/system/cpu/cpu3/cpufreq/scaling_cur_freq 1199928

/sys/devices/system/cpu/cpu4/cpufreq/scaling_cur_freq 1200000

/sys/devices/system/cpu/cpu5/cpufreq/scaling_cur_freq 1200015

/sys/devices/system/cpu/cpu6/cpufreq/scaling_cur_freq 1200000

/sys/devices/system/cpu/cpu7/cpufreq/scaling_cur_freq 1200000

/sys/devices/system/cpu/cpu8/cpufreq/scaling_cur_freq 1200000

/sys/devices/system/cpu/cpu9/cpufreq/scaling_cur_freq 4411718

