unix_ns 1788872930815620720
/proc/loadavg
2.20 1.50 1.29 1/2109 27

/proc/stat
cpu  115945148 83897 3611895 11542432609 184937985 870126 1376724 0 0 0
cpu0 41118061 44 83354 448333950 3973644 71854 139206 0 0 0
cpu1 6997107 37155 719150 460859868 24655878 113577 154673 0 0 0
cpu2 5013948 303 157437 475279393 13210757 38551 27112 0 0 0
cpu3 4618229 97 85996 480296380 8702096 25251 14943 0 0 0
cpu4 5020443 1299 228273 471916927 16402609 49670 42949 0 0 0
cpu5 4963591 55 84589 480398958 8247691 27596 14742 0 0 0
cpu6 4818254 70 61128 484264360 4565109 22326 22776 0 0 0
cpu7 10192680 22039 631000 460837730 21779903 101866 70684 0 0 0
cpu8 4962921 125 110733 478700766 9881743 37318 36185 0 0 0
cpu9 4863045 55 66301 483870861 4909612 23401 16966 0 0 0
cpu10 4854701 38 62957 485438298 3306319 23766 70665 0 0 0
cpu11 4600452 519 193492 477058112 11672143 54763 95190 0 0 0
cpu12 1604655 15 45479 487730387 4340931 13622 19381 0 0 0
cpu13 2027389 10613 343202 484174266 7078606 32330 21950 0 0 0
cpu14 692946 221 51845 487953041 5012672 13205 12677 0 0 0
cpu15 926000 56 43121 488807633 3971970 9316 7121 0 0 0
cpu16 945608 283 51142 489485193 3264685 9573 5923 0 0 0
cpu17 569212 93 52573 489692313 3238042 42190 147016 0 0 0
cpu18 692390 30 57262 489443457 3440571 22292 99509 0 0 0
cpu19 3315890 10053 247641 482464006 7560033 46360 38378 0 0 0
cpu20 600042 202 52774 488238824 4708931 32863 55651 0 0 0
cpu21 646351 131 73935 488717290 4003779 39349 249331 0 0 0
cpu22 636836 69 56764 489746488 3305013 8944 7930 0 0 0
cpu23 1264385 320 51734 488724096 3705235 10131 5756 0 0 0
intr 3708692708 22 0 0 0 0 0 0 0 0 0 0 0 0 0 0 0 8 0 0 0 0 0 0 0 0 0 0 0 1 0 1 1 1 1 0 0 0 0 37 0 0 0 0 0 0 0 0 0 0 0 0 0 0 0 0 0 0 0 0 0 0 0 0 0 2865 1 165555447 157975707 162433607 382013545 61824 649587 103571 70271 165999 144670 50322 462453 79643 48243 33143 115753 39277 214698 54535 42616 52656 36792 39573 508260 130773 64760 38073 37839 29654 0 0 0 0 0 0 2 0 2 2 2 2 2 2 35 2 207 2 0 0 0 0 0 0 0 0 0 0 0 0 0 0 0 0 0 0 0 0 0 0 0 0 0 0 0 0 0 0 0 0 0 0 0 0 0 0 0 0 0 0 0 0 0 0 0 0 0 0 0 0 0 0 0 0 0 0 0 0 0 0 0 0 0 0 0 0 0 0 0 0 0 0 0 0 0 0 0 0 0 0 0 0 0 0 0 0 0 0 0 0 0 0 0 0 0 0 0 0 0 0 0 0 0 0 0 0 0 0 0 0 0 0 0 0 0 0 0 0 0 0 0 0 0 0 0 0 0 0 0 0 0 0 0 0 0 0 0 0 0 0 0 0 0 0 0 0 0 0 0 0 0 0 0 0 0 0 0 0 0 0 0 0 0 0 0 0 0 0 0 0 0 0 0 0 0 0 0 0 0 0 0 0 0 0 0 0 0 0 0 0 0 0 0 0 0 0 0 0 0 0 0 0 0 0 0 0 0 0 0 0 0 0 0 0 0 0 0 0 0 0 0 0 0 0 0 0 0 0 0 0 0 0 0 0 0 0 0 0 0 0 0 0 0 0 0 0 0 0 0 0 0 0 0 0 0 0 0 0 0 0 0 0 0 0 0 0 0 0 0 0 0 0 0 0 0 0 0 0 0 0 0 0 0 0 0 0 0 0 0 0 0 0 0 0 0 0 0 0 0 0 0 0 0 0 0 0 0 0 0 0 0 0 0 0 0 0 0 0 0 0 0 0 0 0 0 0 0 0 0 0 0 0 0 0 0 0 0 0 0 0 0 0 0 0 0 0 0 0 0 0 0 0 0 0 0 0 0 0 0 0 0 0 0 0 0 0 0 0 0 0 0 0 0 0 0 0 0 0 0 0 0 0 0 0 0 0 0 0 0 0 0 0 0 0 0 0 0 0 0 0 0 0 0 0 0 0 0 0 0 0 0 0 0 0 0 0 0 0 0 0 0 0 0 0 0 0 0 0 0 0 0 0 0 0 0 0 0 0 0 0 0 0 0 0 0 0 0 0 0 0 0 0 0 0 0 0 0 0 0 0 0 0 0 0 0 0 0 0 0 0 0 0 0 0 0 0 0 0 0 0 0 0 0 0 0 0 0 0 0 0 0 0 0 0 0 0 0 0 0 0 0 0 0 0 0 0 0 0 0 0 0 0 0 0 0 0 0 0 0 0 0 0 0 0 0 0 0 0 0 0 0 0 0 0 0 0 0 0 0 0 0 0 0 0 0 0 0 0 0 0 0 0 0 0 0 0 0 0 0 0 0 0 0 0 0 0 0 0 0 0 0 0 0 0 0 0 0 0 0 0 0 0 0 0 0 0 0 0 0 0 0 0 0 0 0 0 0 0 0 0 0 0 0 0 0 0 0 0 0 0 0 0 0 0 0 0 0 0 0 0 0 0 0 0 0 0 0 0 0 0 0 0 0 0 0 0 0 0 0 0 0 0 0 0 0 0 0 0 0 0 0 0 0 0 0 0 0 0 0 0 0 0 0 0 0 0 0 0 0 0 0 0 0 0 0 0 0 0 0 0 0 0 0 0 0 0 0 0 0 0 0 0 0 0 0 0 0 0 0 0 0 0 0 0 0 0 0 0 0 0 0 0 0 0 0 0 0 0 0 0 0 0 0 0 0 0 0 0 0 0 0 0 0 0 0 0 0 0 0 0 0 0 0 0 0 0 0 0 0 0 0 0 0 0 0 0 0 0 0 0 0 0 0 0 0 0 0 0 0 0 0 0 0 0 0 0 0 0 0 0 0 0 0 0 0 0 0 0 0 0 0 0 0 0 0 0 0 0 0 0 0 0 0 0 0 0 0 0 0 0 0 0 0 0 0 0 0 0 0 0 0 0 0 0 0 0 0 0 0 0 0 0 0 0 0 0 0 0 0 0 0 0 0 0 0 0 0 0 0 0 0 0 0 0 0 0 0 0 0 0 0 0 0 0 0 0 0 0 0 0 0 0 0 0 0 0 0 0 0 0 0 0 0 0 0 0 0 0 0 0 0 0 0 0 0 0 0 0 0 0 0 0 0 0 0 0 0 0 0 0 0 0 0 0 0 0 0 0 0 0 0 0 0 0 0 0 0 0 0 0 0 0 0 0 0 0 0 0 0 0 0 0 0 0 0 0 0 0 0 0 0 0 0 0 0 0 0 0 0 0 0 0 0 0 0 0 0 0 0 0 0 0 0 0 0 0 0 0 0 0 0 0 0 0 0 0 0 0 0 0 0 0 0 0 0 0 0 0 0 0 0 0 0 0 0 0 0 0 0 0 0 0 0 0 0 0 0 0 0 0 0 0 0 0 0 0 0 0 0 0 0 0 0 0 0 0 0 0 0 0 0 0 0 0 0
ctxt 3729413150
btime 1783935075
processes 5333442
procs_running 1
procs_blocked 0
softirq 2823644901 204 316103676 1628995 892938675 32768 0 7323991 906267654 256532 699092406

/proc/meminfo
MemTotal:       32273192 kB
MemFree:         4450384 kB
MemAvailable:   27976280 kB
Buffers:               0 kB
Cached:         21157628 kB
SwapCached:        21664 kB
Active:         22726460 kB
Inactive:         393152 kB
Active(anon):    2162460 kB
Inactive(anon):   134240 kB
Active(file):   20564000 kB
Inactive(file):   258912 kB
Unevictable:           0 kB
Mlocked:               0 kB
SwapTotal:      67108860 kB
SwapFree:       63595004 kB
Zswap:                 0 kB
Zswapped:              0 kB
Dirty:               528 kB
Writeback:             0 kB
AnonPages:       1915144 kB
Mapped:           395488 kB
Shmem:            335956 kB
KReclaimable:    3180396 kB
Slab:            3807476 kB
SReclaimable:    3180396 kB
SUnreclaim:       627080 kB
KernelStack:       34240 kB
PageTables:        34104 kB
SecPageTables:      4112 kB
NFS_Unstable:          0 kB
Bounce:                0 kB
WritebackTmp:          0 kB
CommitLimit:    83245456 kB
Committed_AS:   12276544 kB
VmallocTotal:   34359738367 kB
VmallocUsed:      229868 kB
VmallocChunk:          0 kB
Percpu:            21216 kB
HardwareCorrupted:     0 kB
AnonHugePages:   1105920 kB
ShmemHugePages:        0 kB
ShmemPmdMapped:        0 kB
FileHugePages:         0 kB
FilePmdMapped:         0 kB
CmaTotal:              0 kB
CmaFree:               0 kB
Unaccepted:            0 kB
HugePages_Total:       0
HugePages_Free:        0
HugePages_Rsvd:        0
HugePages_Surp:        0
Hugepagesize:       2048 kB
Hugetlb:               0 kB
DirectMap4k:      389980 kB
DirectMap2M:     5574656 kB
DirectMap1G:    27262976 kB

/sys/devices/system/cpu/cpu2/cpufreq/scaling_cur_freq 1200163

/sys/devices/system/cpu/cpu3/cpufreq/scaling_cur_freq 1199754

/sys/devices/system/cpu/cpu4/cpufreq/scaling_cur_freq 1200158

/sys/devices/system/cpu/cpu5/cpufreq/scaling_cur_freq 1199836

/sys/devices/system/cpu/cpu6/cpufreq/scaling_cur_freq 1199275

/sys/devices/system/cpu/cpu7/cpufreq/scaling_cur_freq 1199934

/sys/devices/system/cpu/cpu8/cpufreq/scaling_cur_freq 1199963

/sys/devices/system/cpu/cpu9/cpufreq/scaling_cur_freq 1199563

