unix_ns 1788872911659865632
/proc/loadavg
2.18 1.45 1.27 1/2111 16

/proc/stat
cpu  115941913 83897 3611844 11542389984 184937948 870118 1376714 0 0 0
cpu0 41117848 44 83316 448332315 3973623 71853 139200 0 0 0
cpu1 6997095 37155 719148 460857973 24655874 113577 154672 0 0 0
cpu2 5012390 303 157436 475279042 13210756 38548 27111 0 0 0
cpu3 4617609 97 85996 480295086 8702096 25250 14942 0 0 0
cpu4 5020305 1299 228270 471915154 16402609 49669 42949 0 0 0
cpu5 4963456 55 84589 480397180 8247690 27596 14742 0 0 0
cpu6 4818119 70 61128 484262580 4565109 22325 22776 0 0 0
cpu7 10192540 22039 630997 460835967 21779896 101866 70684 0 0 0
cpu8 4962785 125 110733 478698987 9881743 37318 36185 0 0 0
cpu9 4862911 55 66301 483869081 4909612 23401 16966 0 0 0
cpu10 4854700 38 62957 485436385 3306318 23766 70665 0 0 0
cpu11 4600452 519 193492 477056197 11672143 54763 95190 0 0 0
cpu12 1604653 15 45479 487728475 4340930 13622 19381 0 0 0
cpu13 2027388 10613 343202 484172352 7078606 32330 21950 0 0 0
cpu14 692946 221 51845 487951125 5012672 13205 12677 0 0 0
cpu15 926000 56 43121 488805717 3971970 9316 7121 0 0 0
cpu16 945608 283 51142 489483278 3264685 9573 5923 0 0 0
cpu17 569212 93 52573 489690397 3238042 42190 147016 0 0 0
cpu18 692390 30 57262 489441542 3440571 22292 99509 0 0 0
cpu19 3315890 10053 247641 482462091 7560033 46360 38378 0 0 0
cpu20 600042 202 52774 488236909 4708931 32863 55651 0 0 0
cpu21 646343 131 73934 488715384 4003779 39349 249329 0 0 0
cpu22 636836 69 56763 489744573 3305013 8943 7930 0 0 0
cpu23 1264384 320 51734 488722182 3705235 10131 5756 0 0 0
intr 3708645450 22 0 0 0 0 0 0 0 0 0 0 0 0 0 0 0 8 0 0 0 0 0 0 0 0 0 0 0 1 0 1 1 1 1 0 0 0 0 37 0 0 0 0 0 0 0 0 0 0 0 0 0 0 0 0 0 0 0 0 0 0 0 0 0 2865 1 165553959 157975567 162433389 382011944 61824 649587 103571 70271 165999 144670 50322 462453 79643 48240 33143 115753 39277 214698 54535 42616 52656 36792 39573 508258 130772 64760 38073 37839 29654 0 0 0 0 0 0 2 0 2 2 2 2 2 2 35 2 207 2 0 0 0 0 0 0 0 0 0 0 0 0 0 0 0 0 0 0 0 0 0 0 0 0 0 0 0 0 0 0 0 0 0 0 0 0 0 0 0 0 0 0 0 0 0 0 0 0 0 0 0 0 0 0 0 0 0 0 0 0 0 0 0 0 0 0 0 0 0 0 0 0 0 0 0 0 0 0 0 0 0 0 0 0 0 0 0 0 0 0 0 0 0 0 0 0 0 0 0 0 0 0 0 0 0 0 0 0 0 0 0 0 0 0 0 0 0 0 0 0 0 0 0 0 0 0 0 0 0 0 0 0 0 0 0 0 0 0 0 0 0 0 0 0 0 0 0 0 0 0 0 0 0 0 0 0 0 0 0 0 0 0 0 0 0 0 0 0 0 0 0 0 0 0 0 0 0 0 0 0 0 0 0 0 0 0 0 0 0 0 0 0 0 0 0 0 0 0 0 0 0 0 0 0 0 0 0 0 0 0 0 0 0 0 0 0 0 0 0 0 0 0 0 0 0 0 0 0 0 0 0 0 0 0 0 0 0 0 0 0 0 0 0 0 0 0 0 0 0 0 0 0 0 0 0 0 0 0 0 0 0 0 0 0 0 0 0 0 0 0 0 0 0 0 0 0 0 0 0 0 0 0 0 0 0 0 0 0 0 0 0 0 0 0 0 0 0 0 0 0 0 0 0 0 0 0 0 0 0 0 0 0 0 0 0 0 0 0 0 0 0 0 0 0 0 0 0 0 0 0 0 0 0 0 0 0 0 0 0 0 0 0 0 0 0 0 0 0 0 0 0 0 0 0 0 0 0 0 0 0 0 0 0 0 0 0 0 0 0 0 0 0 0 0 0 0 0 0 0 0 0 0 0 0 0 0 0 0 0 0 0 0 0 0 0 0 0 0 0 0 0 0 0 0 0 0 0 0 0 0 0 0 0 0 0 0 0 0 0 0 0 0 0 0 0 0 0 0 0 0 0 0 0 0 0 0 0 0 0 0 0 0 0 0 0 0 0 0 0 0 0 0 0 0 0 0 0 0 0 0 0 0 0 0 0 0 0 0 0 0 0 0 0 0 0 0 0 0 0 0 0 0 0 0 0 0 0 0 0 0 0 0 0 0 0 0 0 0 0 0 0 0 0 0 0 0 0 0 0 0 0 0 0 0 0 0 0 0 0 0 0 0 0 0 0 0 0 0 0 0 0 0 0 0 0 0 0 0 0 0 0 0 0 0 0 0 0 0 0 0 0 0 0 0 0 0 0 0 0 0 0 0 0 0 0 0 0 0 0 0 0 0 0 0 0 0 0 0 0 0 0 0 0 0 0 0 0 0 0 0 0 0 0 0 0 0 0 0 0 0 0 0 0 0 0 0 0 0 0 0 0 0 0 0 0 0 0 0 0 0 0 0 0 0 0 0 0 0 0 0 0 0 0 0 0 0 0 0 0 0 0 0 0 0 0 0 0 0 0 0 0 0 0 0 0 0 0 0 0 0 0 0 0 0 0 0 0 0 0 0 0 0 0 0 0 0 0 0 0 0 0 0 0 0 0 0 0 0 0 0 0 0 0 0 0 0 0 0 0 0 0 0 0 0 0 0 0 0 0 0 0 0 0 0 0 0 0 0 0 0 0 0 0 0 0 0 0 0 0 0 0 0 0 0 0 0 0 0 0 0 0 0 0 0 0 0 0 0 0 0 0 0 0 0 0 0 0 0 0 0 0 0 0 0 0 0 0 0 0 0 0 0 0 0 0 0 0 0 0 0 0 0 0 0 0 0 0 0 0 0 0 0 0 0 0 0 0 0 0 0 0 0 0 0 0 0 0 0 0 0 0 0 0 0 0 0 0 0 0 0 0 0 0 0 0 0 0 0 0 0 0 0 0 0 0 0 0 0 0 0 0 0 0 0 0 0 0 0 0 0 0 0 0 0 0 0 0 0 0 0 0 0 0 0 0 0 0 0 0 0 0 0 0 0 0 0 0 0 0 0 0 0 0 0 0 0 0 0 0 0 0 0 0 0 0 0 0 0 0 0 0 0 0 0 0 0 0 0 0 0 0 0 0 0 0 0 0 0 0 0 0 0 0 0 0 0 0 0 0 0 0 0 0 0 0 0 0 0 0 0 0 0 0 0 0 0 0 0 0 0 0 0 0 0 0 0 0 0 0 0 0 0 0 0 0 0 0 0 0 0 0 0 0 0 0 0 0 0 0 0 0 0 0 0 0 0 0 0 0 0 0 0 0 0 0 0 0 0 0 0 0 0 0 0 0 0 0 0 0 0 0 0 0 0 0 0 0 0 0 0 0 0 0 0 0 0 0 0 0 0 0 0 0 0 0 0 0 0 0 0 0 0 0 0 0 0 0
ctxt 3729390065
btime 1783935075
processes 5333428
procs_running 1
procs_blocked 1
softirq 2823620270 204 316102131 1628972 892935096 32768 0 7323943 906252606 256532 699088018

/proc/meminfo
MemTotal:       32273192 kB
MemFree:         4486220 kB
MemAvailable:   27999208 kB
Buffers:               0 kB
Cached:         21144756 kB
SwapCached:        21664 kB
Active:         22683584 kB
Inactive:         393152 kB
Active(anon):    2132460 kB
Inactive(anon):   134240 kB
Active(file):   20551124 kB
Inactive(file):   258912 kB
Unevictable:           0 kB
Mlocked:               0 kB
SwapTotal:      67108860 kB
SwapFree:       63595004 kB
Zswap:                 0 kB
Zswapped:              0 kB
Dirty:               216 kB
Writeback:             0 kB
AnonPages:       1885048 kB
Mapped:           395456 kB
Shmem:            335956 kB
KReclaimable:    3180364 kB
Slab:            3807432 kB
SReclaimable:    3180364 kB
SUnreclaim:       627068 kB
KernelStack:       34144 kB
PageTables:        34024 kB
SecPageTables:      4112 kB
NFS_Unstable:          0 kB
Bounce:                0 kB
WritebackTmp:          0 kB
CommitLimit:    83245456 kB
Committed_AS:   12246368 kB
VmallocTotal:   34359738367 kB
VmallocUsed:      229868 kB
VmallocChunk:          0 kB
Percpu:            21216 kB
HardwareCorrupted:     0 kB
AnonHugePages:   1095680 kB
ShmemHugePages:        0 kB
ShmemPmdMapped:        0 kB
FileHugePages:         0 kB
FilePmdMapped:         0 kB
CmaTotal:              0 kB
CmaFree:               0 kB
Unaccepted:            0 kB
HugePages_Total:       0
HugePages_Free:        0
HugePages_Rsvd:        0
HugePages_Surp:        0
Hugepagesize:       2048 kB
Hugetlb:               0 kB
DirectMap4k:      389980 kB
DirectMap2M:     5574656 kB
DirectMap1G:    27262976 kB

/sys/devices/system/cpu/cpu2/cpufreq/scaling_cur_freq 1200000

/sys/devices/system/cpu/cpu3/cpufreq/scaling_cur_freq 1200000

/sys/devices/system/cpu/cpu4/cpufreq/scaling_cur_freq 1200000

/sys/devices/system/cpu/cpu5/cpufreq/scaling_cur_freq 1200000

/sys/devices/system/cpu/cpu6/cpufreq/scaling_cur_freq 1200000

/sys/devices/system/cpu/cpu7/cpufreq/scaling_cur_freq 1200000

/sys/devices/system/cpu/cpu8/cpufreq/scaling_cur_freq 1200000

/sys/devices/system/cpu/cpu9/cpufreq/scaling_cur_freq 1200000

