unix_ns 1788873053972167499
/proc/loadavg
2.61 1.98 1.51 2/2110 98

/proc/stat
cpu  115967130 83897 3612399 11542705205 184938286 870184 1376804 0 0 0
cpu0 41120073 44 83726 448343595 3973873 71859 139246 0 0 0
cpu1 6997150 37155 719160 460872101 24655890 113579 154683 0 0 0
cpu2 5023062 303 157441 475282573 13210757 38568 27112 0 0 0
cpu3 4622505 97 86000 480304406 8702099 25260 14943 0 0 0
cpu4 5022233 1299 228281 471927433 16402612 49675 42951 0 0 0
cpu5 4965359 55 84595 480409492 8247693 27600 14742 0 0 0
cpu6 4818959 70 61130 484275963 4565111 22327 22776 0 0 0
cpu7 10193405 22039 631016 460849280 21779921 101869 70685 0 0 0
cpu8 4963625 125 110735 478712373 9881744 37320 36186 0 0 0
cpu9 4863747 55 66302 483882471 4909612 23403 16966 0 0 0
cpu10 4854708 38 62960 485450589 3306331 23767 70665 0 0 0
cpu11 4600463 519 193512 477070390 11672144 54764 95192 0 0 0
cpu12 1604663 15 45485 487742686 4340932 13622 19382 0 0 0
cpu13 2027405 10613 343208 484186553 7078606 32331 21950 0 0 0
cpu14 692951 221 51847 487965346 5012672 13206 12677 0 0 0
cpu15 926001 56 43123 488819939 3971976 9316 7121 0 0 0
cpu16 945613 283 51144 489497500 3264685 9573 5923 0 0 0
cpu17 569214 93 52575 489704618 3238046 42191 147017 0 0 0
cpu18 692392 30 57264 489455768 3440571 22292 99509 0 0 0
cpu19 3315925 10053 247648 482476276 7560033 46361 38378 0 0 0
cpu20 600043 202 52778 488251133 4708931 32863 55651 0 0 0
cpu21 646363 131 73945 488729553 4003784 39351 249351 0 0 0
cpu22 636846 69 56771 489758783 3305013 8944 7930 0 0 0
cpu23 1264413 320 51741 488736375 3705235 10131 5756 0 0 0
intr 3709030826 22 0 0 0 0 0 0 0 0 0 0 0 0 0 0 0 8 0 0 0 0 0 0 0 0 0 0 0 1 0 1 1 1 1 0 0 0 0 37 0 0 0 0 0 0 0 0 0 0 0 0 0 0 0 0 0 0 0 0 0 0 0 0 0 2865 1 165564150 157980322 162435454 382029697 61824 649615 103571 70271 166000 144687 50322 462453 79643 48243 33143 115753 39277 214698 54535 42616 52656 36792 39573 508274 130774 64770 38076 37839 29654 0 0 0 0 0 0 2 0 2 2 2 2 2 2 35 2 207 2 0 0 0 0 0 0 0 0 0 0 0 0 0 0 0 0 0 0 0 0 0 0 0 0 0 0 0 0 0 0 0 0 0 0 0 0 0 0 0 0 0 0 0 0 0 0 0 0 0 0 0 0 0 0 0 0 0 0 0 0 0 0 0 0 0 0 0 0 0 0 0 0 0 0 0 0 0 0 0 0 0 0 0 0 0 0 0 0 0 0 0 0 0 0 0 0 0 0 0 0 0 0 0 0 0 0 0 0 0 0 0 0 0 0 0 0 0 0 0 0 0 0 0 0 0 0 0 0 0 0 0 0 0 0 0 0 0 0 0 0 0 0 0 0 0 0 0 0 0 0 0 0 0 0 0 0 0 0 0 0 0 0 0 0 0 0 0 0 0 0 0 0 0 0 0 0 0 0 0 0 0 0 0 0 0 0 0 0 0 0 0 0 0 0 0 0 0 0 0 0 0 0 0 0 0 0 0 0 0 0 0 0 0 0 0 0 0 0 0 0 0 0 0 0 0 0 0 0 0 0 0 0 0 0 0 0 0 0 0 0 0 0 0 0 0 0 0 0 0 0 0 0 0 0 0 0 0 0 0 0 0 0 0 0 0 0 0 0 0 0 0 0 0 0 0 0 0 0 0 0 0 0 0 0 0 0 0 0 0 0 0 0 0 0 0 0 0 0 0 0 0 0 0 0 0 0 0 0 0 0 0 0 0 0 0 0 0 0 0 0 0 0 0 0 0 0 0 0 0 0 0 0 0 0 0 0 0 0 0 0 0 0 0 0 0 0 0 0 0 0 0 0 0 0 0 0 0 0 0 0 0 0 0 0 0 0 0 0 0 0 0 0 0 0 0 0 0 0 0 0 0 0 0 0 0 0 0 0 0 0 0 0 0 0 0 0 0 0 0 0 0 0 0 0 0 0 0 0 0 0 0 0 0 0 0 0 0 0 0 0 0 0 0 0 0 0 0 0 0 0 0 0 0 0 0 0 0 0 0 0 0 0 0 0 0 0 0 0 0 0 0 0 0 0 0 0 0 0 0 0 0 0 0 0 0 0 0 0 0 0 0 0 0 0 0 0 0 0 0 0 0 0 0 0 0 0 0 0 0 0 0 0 0 0 0 0 0 0 0 0 0 0 0 0 0 0 0 0 0 0 0 0 0 0 0 0 0 0 0 0 0 0 0 0 0 0 0 0 0 0 0 0 0 0 0 0 0 0 0 0 0 0 0 0 0 0 0 0 0 0 0 0 0 0 0 0 0 0 0 0 0 0 0 0 0 0 0 0 0 0 0 0 0 0 0 0 0 0 0 0 0 0 0 0 0 0 0 0 0 0 0 0 0 0 0 0 0 0 0 0 0 0 0 0 0 0 0 0 0 0 0 0 0 0 0 0 0 0 0 0 0 0 0 0 0 0 0 0 0 0 0 0 0 0 0 0 0 0 0 0 0 0 0 0 0 0 0 0 0 0 0 0 0 0 0 0 0 0 0 0 0 0 0 0 0 0 0 0 0 0 0 0 0 0 0 0 0 0 0 0 0 0 0 0 0 0 0 0 0 0 0 0 0 0 0 0 0 0 0 0 0 0 0 0 0 0 0 0 0 0 0 0 0 0 0 0 0 0 0 0 0 0 0 0 0 0 0 0 0 0 0 0 0 0 0 0 0 0 0 0 0 0 0 0 0 0 0 0 0 0 0 0 0 0 0 0 0 0 0 0 0 0 0 0 0 0 0 0 0 0 0 0 0 0 0 0 0 0 0 0 0 0 0 0 0 0 0 0 0 0 0 0 0 0 0 0 0 0 0 0 0 0 0 0 0 0 0 0 0 0 0 0 0 0 0 0 0 0 0 0 0 0 0 0 0 0 0 0 0 0 0 0 0 0 0 0 0 0 0 0 0 0 0 0 0 0 0 0 0 0 0 0 0 0 0 0 0 0 0 0 0 0 0 0 0 0 0 0 0 0 0 0 0 0 0 0 0 0 0 0 0 0 0 0 0 0 0 0 0 0 0 0 0 0 0 0 0 0 0 0 0 0 0 0 0 0 0 0 0 0 0 0 0 0 0 0 0 0 0 0 0 0 0 0 0 0 0 0 0 0 0 0 0 0 0 0 0 0 0 0 0 0 0 0 0 0 0 0 0 0 0 0 0 0 0 0 0 0 0 0 0 0 0 0 0 0 0 0 0 0 0 0 0 0 0 0 0 0 0 0 0 0 0 0 0 0 0 0 0 0 0 0 0 0 0 0 0 0 0 0 0 0 0 0 0 0 0 0 0 0 0 0 0 0 0 0 0 0 0 0 0 0 0 0 0 0 0 0 0 0 0 0 0 0 0 0 0 0 0 0 0 0 0 0 0 0 0
ctxt 3729600888
btime 1783935075
processes 5333665
procs_running 2
procs_blocked 0
softirq 2823825932 204 316114597 1629445 892972321 32768 0 7324832 906371350 256532 699123883

/proc/meminfo
MemTotal:       32273192 kB
MemFree:         4261756 kB
MemAvailable:   27909408 kB
Buffers:               0 kB
Cached:         21278876 kB
SwapCached:        21664 kB
Active:         22925340 kB
Inactive:         393176 kB
Active(anon):    2240120 kB
Inactive(anon):   134240 kB
Active(file):   20685220 kB
Inactive(file):   258936 kB
Unevictable:           0 kB
Mlocked:               0 kB
SwapTotal:      67108860 kB
SwapFree:       63595004 kB
Zswap:                 0 kB
Zswapped:              0 kB
Dirty:                 0 kB
Writeback:           144 kB
AnonPages:       1992088 kB
Mapped:           395544 kB
Shmem:            335960 kB
KReclaimable:    3180908 kB
Slab:            3807872 kB
SReclaimable:    3180908 kB
SUnreclaim:       626964 kB
KernelStack:       34144 kB
PageTables:        34244 kB
SecPageTables:      4112 kB
NFS_Unstable:          0 kB
Bounce:                0 kB
WritebackTmp:          0 kB
CommitLimit:    83245456 kB
Committed_AS:   12354184 kB
VmallocTotal:   34359738367 kB
VmallocUsed:      229836 kB
VmallocChunk:          0 kB
Percpu:            21216 kB
HardwareCorrupted:     0 kB
AnonHugePages:   1120256 kB
ShmemHugePages:        0 kB
ShmemPmdMapped:        0 kB
FileHugePages:         0 kB
FilePmdMapped:         0 kB
CmaTotal:              0 kB
CmaFree:               0 kB
Unaccepted:            0 kB
HugePages_Total:       0
HugePages_Free:        0
HugePages_Rsvd:        0
HugePages_Surp:        0
Hugepagesize:       2048 kB
Hugetlb:               0 kB
DirectMap4k:      389980 kB
DirectMap2M:     5574656 kB
DirectMap1G:    27262976 kB

/sys/devices/system/cpu/cpu2/cpufreq/scaling_cur_freq 1200351

/sys/devices/system/cpu/cpu3/cpufreq/scaling_cur_freq 1200000

/sys/devices/system/cpu/cpu4/cpufreq/scaling_cur_freq 1197654

/sys/devices/system/cpu/cpu5/cpufreq/scaling_cur_freq 1200000

/sys/devices/system/cpu/cpu6/cpufreq/scaling_cur_freq 1200000

/sys/devices/system/cpu/cpu7/cpufreq/scaling_cur_freq 1200000

/sys/devices/system/cpu/cpu8/cpufreq/scaling_cur_freq 1879677

/sys/devices/system/cpu/cpu9/cpufreq/scaling_cur_freq 1200000

