unix_ns 1788872907556182736
/proc/loadavg
1.93 1.39 1.25 1/2110 12

/proc/stat
cpu  115940784 83897 3611815 11542381316 184937930 870116 1376711 0 0 0
cpu0 41117742 44 83298 448332042 3973611 71853 139199 0 0 0
cpu1 6997093 37155 719147 460857567 24655874 113577 154672 0 0 0
cpu2 5012136 303 157428 475278893 13210756 38547 27111 0 0 0
cpu3 4617356 97 85996 480294929 8702096 25250 14942 0 0 0
cpu4 5020048 1299 228270 471915001 16402609 49669 42949 0 0 0
cpu5 4963202 55 84589 480397028 8247686 27595 14741 0 0 0
cpu6 4818119 70 61128 484262170 4565109 22325 22776 0 0 0
cpu7 10192535 22039 630997 460835561 21779895 101866 70684 0 0 0
cpu8 4962785 125 110733 478698577 9881743 37318 36185 0 0 0
cpu9 4862911 55 66300 483868671 4909612 23400 16966 0 0 0
cpu10 4854700 38 62957 485435975 3306318 23766 70665 0 0 0
cpu11 4600452 519 193492 477055787 11672143 54763 95190 0 0 0
cpu12 1604653 15 45479 487728065 4340930 13622 19381 0 0 0
cpu13 2027388 10613 343202 484171942 7078606 32330 21950 0 0 0
cpu14 692946 221 51845 487950715 5012672 13205 12677 0 0 0
cpu15 926000 56 43121 488805308 3971969 9316 7121 0 0 0
cpu16 945608 283 51142 489482867 3264685 9573 5923 0 0 0
cpu17 569212 93 52573 489689987 3238042 42190 147016 0 0 0
cpu18 692390 30 57262 489441131 3440571 22292 99509 0 0 0
cpu19 3315890 10053 247641 482461680 7560033 46360 38378 0 0 0
cpu20 600042 202 52774 488236499 4708931 32863 55651 0 0 0
cpu21 646343 131 73934 488714975 4003779 39349 249328 0 0 0
cpu22 636836 69 56763 489744163 3305013 8943 7930 0 0 0
cpu23 1264384 320 51734 488721772 3705235 10131 5756 0 0 0
intr 3708628611 22 0 0 0 0 0 0 0 0 0 0 0 0 0 0 0 8 0 0 0 0 0 0 0 0 0 0 0 1 0 1 1 1 1 0 0 0 0 37 0 0 0 0 0 0 0 0 0 0 0 0 0 0 0 0 0 0 0 0 0 0 0 0 0 2865 1 165553394 157975523 162433355 382011274 61824 649574 103571 70271 165999 144668 50322 462453 79643 48240 33143 115753 39277 214698 54535 42616 52656 36792 39573 508258 130772 64747 38073 37839 29654 0 0 0 0 0 0 2 0 2 2 2 2 2 2 35 2 207 2 0 0 0 0 0 0 0 0 0 0 0 0 0 0 0 0 0 0 0 0 0 0 0 0 0 0 0 0 0 0 0 0 0 0 0 0 0 0 0 0 0 0 0 0 0 0 0 0 0 0 0 0 0 0 0 0 0 0 0 0 0 0 0 0 0 0 0 0 0 0 0 0 0 0 0 0 0 0 0 0 0 0 0 0 0 0 0 0 0 0 0 0 0 0 0 0 0 0 0 0 0 0 0 0 0 0 0 0 0 0 0 0 0 0 0 0 0 0 0 0 0 0 0 0 0 0 0 0 0 0 0 0 0 0 0 0 0 0 0 0 0 0 0 0 0 0 0 0 0 0 0 0 0 0 0 0 0 0 0 0 0 0 0 0 0 0 0 0 0 0 0 0 0 0 0 0 0 0 0 0 0 0 0 0 0 0 0 0 0 0 0 0 0 0 0 0 0 0 0 0 0 0 0 0 0 0 0 0 0 0 0 0 0 0 0 0 0 0 0 0 0 0 0 0 0 0 0 0 0 0 0 0 0 0 0 0 0 0 0 0 0 0 0 0 0 0 0 0 0 0 0 0 0 0 0 0 0 0 0 0 0 0 0 0 0 0 0 0 0 0 0 0 0 0 0 0 0 0 0 0 0 0 0 0 0 0 0 0 0 0 0 0 0 0 0 0 0 0 0 0 0 0 0 0 0 0 0 0 0 0 0 0 0 0 0 0 0 0 0 0 0 0 0 0 0 0 0 0 0 0 0 0 0 0 0 0 0 0 0 0 0 0 0 0 0 0 0 0 0 0 0 0 0 0 0 0 0 0 0 0 0 0 0 0 0 0 0 0 0 0 0 0 0 0 0 0 0 0 0 0 0 0 0 0 0 0 0 0 0 0 0 0 0 0 0 0 0 0 0 0 0 0 0 0 0 0 0 0 0 0 0 0 0 0 0 0 0 0 0 0 0 0 0 0 0 0 0 0 0 0 0 0 0 0 0 0 0 0 0 0 0 0 0 0 0 0 0 0 0 0 0 0 0 0 0 0 0 0 0 0 0 0 0 0 0 0 0 0 0 0 0 0 0 0 0 0 0 0 0 0 0 0 0 0 0 0 0 0 0 0 0 0 0 0 0 0 0 0 0 0 0 0 0 0 0 0 0 0 0 0 0 0 0 0 0 0 0 0 0 0 0 0 0 0 0 0 0 0 0 0 0 0 0 0 0 0 0 0 0 0 0 0 0 0 0 0 0 0 0 0 0 0 0 0 0 0 0 0 0 0 0 0 0 0 0 0 0 0 0 0 0 0 0 0 0 0 0 0 0 0 0 0 0 0 0 0 0 0 0 0 0 0 0 0 0 0 0 0 0 0 0 0 0 0 0 0 0 0 0 0 0 0 0 0 0 0 0 0 0 0 0 0 0 0 0 0 0 0 0 0 0 0 0 0 0 0 0 0 0 0 0 0 0 0 0 0 0 0 0 0 0 0 0 0 0 0 0 0 0 0 0 0 0 0 0 0 0 0 0 0 0 0 0 0 0 0 0 0 0 0 0 0 0 0 0 0 0 0 0 0 0 0 0 0 0 0 0 0 0 0 0 0 0 0 0 0 0 0 0 0 0 0 0 0 0 0 0 0 0 0 0 0 0 0 0 0 0 0 0 0 0 0 0 0 0 0 0 0 0 0 0 0 0 0 0 0 0 0 0 0 0 0 0 0 0 0 0 0 0 0 0 0 0 0 0 0 0 0 0 0 0 0 0 0 0 0 0 0 0 0 0 0 0 0 0 0 0 0 0 0 0 0 0 0 0 0 0 0 0 0 0 0 0 0 0 0 0 0 0 0 0 0 0 0 0 0 0 0 0 0 0 0 0 0 0 0 0 0 0 0 0 0 0 0 0 0 0 0 0 0 0 0 0 0 0 0 0 0 0 0 0 0 0 0 0 0 0 0 0 0 0 0 0 0 0 0 0 0 0 0 0 0 0 0 0 0 0 0 0 0 0 0 0 0 0 0 0 0 0 0 0 0 0 0 0 0 0 0 0 0 0 0 0 0 0 0 0 0 0 0 0 0 0 0 0 0 0 0 0 0 0 0 0 0 0 0 0 0 0 0 0 0 0 0 0 0 0 0 0 0 0 0 0 0 0 0 0 0 0 0 0 0 0 0 0 0 0 0 0 0 0 0 0 0 0 0 0 0 0 0 0 0 0 0 0 0 0 0 0 0 0 0 0 0 0 0 0 0 0 0 0 0 0 0 0 0 0 0 0 0 0 0 0 0 0 0 0 0 0 0 0 0 0 0 0 0 0 0 0 0 0 0 0 0 0 0 0 0 0 0 0 0 0 0 0 0 0 0 0 0 0 0 0 0 0 0 0
ctxt 3729385173
btime 1783935075
processes 5333423
procs_running 1
procs_blocked 0
softirq 2823614586 204 316101776 1628964 892933776 32768 0 7323932 906249889 256532 699086745

/proc/meminfo
MemTotal:       32273192 kB
MemFree:         4493096 kB
MemAvailable:   27999740 kB
Buffers:               0 kB
Cached:         21138408 kB
SwapCached:        21664 kB
Active:         22678032 kB
Inactive:         393152 kB
Active(anon):    2133220 kB
Inactive(anon):   134240 kB
Active(file):   20544812 kB
Inactive(file):   258912 kB
Unevictable:           0 kB
Mlocked:               0 kB
SwapTotal:      67108860 kB
SwapFree:       63595004 kB
Zswap:                 0 kB
Zswapped:              0 kB
Dirty:               148 kB
Writeback:             0 kB
AnonPages:       1885824 kB
Mapped:           395488 kB
Shmem:            335956 kB
KReclaimable:    3180332 kB
Slab:            3807392 kB
SReclaimable:    3180332 kB
SUnreclaim:       627060 kB
KernelStack:       34128 kB
PageTables:        34028 kB
SecPageTables:      4112 kB
NFS_Unstable:          0 kB
Bounce:                0 kB
WritebackTmp:          0 kB
CommitLimit:    83245456 kB
Committed_AS:   12230884 kB
VmallocTotal:   34359738367 kB
VmallocUsed:      229852 kB
VmallocChunk:          0 kB
Percpu:            21216 kB
HardwareCorrupted:     0 kB
AnonHugePages:   1095680 kB
ShmemHugePages:        0 kB
ShmemPmdMapped:        0 kB
FileHugePages:         0 kB
FilePmdMapped:         0 kB
CmaTotal:              0 kB
CmaFree:               0 kB
Unaccepted:            0 kB
HugePages_Total:       0
HugePages_Free:        0
HugePages_Rsvd:        0
HugePages_Surp:        0
Hugepagesize:       2048 kB
Hugetlb:               0 kB
DirectMap4k:      389980 kB
DirectMap2M:     5574656 kB
DirectMap1G:    27262976 kB

/sys/devices/system/cpu/cpu2/cpufreq/scaling_cur_freq 1200000

/sys/devices/system/cpu/cpu3/cpufreq/scaling_cur_freq 1200000

/sys/devices/system/cpu/cpu4/cpufreq/scaling_cur_freq 1202752

/sys/devices/system/cpu/cpu5/cpufreq/scaling_cur_freq 1200000

/sys/devices/system/cpu/cpu6/cpufreq/scaling_cur_freq 1200000

/sys/devices/system/cpu/cpu7/cpufreq/scaling_cur_freq 1200000

/sys/devices/system/cpu/cpu8/cpufreq/scaling_cur_freq 1200000

/sys/devices/system/cpu/cpu9/cpufreq/scaling_cur_freq 1202484

