unix_ns 1788873027285300790
/proc/loadavg
2.80 1.95 1.48 1/2110 87

/proc/stat
cpu  115962649 83897 3612305 11542645853 184938205 870173 1376789 0 0 0
cpu0 41119652 44 83649 448341506 3973802 71858 139237 0 0 0
cpu1 6997147 37155 719159 460869441 24655889 113578 154681 0 0 0
cpu2 5021111 303 157440 475281860 13210757 38564 27112 0 0 0
cpu3 4621487 97 85998 480302759 8702099 25258 14943 0 0 0
cpu4 5021700 1299 228281 471925299 16402612 49674 42951 0 0 0
cpu5 4964831 55 84595 480407353 8247693 27599 14742 0 0 0
cpu6 4818959 70 61129 484273295 4565111 22327 22776 0 0 0
cpu7 10193403 22039 631016 460846622 21779914 101869 70685 0 0 0
cpu8 4963625 125 110735 478709706 9881743 37320 36186 0 0 0
cpu9 4863747 55 66302 483879803 4909612 23403 16966 0 0 0
cpu10 4854707 38 62960 485447922 3306331 23767 70665 0 0 0
cpu11 4600463 519 193509 477067726 11672144 54764 95192 0 0 0
cpu12 1604662 15 45485 487740019 4340932 13622 19382 0 0 0
cpu13 2027404 10613 343207 484183887 7078606 32331 21950 0 0 0
cpu14 692951 221 51847 487962677 5012672 13206 12677 0 0 0
cpu15 926001 56 43123 488817271 3971976 9316 7121 0 0 0
cpu16 945613 283 51144 489494833 3264685 9573 5923 0 0 0
cpu17 569214 93 52575 489701949 3238046 42191 147017 0 0 0
cpu18 692392 30 57263 489453100 3440571 22292 99509 0 0 0
cpu19 3315908 10053 247646 482473627 7560033 46361 38378 0 0 0
cpu20 600042 202 52778 488248464 4708931 32863 55651 0 0 0
cpu21 646361 131 73943 488726896 4003784 39351 249347 0 0 0
cpu22 636845 69 56770 489756118 3305013 8944 7930 0 0 0
cpu23 1264413 320 51741 488733707 3705235 10131 5756 0 0 0
intr 3708967391 22 0 0 0 0 0 0 0 0 0 0 0 0 0 0 0 8 0 0 0 0 0 0 0 0 0 0 0 1 0 1 1 1 1 0 0 0 0 37 0 0 0 0 0 0 0 0 0 0 0 0 0 0 0 0 0 0 0 0 0 0 0 0 0 2865 1 165563992 157978372 162435446 382026153 61824 649615 103571 70271 166000 144685 50322 462453 79643 48243 33143 115753 39277 214698 54535 42616 52656 36792 39573 508272 130774 64768 38075 37839 29654 0 0 0 0 0 0 2 0 2 2 2 2 2 2 35 2 207 2 0 0 0 0 0 0 0 0 0 0 0 0 0 0 0 0 0 0 0 0 0 0 0 0 0 0 0 0 0 0 0 0 0 0 0 0 0 0 0 0 0 0 0 0 0 0 0 0 0 0 0 0 0 0 0 0 0 0 0 0 0 0 0 0 0 0 0 0 0 0 0 0 0 0 0 0 0 0 0 0 0 0 0 0 0 0 0 0 0 0 0 0 0 0 0 0 0 0 0 0 0 0 0 0 0 0 0 0 0 0 0 0 0 0 0 0 0 0 0 0 0 0 0 0 0 0 0 0 0 0 0 0 0 0 0 0 0 0 0 0 0 0 0 0 0 0 0 0 0 0 0 0 0 0 0 0 0 0 0 0 0 0 0 0 0 0 0 0 0 0 0 0 0 0 0 0 0 0 0 0 0 0 0 0 0 0 0 0 0 0 0 0 0 0 0 0 0 0 0 0 0 0 0 0 0 0 0 0 0 0 0 0 0 0 0 0 0 0 0 0 0 0 0 0 0 0 0 0 0 0 0 0 0 0 0 0 0 0 0 0 0 0 0 0 0 0 0 0 0 0 0 0 0 0 0 0 0 0 0 0 0 0 0 0 0 0 0 0 0 0 0 0 0 0 0 0 0 0 0 0 0 0 0 0 0 0 0 0 0 0 0 0 0 0 0 0 0 0 0 0 0 0 0 0 0 0 0 0 0 0 0 0 0 0 0 0 0 0 0 0 0 0 0 0 0 0 0 0 0 0 0 0 0 0 0 0 0 0 0 0 0 0 0 0 0 0 0 0 0 0 0 0 0 0 0 0 0 0 0 0 0 0 0 0 0 0 0 0 0 0 0 0 0 0 0 0 0 0 0 0 0 0 0 0 0 0 0 0 0 0 0 0 0 0 0 0 0 0 0 0 0 0 0 0 0 0 0 0 0 0 0 0 0 0 0 0 0 0 0 0 0 0 0 0 0 0 0 0 0 0 0 0 0 0 0 0 0 0 0 0 0 0 0 0 0 0 0 0 0 0 0 0 0 0 0 0 0 0 0 0 0 0 0 0 0 0 0 0 0 0 0 0 0 0 0 0 0 0 0 0 0 0 0 0 0 0 0 0 0 0 0 0 0 0 0 0 0 0 0 0 0 0 0 0 0 0 0 0 0 0 0 0 0 0 0 0 0 0 0 0 0 0 0 0 0 0 0 0 0 0 0 0 0 0 0 0 0 0 0 0 0 0 0 0 0 0 0 0 0 0 0 0 0 0 0 0 0 0 0 0 0 0 0 0 0 0 0 0 0 0 0 0 0 0 0 0 0 0 0 0 0 0 0 0 0 0 0 0 0 0 0 0 0 0 0 0 0 0 0 0 0 0 0 0 0 0 0 0 0 0 0 0 0 0 0 0 0 0 0 0 0 0 0 0 0 0 0 0 0 0 0 0 0 0 0 0 0 0 0 0 0 0 0 0 0 0 0 0 0 0 0 0 0 0 0 0 0 0 0 0 0 0 0 0 0 0 0 0 0 0 0 0 0 0 0 0 0 0 0 0 0 0 0 0 0 0 0 0 0 0 0 0 0 0 0 0 0 0 0 0 0 0 0 0 0 0 0 0 0 0 0 0 0 0 0 0 0 0 0 0 0 0 0 0 0 0 0 0 0 0 0 0 0 0 0 0 0 0 0 0 0 0 0 0 0 0 0 0 0 0 0 0 0 0 0 0 0 0 0 0 0 0 0 0 0 0 0 0 0 0 0 0 0 0 0 0 0 0 0 0 0 0 0 0 0 0 0 0 0 0 0 0 0 0 0 0 0 0 0 0 0 0 0 0 0 0 0 0 0 0 0 0 0 0 0 0 0 0 0 0 0 0 0 0 0 0 0 0 0 0 0 0 0 0 0 0 0 0 0 0 0 0 0 0 0 0 0 0 0 0 0 0 0 0 0 0 0 0 0 0 0 0 0 0 0 0 0 0 0 0 0 0 0 0 0 0 0 0 0 0 0 0 0 0 0 0 0 0 0 0 0 0 0 0 0 0 0 0 0 0 0 0 0 0 0 0 0 0 0 0 0 0 0 0 0 0 0 0 0 0 0 0 0 0 0 0 0 0 0 0 0 0 0 0 0 0 0 0 0 0 0 0 0 0 0 0 0 0 0 0 0 0 0 0 0 0 0 0 0 0 0 0 0 0 0 0 0 0 0 0 0 0 0 0 0 0 0 0 0 0 0 0 0 0 0 0 0 0 0 0 0 0 0 0 0 0 0 0 0 0 0 0 0 0 0 0 0 0 0 0 0 0 0 0 0 0 0 0 0 0 0 0 0 0 0 0 0 0 0 0 0 0 0 0 0 0 0 0 0 0 0 0 0 0 0 0 0
ctxt 3729573225
btime 1783935075
processes 5333653
procs_running 1
procs_blocked 0
softirq 2823794883 204 316112689 1629107 892966642 32768 0 7324473 906352301 256532 699120167

/proc/meminfo
MemTotal:       32273192 kB
MemFree:         4326376 kB
MemAvailable:   27948556 kB
Buffers:               0 kB
Cached:         21253436 kB
SwapCached:        21664 kB
Active:         22857648 kB
Inactive:         393176 kB
Active(anon):    2197836 kB
Inactive(anon):   134240 kB
Active(file):   20659812 kB
Inactive(file):   258936 kB
Unevictable:           0 kB
Mlocked:               0 kB
SwapTotal:      67108860 kB
SwapFree:       63595004 kB
Zswap:                 0 kB
Zswapped:              0 kB
Dirty:               124 kB
Writeback:             0 kB
AnonPages:       1950380 kB
Mapped:           395544 kB
Shmem:            335960 kB
KReclaimable:    3180844 kB
Slab:            3807916 kB
SReclaimable:    3180844 kB
SUnreclaim:       627072 kB
KernelStack:       34224 kB
PageTables:        34176 kB
SecPageTables:      4112 kB
NFS_Unstable:          0 kB
Bounce:                0 kB
WritebackTmp:          0 kB
CommitLimit:    83245456 kB
Committed_AS:   12311868 kB
VmallocTotal:   34359738367 kB
VmallocUsed:      229820 kB
VmallocChunk:          0 kB
Percpu:            21216 kB
HardwareCorrupted:     0 kB
AnonHugePages:   1114112 kB
ShmemHugePages:        0 kB
ShmemPmdMapped:        0 kB
FileHugePages:         0 kB
FilePmdMapped:         0 kB
CmaTotal:              0 kB
CmaFree:               0 kB
Unaccepted:            0 kB
HugePages_Total:       0
HugePages_Free:        0
HugePages_Rsvd:        0
HugePages_Surp:        0
Hugepagesize:       2048 kB
Hugetlb:               0 kB
DirectMap4k:      389980 kB
DirectMap2M:     5574656 kB
DirectMap1G:    27262976 kB

/sys/devices/system/cpu/cpu2/cpufreq/scaling_cur_freq 1200132

/sys/devices/system/cpu/cpu3/cpufreq/scaling_cur_freq 1199959

/sys/devices/system/cpu/cpu4/cpufreq/scaling_cur_freq 1200130

/sys/devices/system/cpu/cpu5/cpufreq/scaling_cur_freq 1199930

/sys/devices/system/cpu/cpu6/cpufreq/scaling_cur_freq 1199813

/sys/devices/system/cpu/cpu7/cpufreq/scaling_cur_freq 1533187

/sys/devices/system/cpu/cpu8/cpufreq/scaling_cur_freq 1200000

/sys/devices/system/cpu/cpu9/cpufreq/scaling_cur_freq 1199662

