unix_ns 1788873136692020579
/proc/loadavg
2.52 2.10 1.59 1/2107 147

/proc/stat
cpu  115982405 83897 3612748 11542887760 184938501 870223 1376863 0 0 0
cpu0 41121450 44 83986 448350055 3974009 71863 139273 0 0 0
cpu1 6997196 37155 719167 460880301 24655895 113580 154690 0 0 0
cpu2 5029046 303 157444 475284844 13210759 38579 27113 0 0 0
cpu3 4625530 97 86001 480309646 8702099 25265 14943 0 0 0
cpu4 5023746 1299 228286 471934164 16402628 49679 42952 0 0 0
cpu5 4966842 55 84596 480416273 8247697 27603 14742 0 0 0
cpu6 4819388 70 61132 484283800 4565113 22329 22776 0 0 0
cpu7 10193832 22039 631020 460857101 21779939 101870 70686 0 0 0
cpu8 4964053 125 110737 478720207 9881750 37321 36186 0 0 0
cpu9 4864172 55 66303 483890314 4909612 23404 16966 0 0 0
cpu10 4854711 38 62962 485458843 3306340 23767 70666 0 0 0
cpu11 4600481 519 193531 477078620 11672144 54765 95194 0 0 0
cpu12 1604665 15 45487 487750954 4340932 13622 19382 0 0 0
cpu13 2027421 10613 343215 484194799 7078606 32332 21951 0 0 0
cpu14 692953 221 51848 487973612 5012672 13206 12678 0 0 0
cpu15 926003 56 43124 488828201 3971982 9316 7121 0 0 0
cpu16 945620 283 51146 489505762 3264685 9574 5923 0 0 0
cpu17 569219 93 52578 489712879 3238046 42191 147020 0 0 0
cpu18 692394 30 57266 489464033 3440574 22292 99509 0 0 0
cpu19 3315990 10053 247661 482484459 7560042 46361 38378 0 0 0
cpu20 600043 202 52778 488259402 4708933 32863 55651 0 0 0
cpu21 646365 131 73947 488737804 4003784 39352 249365 0 0 0
cpu22 636860 69 56776 489767033 3305013 8945 7931 0 0 0
cpu23 1264413 320 51742 488744643 3705235 10132 5756 0 0 0
intr 3709264936 22 0 0 0 0 0 0 0 0 0 0 0 0 0 0 0 8 0 0 0 0 0 0 0 0 0 0 0 1 0 1 1 1 1 0 0 0 0 37 0 0 0 0 0 0 0 0 0 0 0 0 0 0 0 0 0 0 0 0 0 0 0 0 0 2865 1 165565925 157982773 162436882 382047707 61824 649619 103571 70272 166001 144697 50322 462453 79643 48243 33143 115753 39279 214698 54536 42616 52656 36793 39573 508280 130774 64784 38076 37844 29654 0 0 0 0 0 0 2 0 2 2 2 2 2 2 35 2 207 2 0 0 0 0 0 0 0 0 0 0 0 0 0 0 0 0 0 0 0 0 0 0 0 0 0 0 0 0 0 0 0 0 0 0 0 0 0 0 0 0 0 0 0 0 0 0 0 0 0 0 0 0 0 0 0 0 0 0 0 0 0 0 0 0 0 0 0 0 0 0 0 0 0 0 0 0 0 0 0 0 0 0 0 0 0 0 0 0 0 0 0 0 0 0 0 0 0 0 0 0 0 0 0 0 0 0 0 0 0 0 0 0 0 0 0 0 0 0 0 0 0 0 0 0 0 0 0 0 0 0 0 0 0 0 0 0 0 0 0 0 0 0 0 0 0 0 0 0 0 0 0 0 0 0 0 0 0 0 0 0 0 0 0 0 0 0 0 0 0 0 0 0 0 0 0 0 0 0 0 0 0 0 0 0 0 0 0 0 0 0 0 0 0 0 0 0 0 0 0 0 0 0 0 0 0 0 0 0 0 0 0 0 0 0 0 0 0 0 0 0 0 0 0 0 0 0 0 0 0 0 0 0 0 0 0 0 0 0 0 0 0 0 0 0 0 0 0 0 0 0 0 0 0 0 0 0 0 0 0 0 0 0 0 0 0 0 0 0 0 0 0 0 0 0 0 0 0 0 0 0 0 0 0 0 0 0 0 0 0 0 0 0 0 0 0 0 0 0 0 0 0 0 0 0 0 0 0 0 0 0 0 0 0 0 0 0 0 0 0 0 0 0 0 0 0 0 0 0 0 0 0 0 0 0 0 0 0 0 0 0 0 0 0 0 0 0 0 0 0 0 0 0 0 0 0 0 0 0 0 0 0 0 0 0 0 0 0 0 0 0 0 0 0 0 0 0 0 0 0 0 0 0 0 0 0 0 0 0 0 0 0 0 0 0 0 0 0 0 0 0 0 0 0 0 0 0 0 0 0 0 0 0 0 0 0 0 0 0 0 0 0 0 0 0 0 0 0 0 0 0 0 0 0 0 0 0 0 0 0 0 0 0 0 0 0 0 0 0 0 0 0 0 0 0 0 0 0 0 0 0 0 0 0 0 0 0 0 0 0 0 0 0 0 0 0 0 0 0 0 0 0 0 0 0 0 0 0 0 0 0 0 0 0 0 0 0 0 0 0 0 0 0 0 0 0 0 0 0 0 0 0 0 0 0 0 0 0 0 0 0 0 0 0 0 0 0 0 0 0 0 0 0 0 0 0 0 0 0 0 0 0 0 0 0 0 0 0 0 0 0 0 0 0 0 0 0 0 0 0 0 0 0 0 0 0 0 0 0 0 0 0 0 0 0 0 0 0 0 0 0 0 0 0 0 0 0 0 0 0 0 0 0 0 0 0 0 0 0 0 0 0 0 0 0 0 0 0 0 0 0 0 0 0 0 0 0 0 0 0 0 0 0 0 0 0 0 0 0 0 0 0 0 0 0 0 0 0 0 0 0 0 0 0 0 0 0 0 0 0 0 0 0 0 0 0 0 0 0 0 0 0 0 0 0 0 0 0 0 0 0 0 0 0 0 0 0 0 0 0 0 0 0 0 0 0 0 0 0 0 0 0 0 0 0 0 0 0 0 0 0 0 0 0 0 0 0 0 0 0 0 0 0 0 0 0 0 0 0 0 0 0 0 0 0 0 0 0 0 0 0 0 0 0 0 0 0 0 0 0 0 0 0 0 0 0 0 0 0 0 0 0 0 0 0 0 0 0 0 0 0 0 0 0 0 0 0 0 0 0 0 0 0 0 0 0 0 0 0 0 0 0 0 0 0 0 0 0 0 0 0 0 0 0 0 0 0 0 0 0 0 0 0 0 0 0 0 0 0 0 0 0 0 0 0 0 0 0 0 0 0 0 0 0 0 0 0 0 0 0 0 0 0 0 0 0 0 0 0 0 0 0 0 0 0 0 0 0 0 0 0 0 0 0 0 0 0 0 0 0 0 0 0 0 0 0 0 0 0 0 0 0 0 0 0 0 0 0 0 0 0 0 0 0 0 0 0 0 0 0 0 0 0 0 0 0 0 0 0 0 0 0 0 0 0 0 0 0 0 0 0 0 0 0 0 0 0 0 0 0 0 0 0 0 0 0 0 0 0 0 0 0 0 0 0 0 0 0 0 0 0 0 0 0 0 0 0 0 0 0 0 0 0 0 0 0 0 0 0 0 0 0 0 0 0 0 0 0 0 0 0 0 0 0 0 0 0 0 0 0 0 0 0 0 0 0 0 0 0 0 0 0 0 0 0 0 0 0 0 0 0 0 0 0 0 0 0 0 0 0 0 0 0 0 0 0 0 0 0 0 0 0 0 0 0 0 0 0 0 0 0 0 0 0 0 0 0 0 0 0 0 0 0 0 0 0 0 0
ctxt 3729742922
btime 1783935075
processes 5333803
procs_running 1
procs_blocked 0
softirq 2823943547 204 316121928 1629995 892997226 32768 0 7325973 906435830 256532 699143091

/proc/meminfo
MemTotal:       32273192 kB
MemFree:         4200420 kB
MemAvailable:   27931844 kB
Buffers:               0 kB
Cached:         21362372 kB
SwapCached:        21664 kB
Active:         22983580 kB
Inactive:         393196 kB
Active(anon):    2214896 kB
Inactive(anon):   134240 kB
Active(file):   20768684 kB
Inactive(file):   258956 kB
Unevictable:           0 kB
Mlocked:               0 kB
SwapTotal:      67108860 kB
SwapFree:       63595004 kB
Zswap:                 0 kB
Zswapped:              0 kB
Dirty:               260 kB
Writeback:             0 kB
AnonPages:       1966896 kB
Mapped:           395588 kB
Shmem:            335964 kB
KReclaimable:    3181196 kB
Slab:            3808232 kB
SReclaimable:    3181196 kB
SUnreclaim:       627036 kB
KernelStack:       34144 kB
PageTables:        34188 kB
SecPageTables:      4112 kB
NFS_Unstable:          0 kB
Bounce:                0 kB
WritebackTmp:          0 kB
CommitLimit:    83245456 kB
Committed_AS:   12345220 kB
VmallocTotal:   34359738367 kB
VmallocUsed:      229804 kB
VmallocChunk:          0 kB
Percpu:            21216 kB
HardwareCorrupted:     0 kB
AnonHugePages:   1120256 kB
ShmemHugePages:        0 kB
ShmemPmdMapped:        0 kB
FileHugePages:         0 kB
FilePmdMapped:         0 kB
CmaTotal:              0 kB
CmaFree:               0 kB
Unaccepted:            0 kB
HugePages_Total:       0
HugePages_Free:        0
HugePages_Rsvd:        0
HugePages_Surp:        0
Hugepagesize:       2048 kB
Hugetlb:               0 kB
DirectMap4k:      389980 kB
DirectMap2M:     5574656 kB
DirectMap1G:    27262976 kB

/sys/devices/system/cpu/cpu2/cpufreq/scaling_cur_freq 4499046

/sys/devices/system/cpu/cpu3/cpufreq/scaling_cur_freq 1200000

/sys/devices/system/cpu/cpu4/cpufreq/scaling_cur_freq 1199835

/sys/devices/system/cpu/cpu5/cpufreq/scaling_cur_freq 1200000

/sys/devices/system/cpu/cpu6/cpufreq/scaling_cur_freq 1200000

/sys/devices/system/cpu/cpu7/cpufreq/scaling_cur_freq 1200000

/sys/devices/system/cpu/cpu8/cpufreq/scaling_cur_freq 1200000

/sys/devices/system/cpu/cpu9/cpufreq/scaling_cur_freq 1200000

