unix_ns 1788873103512768370
/proc/loadavg
2.52 2.06 1.56 1/2113 130

/proc/stat
cpu  115976538 83897 3612601 11542814285 184938416 870208 1376837 0 0 0
cpu0 41120922 44 83882 448347442 3973953 71861 139261 0 0 0
cpu1 6997158 37155 719163 460877034 24655891 113580 154687 0 0 0
cpu2 5026615 303 157443 475283963 13210759 38575 27113 0 0 0
cpu3 4624116 97 86000 480307745 8702099 25263 14943 0 0 0
cpu4 5023336 1299 228283 471931263 16402626 49677 42952 0 0 0
cpu5 4966442 55 84596 480413356 8247697 27602 14742 0 0 0
cpu6 4819241 70 61131 484280631 4565113 22328 22776 0 0 0
cpu7 10193686 22039 631018 460853934 21779937 101870 70685 0 0 0
cpu8 4963906 125 110737 478717043 9881745 37321 36186 0 0 0
cpu9 4864027 55 66303 483887143 4909612 23403 16966 0 0 0
cpu10 4854710 38 62962 485455533 3306336 23767 70665 0 0 0
cpu11 4600466 519 193517 477075334 11672144 54765 95194 0 0 0
cpu12 1604664 15 45486 487747638 4340932 13622 19382 0 0 0
cpu13 2027412 10613 343212 484191495 7078606 32331 21950 0 0 0
cpu14 692952 221 51848 487970297 5012672 13206 12677 0 0 0
cpu15 926003 56 43124 488824885 3971982 9316 7121 0 0 0
cpu16 945616 283 51145 489502450 3264685 9574 5923 0 0 0
cpu17 569216 93 52575 489709569 3238046 42191 147017 0 0 0
cpu18 692394 30 57265 489460717 3440574 22292 99509 0 0 0
cpu19 3315965 10053 247656 482481180 7560033 46361 38378 0 0 0
cpu20 600043 202 52778 488256086 4708931 32863 55651 0 0 0
cpu21 646365 131 73946 488734495 4003784 39352 249359 0 0 0
cpu22 636860 69 56776 489763716 3305013 8945 7931 0 0 0
cpu23 1264413 320 51742 488741326 3705235 10132 5756 0 0 0
intr 3709170692 22 0 0 0 0 0 0 0 0 0 0 0 0 0 0 0 8 0 0 0 0 0 0 0 0 0 0 0 1 0 1 1 1 1 0 0 0 0 37 0 0 0 0 0 0 0 0 0 0 0 0 0 0 0 0 0 0 0 0 0 0 0 0 0 2865 1 165564801 157982414 162436056 382039844 61824 649618 103571 70271 166001 144691 50322 462453 79643 48243 33143 115753 39279 214698 54535 42616 52656 36793 39573 508278 130774 64783 38076 37844 29654 0 0 0 0 0 0 2 0 2 2 2 2 2 2 35 2 207 2 0 0 0 0 0 0 0 0 0 0 0 0 0 0 0 0 0 0 0 0 0 0 0 0 0 0 0 0 0 0 0 0 0 0 0 0 0 0 0 0 0 0 0 0 0 0 0 0 0 0 0 0 0 0 0 0 0 0 0 0 0 0 0 0 0 0 0 0 0 0 0 0 0 0 0 0 0 0 0 0 0 0 0 0 0 0 0 0 0 0 0 0 0 0 0 0 0 0 0 0 0 0 0 0 0 0 0 0 0 0 0 0 0 0 0 0 0 0 0 0 0 0 0 0 0 0 0 0 0 0 0 0 0 0 0 0 0 0 0 0 0 0 0 0 0 0 0 0 0 0 0 0 0 0 0 0 0 0 0 0 0 0 0 0 0 0 0 0 0 0 0 0 0 0 0 0 0 0 0 0 0 0 0 0 0 0 0 0 0 0 0 0 0 0 0 0 0 0 0 0 0 0 0 0 0 0 0 0 0 0 0 0 0 0 0 0 0 0 0 0 0 0 0 0 0 0 0 0 0 0 0 0 0 0 0 0 0 0 0 0 0 0 0 0 0 0 0 0 0 0 0 0 0 0 0 0 0 0 0 0 0 0 0 0 0 0 0 0 0 0 0 0 0 0 0 0 0 0 0 0 0 0 0 0 0 0 0 0 0 0 0 0 0 0 0 0 0 0 0 0 0 0 0 0 0 0 0 0 0 0 0 0 0 0 0 0 0 0 0 0 0 0 0 0 0 0 0 0 0 0 0 0 0 0 0 0 0 0 0 0 0 0 0 0 0 0 0 0 0 0 0 0 0 0 0 0 0 0 0 0 0 0 0 0 0 0 0 0 0 0 0 0 0 0 0 0 0 0 0 0 0 0 0 0 0 0 0 0 0 0 0 0 0 0 0 0 0 0 0 0 0 0 0 0 0 0 0 0 0 0 0 0 0 0 0 0 0 0 0 0 0 0 0 0 0 0 0 0 0 0 0 0 0 0 0 0 0 0 0 0 0 0 0 0 0 0 0 0 0 0 0 0 0 0 0 0 0 0 0 0 0 0 0 0 0 0 0 0 0 0 0 0 0 0 0 0 0 0 0 0 0 0 0 0 0 0 0 0 0 0 0 0 0 0 0 0 0 0 0 0 0 0 0 0 0 0 0 0 0 0 0 0 0 0 0 0 0 0 0 0 0 0 0 0 0 0 0 0 0 0 0 0 0 0 0 0 0 0 0 0 0 0 0 0 0 0 0 0 0 0 0 0 0 0 0 0 0 0 0 0 0 0 0 0 0 0 0 0 0 0 0 0 0 0 0 0 0 0 0 0 0 0 0 0 0 0 0 0 0 0 0 0 0 0 0 0 0 0 0 0 0 0 0 0 0 0 0 0 0 0 0 0 0 0 0 0 0 0 0 0 0 0 0 0 0 0 0 0 0 0 0 0 0 0 0 0 0 0 0 0 0 0 0 0 0 0 0 0 0 0 0 0 0 0 0 0 0 0 0 0 0 0 0 0 0 0 0 0 0 0 0 0 0 0 0 0 0 0 0 0 0 0 0 0 0 0 0 0 0 0 0 0 0 0 0 0 0 0 0 0 0 0 0 0 0 0 0 0 0 0 0 0 0 0 0 0 0 0 0 0 0 0 0 0 0 0 0 0 0 0 0 0 0 0 0 0 0 0 0 0 0 0 0 0 0 0 0 0 0 0 0 0 0 0 0 0 0 0 0 0 0 0 0 0 0 0 0 0 0 0 0 0 0 0 0 0 0 0 0 0 0 0 0 0 0 0 0 0 0 0 0 0 0 0 0 0 0 0 0 0 0 0 0 0 0 0 0 0 0 0 0 0 0 0 0 0 0 0 0 0 0 0 0 0 0 0 0 0 0 0 0 0 0 0 0 0 0 0 0 0 0 0 0 0 0 0 0 0 0 0 0 0 0 0 0 0 0 0 0 0 0 0 0 0 0 0 0 0 0 0 0 0 0 0 0 0 0 0 0 0 0 0 0 0 0 0 0 0 0 0 0 0 0 0 0 0 0 0 0 0 0 0 0 0 0 0 0 0 0 0 0 0 0 0 0 0 0 0 0 0 0 0 0 0 0 0 0 0 0 0 0 0 0 0 0 0 0 0 0 0 0 0 0 0 0 0 0 0 0 0 0 0 0 0 0 0 0 0 0 0 0 0 0 0 0 0 0 0 0 0 0 0 0 0 0 0 0 0 0 0 0 0 0 0 0 0 0 0 0 0 0 0 0 0 0 0 0 0 0 0 0 0 0 0 0 0 0 0 0 0 0 0 0 0 0 0 0 0 0 0 0 0 0 0 0 0 0 0 0 0 0 0 0 0 0 0 0 0 0 0 0 0 0 0 0 0 0
ctxt 3729677522
btime 1783935075
processes 5333751
procs_running 1
procs_blocked 0
softirq 2823894638 204 316118717 1629953 892986146 32768 0 7325599 906409666 256532 699135053

/proc/meminfo
MemTotal:       32273192 kB
MemFree:         4209400 kB
MemAvailable:   27908712 kB
Buffers:               0 kB
Cached:         21330380 kB
SwapCached:        21664 kB
Active:         22976916 kB
Inactive:         393188 kB
Active(anon):    2240240 kB
Inactive(anon):   134240 kB
Active(file):   20736676 kB
Inactive(file):   258948 kB
Unevictable:           0 kB
Mlocked:               0 kB
SwapTotal:      67108860 kB
SwapFree:       63595004 kB
Zswap:                 0 kB
Zswapped:              0 kB
Dirty:                 0 kB
Writeback:             0 kB
AnonPages:       1992256 kB
Mapped:           395564 kB
Shmem:            335960 kB
KReclaimable:    3181100 kB
Slab:            3808048 kB
SReclaimable:    3181100 kB
SUnreclaim:       626948 kB
KernelStack:       34208 kB
PageTables:        34240 kB
SecPageTables:      4112 kB
NFS_Unstable:          0 kB
Bounce:                0 kB
WritebackTmp:          0 kB
CommitLimit:    83245456 kB
Committed_AS:   12370736 kB
VmallocTotal:   34359738367 kB
VmallocUsed:      229852 kB
VmallocChunk:          0 kB
Percpu:            21216 kB
HardwareCorrupted:     0 kB
AnonHugePages:   1124352 kB
ShmemHugePages:        0 kB
ShmemPmdMapped:        0 kB
FileHugePages:         0 kB
FilePmdMapped:         0 kB
CmaTotal:              0 kB
CmaFree:               0 kB
Unaccepted:            0 kB
HugePages_Total:       0
HugePages_Free:        0
HugePages_Rsvd:        0
HugePages_Surp:        0
Hugepagesize:       2048 kB
Hugetlb:               0 kB
DirectMap4k:      389980 kB
DirectMap2M:     5574656 kB
DirectMap1G:    27262976 kB

/sys/devices/system/cpu/cpu2/cpufreq/scaling_cur_freq 1198693

/sys/devices/system/cpu/cpu3/cpufreq/scaling_cur_freq 1348943

/sys/devices/system/cpu/cpu4/cpufreq/scaling_cur_freq 1200000

/sys/devices/system/cpu/cpu5/cpufreq/scaling_cur_freq 1200000

/sys/devices/system/cpu/cpu6/cpufreq/scaling_cur_freq 1200000

/sys/devices/system/cpu/cpu7/cpufreq/scaling_cur_freq 1200000

/sys/devices/system/cpu/cpu8/cpufreq/scaling_cur_freq 1200000

/sys/devices/system/cpu/cpu9/cpufreq/scaling_cur_freq 1200000

