unix_ns 1788873025898412660
/proc/loadavg
2.80 1.95 1.48 1/2110 79

/proc/stat
cpu  115961568 83897 3612304 11542643611 184938204 870170 1376788 0 0 0
cpu0 41119652 44 83649 448341370 3973801 71858 139237 0 0 0
cpu1 6997147 37155 719159 460869303 24655889 113578 154681 0 0 0
cpu2 5020976 303 157440 475281856 13210757 38564 27112 0 0 0
cpu3 4621352 97 85998 480302755 8702099 25257 14943 0 0 0
cpu4 5021564 1299 228281 471925296 16402612 49673 42951 0 0 0
cpu5 4964696 55 84595 480407349 8247693 27599 14742 0 0 0
cpu6 4818824 70 61129 484273292 4565111 22327 22776 0 0 0
cpu7 10193269 22039 631016 460846618 21779914 101868 70685 0 0 0
cpu8 4963490 125 110735 478709702 9881743 37320 36186 0 0 0
cpu9 4863612 55 66302 483879799 4909612 23402 16966 0 0 0
cpu10 4854707 38 62960 485447784 3306331 23767 70665 0 0 0
cpu11 4600463 519 193509 477067588 11672144 54764 95192 0 0 0
cpu12 1604662 15 45484 487739880 4340932 13622 19382 0 0 0
cpu13 2027404 10613 343207 484183749 7078606 32331 21950 0 0 0
cpu14 692951 221 51847 487962539 5012672 13206 12677 0 0 0
cpu15 926001 56 43123 488817132 3971976 9316 7121 0 0 0
cpu16 945613 283 51144 489494694 3264685 9573 5923 0 0 0
cpu17 569214 93 52575 489701811 3238046 42190 147017 0 0 0
cpu18 692392 30 57263 489452961 3440571 22292 99509 0 0 0
cpu19 3315907 10053 247646 482473490 7560033 46361 38378 0 0 0
cpu20 600042 202 52778 488248326 4708931 32863 55651 0 0 0
cpu21 646360 131 73943 488726758 4003784 39351 249347 0 0 0
cpu22 636845 69 56770 489755980 3305013 8944 7930 0 0 0
cpu23 1264413 320 51741 488733568 3705235 10131 5756 0 0 0
intr 3708955512 22 0 0 0 0 0 0 0 0 0 0 0 0 0 0 0 8 0 0 0 0 0 0 0 0 0 0 0 1 0 1 1 1 1 0 0 0 0 37 0 0 0 0 0 0 0 0 0 0 0 0 0 0 0 0 0 0 0 0 0 0 0 0 0 2865 1 165563980 157978281 162435446 382026124 61824 649615 103571 70271 166000 144685 50322 462453 79643 48243 33143 115753 39277 214698 54535 42616 52656 36792 39573 508272 130774 64768 38075 37839 29654 0 0 0 0 0 0 2 0 2 2 2 2 2 2 35 2 207 2 0 0 0 0 0 0 0 0 0 0 0 0 0 0 0 0 0 0 0 0 0 0 0 0 0 0 0 0 0 0 0 0 0 0 0 0 0 0 0 0 0 0 0 0 0 0 0 0 0 0 0 0 0 0 0 0 0 0 0 0 0 0 0 0 0 0 0 0 0 0 0 0 0 0 0 0 0 0 0 0 0 0 0 0 0 0 0 0 0 0 0 0 0 0 0 0 0 0 0 0 0 0 0 0 0 0 0 0 0 0 0 0 0 0 0 0 0 0 0 0 0 0 0 0 0 0 0 0 0 0 0 0 0 0 0 0 0 0 0 0 0 0 0 0 0 0 0 0 0 0 0 0 0 0 0 0 0 0 0 0 0 0 0 0 0 0 0 0 0 0 0 0 0 0 0 0 0 0 0 0 0 0 0 0 0 0 0 0 0 0 0 0 0 0 0 0 0 0 0 0 0 0 0 0 0 0 0 0 0 0 0 0 0 0 0 0 0 0 0 0 0 0 0 0 0 0 0 0 0 0 0 0 0 0 0 0 0 0 0 0 0 0 0 0 0 0 0 0 0 0 0 0 0 0 0 0 0 0 0 0 0 0 0 0 0 0 0 0 0 0 0 0 0 0 0 0 0 0 0 0 0 0 0 0 0 0 0 0 0 0 0 0 0 0 0 0 0 0 0 0 0 0 0 0 0 0 0 0 0 0 0 0 0 0 0 0 0 0 0 0 0 0 0 0 0 0 0 0 0 0 0 0 0 0 0 0 0 0 0 0 0 0 0 0 0 0 0 0 0 0 0 0 0 0 0 0 0 0 0 0 0 0 0 0 0 0 0 0 0 0 0 0 0 0 0 0 0 0 0 0 0 0 0 0 0 0 0 0 0 0 0 0 0 0 0 0 0 0 0 0 0 0 0 0 0 0 0 0 0 0 0 0 0 0 0 0 0 0 0 0 0 0 0 0 0 0 0 0 0 0 0 0 0 0 0 0 0 0 0 0 0 0 0 0 0 0 0 0 0 0 0 0 0 0 0 0 0 0 0 0 0 0 0 0 0 0 0 0 0 0 0 0 0 0 0 0 0 0 0 0 0 0 0 0 0 0 0 0 0 0 0 0 0 0 0 0 0 0 0 0 0 0 0 0 0 0 0 0 0 0 0 0 0 0 0 0 0 0 0 0 0 0 0 0 0 0 0 0 0 0 0 0 0 0 0 0 0 0 0 0 0 0 0 0 0 0 0 0 0 0 0 0 0 0 0 0 0 0 0 0 0 0 0 0 0 0 0 0 0 0 0 0 0 0 0 0 0 0 0 0 0 0 0 0 0 0 0 0 0 0 0 0 0 0 0 0 0 0 0 0 0 0 0 0 0 0 0 0 0 0 0 0 0 0 0 0 0 0 0 0 0 0 0 0 0 0 0 0 0 0 0 0 0 0 0 0 0 0 0 0 0 0 0 0 0 0 0 0 0 0 0 0 0 0 0 0 0 0 0 0 0 0 0 0 0 0 0 0 0 0 0 0 0 0 0 0 0 0 0 0 0 0 0 0 0 0 0 0 0 0 0 0 0 0 0 0 0 0 0 0 0 0 0 0 0 0 0 0 0 0 0 0 0 0 0 0 0 0 0 0 0 0 0 0 0 0 0 0 0 0 0 0 0 0 0 0 0 0 0 0 0 0 0 0 0 0 0 0 0 0 0 0 0 0 0 0 0 0 0 0 0 0 0 0 0 0 0 0 0 0 0 0 0 0 0 0 0 0 0 0 0 0 0 0 0 0 0 0 0 0 0 0 0 0 0 0 0 0 0 0 0 0 0 0 0 0 0 0 0 0 0 0 0 0 0 0 0 0 0 0 0 0 0 0 0 0 0 0 0 0 0 0 0 0 0 0 0 0 0 0 0 0 0 0 0 0 0 0 0 0 0 0 0 0 0 0 0 0 0 0 0 0 0 0 0 0 0 0 0 0 0 0 0 0 0 0 0 0 0 0 0 0 0 0 0 0 0 0 0 0 0 0 0 0 0 0 0 0 0 0 0 0 0 0 0 0 0 0 0 0 0 0 0 0 0 0 0 0 0 0 0 0 0 0 0 0 0 0 0 0 0 0 0 0 0 0 0 0 0 0 0 0 0 0 0 0 0 0 0 0 0 0 0 0 0 0 0 0 0 0 0 0 0 0 0 0 0 0 0 0 0 0 0 0 0 0 0 0 0 0 0 0 0 0 0 0 0 0 0 0 0 0 0 0 0 0 0 0 0 0 0 0 0 0 0 0 0 0 0 0 0 0 0 0 0 0 0 0 0 0 0 0 0 0 0 0 0 0 0 0 0 0 0 0 0 0 0 0 0 0 0 0 0 0 0 0 0
ctxt 3729571458
btime 1783935075
processes 5333645
procs_running 1
procs_blocked 0
softirq 2823792720 204 316112588 1629107 892966510 32768 0 7324465 906350842 256532 699119704

/proc/meminfo
MemTotal:       32273192 kB
MemFree:         4326100 kB
MemAvailable:   27948240 kB
Buffers:               0 kB
Cached:         21253428 kB
SwapCached:        21664 kB
Active:         22857572 kB
Inactive:         393176 kB
Active(anon):    2197800 kB
Inactive(anon):   134240 kB
Active(file):   20659772 kB
Inactive(file):   258936 kB
Unevictable:           0 kB
Mlocked:               0 kB
SwapTotal:      67108860 kB
SwapFree:       63595004 kB
Zswap:                 0 kB
Zswapped:              0 kB
Dirty:               124 kB
Writeback:             0 kB
AnonPages:       1950348 kB
Mapped:           395544 kB
Shmem:            335960 kB
KReclaimable:    3180844 kB
Slab:            3807916 kB
SReclaimable:    3180844 kB
SUnreclaim:       627072 kB
KernelStack:       34128 kB
PageTables:        34164 kB
SecPageTables:      4112 kB
NFS_Unstable:          0 kB
Bounce:                0 kB
WritebackTmp:          0 kB
CommitLimit:    83245456 kB
Committed_AS:   12311868 kB
VmallocTotal:   34359738367 kB
VmallocUsed:      229772 kB
VmallocChunk:          0 kB
Percpu:            21216 kB
HardwareCorrupted:     0 kB
AnonHugePages:   1114112 kB
ShmemHugePages:        0 kB
ShmemPmdMapped:        0 kB
FileHugePages:         0 kB
FilePmdMapped:         0 kB
CmaTotal:              0 kB
CmaFree:               0 kB
Unaccepted:            0 kB
HugePages_Total:       0
HugePages_Free:        0
HugePages_Rsvd:        0
HugePages_Surp:        0
Hugepagesize:       2048 kB
Hugetlb:               0 kB
DirectMap4k:      389980 kB
DirectMap2M:     5574656 kB
DirectMap1G:    27262976 kB

/sys/devices/system/cpu/cpu2/cpufreq/scaling_cur_freq 1200000

/sys/devices/system/cpu/cpu3/cpufreq/scaling_cur_freq 1200000

/sys/devices/system/cpu/cpu4/cpufreq/scaling_cur_freq 1200000

/sys/devices/system/cpu/cpu5/cpufreq/scaling_cur_freq 1200000

/sys/devices/system/cpu/cpu6/cpufreq/scaling_cur_freq 1200000

/sys/devices/system/cpu/cpu7/cpufreq/scaling_cur_freq 1200000

/sys/devices/system/cpu/cpu8/cpufreq/scaling_cur_freq 1200000

/sys/devices/system/cpu/cpu9/cpufreq/scaling_cur_freq 1200000

