unix_ns 1788872929431589261
/proc/loadavg
2.20 1.50 1.29 1/2109 19

/proc/stat
cpu  115944070 83897 3611893 11542430373 184937984 870124 1376723 0 0 0
cpu0 41118061 44 83354 448333814 3973643 71854 139205 0 0 0
cpu1 6997106 37155 719150 460859731 24655878 113577 154673 0 0 0
cpu2 5013814 303 157436 475279390 13210757 38550 27112 0 0 0
cpu3 4618095 97 85996 480296376 8702096 25251 14943 0 0 0
cpu4 5020307 1299 228273 471916925 16402609 49670 42949 0 0 0
cpu5 4963456 55 84589 480398955 8247691 27596 14742 0 0 0
cpu6 4818120 70 61128 484264357 4565109 22325 22776 0 0 0
cpu7 10192546 22039 631000 460837726 21779903 101866 70684 0 0 0
cpu8 4962786 125 110733 478700763 9881743 37318 36185 0 0 0
cpu9 4862911 55 66301 483870857 4909612 23401 16966 0 0 0
cpu10 4854701 38 62957 485438160 3306319 23766 70665 0 0 0
cpu11 4600452 519 193492 477057974 11672143 54763 95190 0 0 0
cpu12 1604655 15 45479 487730249 4340931 13622 19381 0 0 0
cpu13 2027389 10613 343202 484174128 7078606 32330 21950 0 0 0
cpu14 692946 221 51845 487952902 5012672 13205 12677 0 0 0
cpu15 926000 56 43121 488807495 3971970 9316 7121 0 0 0
cpu16 945608 283 51142 489485055 3264685 9573 5923 0 0 0
cpu17 569212 93 52573 489692174 3238042 42190 147016 0 0 0
cpu18 692390 30 57262 489443319 3440571 22292 99509 0 0 0
cpu19 3315890 10053 247641 482463868 7560033 46360 38378 0 0 0
cpu20 600042 202 52774 488238686 4708931 32863 55651 0 0 0
cpu21 646351 131 73935 488717152 4003779 39349 249331 0 0 0
cpu22 636836 69 56764 489746349 3305013 8944 7930 0 0 0
cpu23 1264385 320 51734 488723958 3705235 10131 5756 0 0 0
intr 3708681140 22 0 0 0 0 0 0 0 0 0 0 0 0 0 0 0 8 0 0 0 0 0 0 0 0 0 0 0 1 0 1 1 1 1 0 0 0 0 37 0 0 0 0 0 0 0 0 0 0 0 0 0 0 0 0 0 0 0 0 0 0 0 0 0 2865 1 165555433 157975707 162433607 382013540 61824 649587 103571 70271 165999 144670 50322 462453 79643 48243 33143 115753 39277 214698 54535 42616 52656 36792 39573 508260 130773 64760 38073 37839 29654 0 0 0 0 0 0 2 0 2 2 2 2 2 2 35 2 207 2 0 0 0 0 0 0 0 0 0 0 0 0 0 0 0 0 0 0 0 0 0 0 0 0 0 0 0 0 0 0 0 0 0 0 0 0 0 0 0 0 0 0 0 0 0 0 0 0 0 0 0 0 0 0 0 0 0 0 0 0 0 0 0 0 0 0 0 0 0 0 0 0 0 0 0 0 0 0 0 0 0 0 0 0 0 0 0 0 0 0 0 0 0 0 0 0 0 0 0 0 0 0 0 0 0 0 0 0 0 0 0 0 0 0 0 0 0 0 0 0 0 0 0 0 0 0 0 0 0 0 0 0 0 0 0 0 0 0 0 0 0 0 0 0 0 0 0 0 0 0 0 0 0 0 0 0 0 0 0 0 0 0 0 0 0 0 0 0 0 0 0 0 0 0 0 0 0 0 0 0 0 0 0 0 0 0 0 0 0 0 0 0 0 0 0 0 0 0 0 0 0 0 0 0 0 0 0 0 0 0 0 0 0 0 0 0 0 0 0 0 0 0 0 0 0 0 0 0 0 0 0 0 0 0 0 0 0 0 0 0 0 0 0 0 0 0 0 0 0 0 0 0 0 0 0 0 0 0 0 0 0 0 0 0 0 0 0 0 0 0 0 0 0 0 0 0 0 0 0 0 0 0 0 0 0 0 0 0 0 0 0 0 0 0 0 0 0 0 0 0 0 0 0 0 0 0 0 0 0 0 0 0 0 0 0 0 0 0 0 0 0 0 0 0 0 0 0 0 0 0 0 0 0 0 0 0 0 0 0 0 0 0 0 0 0 0 0 0 0 0 0 0 0 0 0 0 0 0 0 0 0 0 0 0 0 0 0 0 0 0 0 0 0 0 0 0 0 0 0 0 0 0 0 0 0 0 0 0 0 0 0 0 0 0 0 0 0 0 0 0 0 0 0 0 0 0 0 0 0 0 0 0 0 0 0 0 0 0 0 0 0 0 0 0 0 0 0 0 0 0 0 0 0 0 0 0 0 0 0 0 0 0 0 0 0 0 0 0 0 0 0 0 0 0 0 0 0 0 0 0 0 0 0 0 0 0 0 0 0 0 0 0 0 0 0 0 0 0 0 0 0 0 0 0 0 0 0 0 0 0 0 0 0 0 0 0 0 0 0 0 0 0 0 0 0 0 0 0 0 0 0 0 0 0 0 0 0 0 0 0 0 0 0 0 0 0 0 0 0 0 0 0 0 0 0 0 0 0 0 0 0 0 0 0 0 0 0 0 0 0 0 0 0 0 0 0 0 0 0 0 0 0 0 0 0 0 0 0 0 0 0 0 0 0 0 0 0 0 0 0 0 0 0 0 0 0 0 0 0 0 0 0 0 0 0 0 0 0 0 0 0 0 0 0 0 0 0 0 0 0 0 0 0 0 0 0 0 0 0 0 0 0 0 0 0 0 0 0 0 0 0 0 0 0 0 0 0 0 0 0 0 0 0 0 0 0 0 0 0 0 0 0 0 0 0 0 0 0 0 0 0 0 0 0 0 0 0 0 0 0 0 0 0 0 0 0 0 0 0 0 0 0 0 0 0 0 0 0 0 0 0 0 0 0 0 0 0 0 0 0 0 0 0 0 0 0 0 0 0 0 0 0 0 0 0 0 0 0 0 0 0 0 0 0 0 0 0 0 0 0 0 0 0 0 0 0 0 0 0 0 0 0 0 0 0 0 0 0 0 0 0 0 0 0 0 0 0 0 0 0 0 0 0 0 0 0 0 0 0 0 0 0 0 0 0 0 0 0 0 0 0 0 0 0 0 0 0 0 0 0 0 0 0 0 0 0 0 0 0 0 0 0 0 0 0 0 0 0 0 0 0 0 0 0 0 0 0 0 0 0 0 0 0 0 0 0 0 0 0 0 0 0 0 0 0 0 0 0 0 0 0 0 0 0 0 0 0 0 0 0 0 0 0 0 0 0 0 0 0 0 0 0 0 0 0 0 0 0 0 0 0 0 0 0 0 0 0 0 0 0 0 0 0 0 0 0 0 0 0 0 0 0 0 0 0 0 0 0 0 0 0 0 0 0 0 0 0 0 0 0 0 0 0 0 0 0 0 0 0 0 0 0 0 0 0 0 0 0 0 0 0 0 0 0 0 0 0 0 0 0 0 0 0 0 0 0 0 0 0 0 0 0 0 0 0 0 0 0 0 0 0 0 0 0 0 0 0 0 0 0 0 0 0 0 0 0 0 0 0 0 0 0 0 0 0 0 0 0 0 0 0 0 0 0 0 0 0 0 0 0 0 0 0 0 0 0 0 0 0 0 0 0 0 0 0 0 0 0 0 0 0 0 0 0 0 0 0 0 0 0 0 0 0 0 0 0 0 0 0 0 0 0 0 0 0 0 0
ctxt 3729411526
btime 1783935075
processes 5333434
procs_running 1
procs_blocked 0
softirq 2823642755 204 316103568 1628995 892938656 32768 0 7323990 906266576 256532 699091466

/proc/meminfo
MemTotal:       32273192 kB
MemFree:         4469252 kB
MemAvailable:   27995140 kB
Buffers:               0 kB
Cached:         21157620 kB
SwapCached:        21664 kB
Active:         22705188 kB
Inactive:         393152 kB
Active(anon):    2141196 kB
Inactive(anon):   134240 kB
Active(file):   20563992 kB
Inactive(file):   258912 kB
Unevictable:           0 kB
Mlocked:               0 kB
SwapTotal:      67108860 kB
SwapFree:       63595004 kB
Zswap:                 0 kB
Zswapped:              0 kB
Dirty:               528 kB
Writeback:           260 kB
AnonPages:       1893780 kB
Mapped:           395488 kB
Shmem:            335956 kB
KReclaimable:    3180396 kB
Slab:            3807444 kB
SReclaimable:    3180396 kB
SUnreclaim:       627048 kB
KernelStack:       34112 kB
PageTables:        34040 kB
SecPageTables:      4112 kB
NFS_Unstable:          0 kB
Bounce:                0 kB
WritebackTmp:          0 kB
CommitLimit:    83245456 kB
Committed_AS:   12254888 kB
VmallocTotal:   34359738367 kB
VmallocUsed:      229836 kB
VmallocChunk:          0 kB
Percpu:            21216 kB
HardwareCorrupted:     0 kB
AnonHugePages:   1101824 kB
ShmemHugePages:        0 kB
ShmemPmdMapped:        0 kB
FileHugePages:         0 kB
FilePmdMapped:         0 kB
CmaTotal:              0 kB
CmaFree:               0 kB
Unaccepted:            0 kB
HugePages_Total:       0
HugePages_Free:        0
HugePages_Rsvd:        0
HugePages_Surp:        0
Hugepagesize:       2048 kB
Hugetlb:               0 kB
DirectMap4k:      389980 kB
DirectMap2M:     5574656 kB
DirectMap1G:    27262976 kB

/sys/devices/system/cpu/cpu2/cpufreq/scaling_cur_freq 1200000

/sys/devices/system/cpu/cpu3/cpufreq/scaling_cur_freq 1200000

/sys/devices/system/cpu/cpu4/cpufreq/scaling_cur_freq 1200000

/sys/devices/system/cpu/cpu5/cpufreq/scaling_cur_freq 1200000

/sys/devices/system/cpu/cpu6/cpufreq/scaling_cur_freq 1200000

/sys/devices/system/cpu/cpu7/cpufreq/scaling_cur_freq 1200000

/sys/devices/system/cpu/cpu8/cpufreq/scaling_cur_freq 1200203

/sys/devices/system/cpu/cpu9/cpufreq/scaling_cur_freq 1200000

