unix_ns 1788872921072750684
/proc/loadavg
2.15 1.47 1.28 1/2111 17

/proc/stat
cpu  115942864 83897 3611850 11542411602 184937954 870121 1376718 0 0 0
cpu0 41117848 44 83316 448333251 3973624 71853 139203 0 0 0
cpu1 6997100 37155 719149 460858907 24655874 113577 154672 0 0 0
cpu2 5013326 303 157436 475279044 13210756 38550 27111 0 0 0
cpu3 4617609 97 85996 480296028 8702096 25250 14942 0 0 0
cpu4 5020307 1299 228272 471916091 16402609 49669 42949 0 0 0
cpu5 4963456 55 84589 480398120 8247691 27596 14742 0 0 0
cpu6 4818119 70 61128 484263521 4565109 22325 22776 0 0 0
cpu7 10192545 22039 630999 460836899 21779898 101866 70684 0 0 0
cpu8 4962786 125 110733 478699928 9881743 37318 36185 0 0 0
cpu9 4862911 55 66301 483870022 4909612 23401 16966 0 0 0
cpu10 4854700 38 62957 485437325 3306319 23766 70665 0 0 0
cpu11 4600452 519 193492 477057138 11672143 54763 95190 0 0 0
cpu12 1604653 15 45479 487729416 4340930 13622 19381 0 0 0
cpu13 2027388 10613 343202 484173293 7078606 32330 21950 0 0 0
cpu14 692946 221 51845 487952067 5012672 13205 12677 0 0 0
cpu15 926000 56 43121 488806659 3971970 9316 7121 0 0 0
cpu16 945608 283 51142 489484219 3264685 9573 5923 0 0 0
cpu17 569212 93 52573 489691339 3238042 42190 147016 0 0 0
cpu18 692390 30 57262 489442483 3440571 22292 99509 0 0 0
cpu19 3315890 10053 247641 482463032 7560033 46360 38378 0 0 0
cpu20 600042 202 52774 488237850 4708931 32863 55651 0 0 0
cpu21 646345 131 73934 488716323 4003779 39349 249329 0 0 0
cpu22 636836 69 56763 489745514 3305013 8943 7930 0 0 0
cpu23 1264384 320 51734 488723123 3705235 10131 5756 0 0 0
intr 3708660263 22 0 0 0 0 0 0 0 0 0 0 0 0 0 0 0 8 0 0 0 0 0 0 0 0 0 0 0 1 0 1 1 1 1 0 0 0 0 37 0 0 0 0 0 0 0 0 0 0 0 0 0 0 0 0 0 0 0 0 0 0 0 0 0 2865 1 165554111 157975611 162433395 382012124 61824 649587 103571 70271 165999 144670 50322 462453 79643 48243 33143 115753 39277 214698 54535 42616 52656 36792 39573 508260 130773 64760 38073 37839 29654 0 0 0 0 0 0 2 0 2 2 2 2 2 2 35 2 207 2 0 0 0 0 0 0 0 0 0 0 0 0 0 0 0 0 0 0 0 0 0 0 0 0 0 0 0 0 0 0 0 0 0 0 0 0 0 0 0 0 0 0 0 0 0 0 0 0 0 0 0 0 0 0 0 0 0 0 0 0 0 0 0 0 0 0 0 0 0 0 0 0 0 0 0 0 0 0 0 0 0 0 0 0 0 0 0 0 0 0 0 0 0 0 0 0 0 0 0 0 0 0 0 0 0 0 0 0 0 0 0 0 0 0 0 0 0 0 0 0 0 0 0 0 0 0 0 0 0 0 0 0 0 0 0 0 0 0 0 0 0 0 0 0 0 0 0 0 0 0 0 0 0 0 0 0 0 0 0 0 0 0 0 0 0 0 0 0 0 0 0 0 0 0 0 0 0 0 0 0 0 0 0 0 0 0 0 0 0 0 0 0 0 0 0 0 0 0 0 0 0 0 0 0 0 0 0 0 0 0 0 0 0 0 0 0 0 0 0 0 0 0 0 0 0 0 0 0 0 0 0 0 0 0 0 0 0 0 0 0 0 0 0 0 0 0 0 0 0 0 0 0 0 0 0 0 0 0 0 0 0 0 0 0 0 0 0 0 0 0 0 0 0 0 0 0 0 0 0 0 0 0 0 0 0 0 0 0 0 0 0 0 0 0 0 0 0 0 0 0 0 0 0 0 0 0 0 0 0 0 0 0 0 0 0 0 0 0 0 0 0 0 0 0 0 0 0 0 0 0 0 0 0 0 0 0 0 0 0 0 0 0 0 0 0 0 0 0 0 0 0 0 0 0 0 0 0 0 0 0 0 0 0 0 0 0 0 0 0 0 0 0 0 0 0 0 0 0 0 0 0 0 0 0 0 0 0 0 0 0 0 0 0 0 0 0 0 0 0 0 0 0 0 0 0 0 0 0 0 0 0 0 0 0 0 0 0 0 0 0 0 0 0 0 0 0 0 0 0 0 0 0 0 0 0 0 0 0 0 0 0 0 0 0 0 0 0 0 0 0 0 0 0 0 0 0 0 0 0 0 0 0 0 0 0 0 0 0 0 0 0 0 0 0 0 0 0 0 0 0 0 0 0 0 0 0 0 0 0 0 0 0 0 0 0 0 0 0 0 0 0 0 0 0 0 0 0 0 0 0 0 0 0 0 0 0 0 0 0 0 0 0 0 0 0 0 0 0 0 0 0 0 0 0 0 0 0 0 0 0 0 0 0 0 0 0 0 0 0 0 0 0 0 0 0 0 0 0 0 0 0 0 0 0 0 0 0 0 0 0 0 0 0 0 0 0 0 0 0 0 0 0 0 0 0 0 0 0 0 0 0 0 0 0 0 0 0 0 0 0 0 0 0 0 0 0 0 0 0 0 0 0 0 0 0 0 0 0 0 0 0 0 0 0 0 0 0 0 0 0 0 0 0 0 0 0 0 0 0 0 0 0 0 0 0 0 0 0 0 0 0 0 0 0 0 0 0 0 0 0 0 0 0 0 0 0 0 0 0 0 0 0 0 0 0 0 0 0 0 0 0 0 0 0 0 0 0 0 0 0 0 0 0 0 0 0 0 0 0 0 0 0 0 0 0 0 0 0 0 0 0 0 0 0 0 0 0 0 0 0 0 0 0 0 0 0 0 0 0 0 0 0 0 0 0 0 0 0 0 0 0 0 0 0 0 0 0 0 0 0 0 0 0 0 0 0 0 0 0 0 0 0 0 0 0 0 0 0 0 0 0 0 0 0 0 0 0 0 0 0 0 0 0 0 0 0 0 0 0 0 0 0 0 0 0 0 0 0 0 0 0 0 0 0 0 0 0 0 0 0 0 0 0 0 0 0 0 0 0 0 0 0 0 0 0 0 0 0 0 0 0 0 0 0 0 0 0 0 0 0 0 0 0 0 0 0 0 0 0 0 0 0 0 0 0 0 0 0 0 0 0 0 0 0 0 0 0 0 0 0 0 0 0 0 0 0 0 0 0 0 0 0 0 0 0 0 0 0 0 0 0 0 0 0 0 0 0 0 0 0 0 0 0 0 0 0 0 0 0 0 0 0 0 0 0 0 0 0 0 0 0 0 0 0 0 0 0 0 0 0 0 0 0 0 0 0 0 0 0 0 0 0 0 0 0 0 0 0 0 0 0 0 0 0 0 0 0 0 0 0 0 0 0 0 0 0 0 0 0 0 0 0 0 0 0 0 0 0 0 0 0 0 0 0 0 0 0 0 0 0 0 0 0 0 0 0 0 0 0 0 0 0 0 0 0 0 0 0 0 0 0 0 0 0 0 0 0 0 0 0 0 0 0 0 0 0 0 0 0 0 0 0 0 0 0 0 0 0 0 0 0 0 0 0 0 0 0
ctxt 3729399508
btime 1783935075
processes 5333429
procs_running 1
procs_blocked 0
softirq 2823630665 204 316102790 1628972 892935494 32768 0 7323952 906260575 256532 699089378

/proc/meminfo
MemTotal:       32273192 kB
MemFree:         4455284 kB
MemAvailable:   27968284 kB
Buffers:               0 kB
Cached:         21144764 kB
SwapCached:        21664 kB
Active:         22718400 kB
Inactive:         393152 kB
Active(anon):    2167264 kB
Inactive(anon):   134240 kB
Active(file):   20551136 kB
Inactive(file):   258912 kB
Unevictable:           0 kB
Mlocked:               0 kB
SwapTotal:      67108860 kB
SwapFree:       63595004 kB
Zswap:                 0 kB
Zswapped:              0 kB
Dirty:               124 kB
Writeback:             0 kB
AnonPages:       1919896 kB
Mapped:           395488 kB
Shmem:            335956 kB
KReclaimable:    3180364 kB
Slab:            3807400 kB
SReclaimable:    3180364 kB
SUnreclaim:       627036 kB
KernelStack:       34160 kB
PageTables:        34096 kB
SecPageTables:      4112 kB
NFS_Unstable:          0 kB
Bounce:                0 kB
WritebackTmp:          0 kB
CommitLimit:    83245456 kB
Committed_AS:   12281388 kB
VmallocTotal:   34359738367 kB
VmallocUsed:      229868 kB
VmallocChunk:          0 kB
Percpu:            21216 kB
HardwareCorrupted:     0 kB
AnonHugePages:   1112064 kB
ShmemHugePages:        0 kB
ShmemPmdMapped:        0 kB
FileHugePages:         0 kB
FilePmdMapped:         0 kB
CmaTotal:              0 kB
CmaFree:               0 kB
Unaccepted:            0 kB
HugePages_Total:       0
HugePages_Free:        0
HugePages_Rsvd:        0
HugePages_Surp:        0
Hugepagesize:       2048 kB
Hugetlb:               0 kB
DirectMap4k:      389980 kB
DirectMap2M:     5574656 kB
DirectMap1G:    27262976 kB

/sys/devices/system/cpu/cpu2/cpufreq/scaling_cur_freq 1200000

/sys/devices/system/cpu/cpu3/cpufreq/scaling_cur_freq 1200000

/sys/devices/system/cpu/cpu4/cpufreq/scaling_cur_freq 4154943

/sys/devices/system/cpu/cpu5/cpufreq/scaling_cur_freq 1200000

/sys/devices/system/cpu/cpu6/cpufreq/scaling_cur_freq 1200000

/sys/devices/system/cpu/cpu7/cpufreq/scaling_cur_freq 1200000

/sys/devices/system/cpu/cpu8/cpufreq/scaling_cur_freq 3557332

/sys/devices/system/cpu/cpu9/cpufreq/scaling_cur_freq 1200000

