unix_ns 1788872922817673537
/proc/loadavg
2.15 1.47 1.28 1/2111 17

/proc/stat
cpu  115942977 83897 3611871 11542415639 184937969 870121 1376719 0 0 0
cpu0 41117955 44 83335 448333289 3973633 71853 139203 0 0 0
cpu1 6997102 37155 719149 460859077 24655876 113577 154673 0 0 0
cpu2 5013326 303 157436 475279217 13210757 38550 27112 0 0 0
cpu3 4617609 97 85996 480296202 8702096 25250 14942 0 0 0
cpu4 5020307 1299 228272 471916265 16402609 49669 42949 0 0 0
cpu5 4963456 55 84589 480398295 8247691 27596 14742 0 0 0
cpu6 4818119 70 61128 484263695 4565109 22325 22776 0 0 0
cpu7 10192545 22039 630999 460837070 21779901 101866 70684 0 0 0
cpu8 4962786 125 110733 478700102 9881743 37318 36185 0 0 0
cpu9 4862911 55 66301 483870196 4909612 23401 16966 0 0 0
cpu10 4854700 38 62957 485437499 3306319 23766 70665 0 0 0
cpu11 4600452 519 193492 477057313 11672143 54763 95190 0 0 0
cpu12 1604655 15 45479 487729589 4340930 13622 19381 0 0 0
cpu13 2027388 10613 343202 484173467 7078606 32330 21950 0 0 0
cpu14 692946 221 51845 487952241 5012672 13205 12677 0 0 0
cpu15 926000 56 43121 488806833 3971970 9316 7121 0 0 0
cpu16 945608 283 51142 489484393 3264685 9573 5923 0 0 0
cpu17 569212 93 52573 489691513 3238042 42190 147016 0 0 0
cpu18 692390 30 57262 489442657 3440571 22292 99509 0 0 0
cpu19 3315890 10053 247641 482463206 7560033 46360 38378 0 0 0
cpu20 600042 202 52774 488238024 4708931 32863 55651 0 0 0
cpu21 646346 131 73934 488716495 4003779 39349 249330 0 0 0
cpu22 636836 69 56763 489745689 3305013 8943 7930 0 0 0
cpu23 1264384 320 51734 488723297 3705235 10131 5756 0 0 0
intr 3708664477 22 0 0 0 0 0 0 0 0 0 0 0 0 0 0 0 8 0 0 0 0 0 0 0 0 0 0 0 1 0 1 1 1 1 0 0 0 0 37 0 0 0 0 0 0 0 0 0 0 0 0 0 0 0 0 0 0 0 0 0 0 0 0 0 2865 1 165554657 157975658 162433426 382012870 61824 649587 103571 70271 165999 144670 50322 462453 79643 48243 33143 115753 39277 214698 54535 42616 52656 36792 39573 508260 130773 64760 38073 37839 29654 0 0 0 0 0 0 2 0 2 2 2 2 2 2 35 2 207 2 0 0 0 0 0 0 0 0 0 0 0 0 0 0 0 0 0 0 0 0 0 0 0 0 0 0 0 0 0 0 0 0 0 0 0 0 0 0 0 0 0 0 0 0 0 0 0 0 0 0 0 0 0 0 0 0 0 0 0 0 0 0 0 0 0 0 0 0 0 0 0 0 0 0 0 0 0 0 0 0 0 0 0 0 0 0 0 0 0 0 0 0 0 0 0 0 0 0 0 0 0 0 0 0 0 0 0 0 0 0 0 0 0 0 0 0 0 0 0 0 0 0 0 0 0 0 0 0 0 0 0 0 0 0 0 0 0 0 0 0 0 0 0 0 0 0 0 0 0 0 0 0 0 0 0 0 0 0 0 0 0 0 0 0 0 0 0 0 0 0 0 0 0 0 0 0 0 0 0 0 0 0 0 0 0 0 0 0 0 0 0 0 0 0 0 0 0 0 0 0 0 0 0 0 0 0 0 0 0 0 0 0 0 0 0 0 0 0 0 0 0 0 0 0 0 0 0 0 0 0 0 0 0 0 0 0 0 0 0 0 0 0 0 0 0 0 0 0 0 0 0 0 0 0 0 0 0 0 0 0 0 0 0 0 0 0 0 0 0 0 0 0 0 0 0 0 0 0 0 0 0 0 0 0 0 0 0 0 0 0 0 0 0 0 0 0 0 0 0 0 0 0 0 0 0 0 0 0 0 0 0 0 0 0 0 0 0 0 0 0 0 0 0 0 0 0 0 0 0 0 0 0 0 0 0 0 0 0 0 0 0 0 0 0 0 0 0 0 0 0 0 0 0 0 0 0 0 0 0 0 0 0 0 0 0 0 0 0 0 0 0 0 0 0 0 0 0 0 0 0 0 0 0 0 0 0 0 0 0 0 0 0 0 0 0 0 0 0 0 0 0 0 0 0 0 0 0 0 0 0 0 0 0 0 0 0 0 0 0 0 0 0 0 0 0 0 0 0 0 0 0 0 0 0 0 0 0 0 0 0 0 0 0 0 0 0 0 0 0 0 0 0 0 0 0 0 0 0 0 0 0 0 0 0 0 0 0 0 0 0 0 0 0 0 0 0 0 0 0 0 0 0 0 0 0 0 0 0 0 0 0 0 0 0 0 0 0 0 0 0 0 0 0 0 0 0 0 0 0 0 0 0 0 0 0 0 0 0 0 0 0 0 0 0 0 0 0 0 0 0 0 0 0 0 0 0 0 0 0 0 0 0 0 0 0 0 0 0 0 0 0 0 0 0 0 0 0 0 0 0 0 0 0 0 0 0 0 0 0 0 0 0 0 0 0 0 0 0 0 0 0 0 0 0 0 0 0 0 0 0 0 0 0 0 0 0 0 0 0 0 0 0 0 0 0 0 0 0 0 0 0 0 0 0 0 0 0 0 0 0 0 0 0 0 0 0 0 0 0 0 0 0 0 0 0 0 0 0 0 0 0 0 0 0 0 0 0 0 0 0 0 0 0 0 0 0 0 0 0 0 0 0 0 0 0 0 0 0 0 0 0 0 0 0 0 0 0 0 0 0 0 0 0 0 0 0 0 0 0 0 0 0 0 0 0 0 0 0 0 0 0 0 0 0 0 0 0 0 0 0 0 0 0 0 0 0 0 0 0 0 0 0 0 0 0 0 0 0 0 0 0 0 0 0 0 0 0 0 0 0 0 0 0 0 0 0 0 0 0 0 0 0 0 0 0 0 0 0 0 0 0 0 0 0 0 0 0 0 0 0 0 0 0 0 0 0 0 0 0 0 0 0 0 0 0 0 0 0 0 0 0 0 0 0 0 0 0 0 0 0 0 0 0 0 0 0 0 0 0 0 0 0 0 0 0 0 0 0 0 0 0 0 0 0 0 0 0 0 0 0 0 0 0 0 0 0 0 0 0 0 0 0 0 0 0 0 0 0 0 0 0 0 0 0 0 0 0 0 0 0 0 0 0 0 0 0 0 0 0 0 0 0 0 0 0 0 0 0 0 0 0 0 0 0 0 0 0 0 0 0 0 0 0 0 0 0 0 0 0 0 0 0 0 0 0 0 0 0 0 0 0 0 0 0 0 0 0 0 0 0 0 0 0 0 0 0 0 0 0 0 0 0 0 0 0 0 0 0 0 0 0 0 0 0 0 0 0 0 0 0 0 0 0 0 0 0 0 0 0 0 0 0 0 0 0 0 0 0 0 0 0 0 0 0 0 0 0 0 0 0 0 0 0 0 0 0 0 0 0 0 0 0 0 0 0 0 0 0 0 0 0 0 0 0 0 0 0 0 0 0 0 0 0 0 0 0 0 0 0 0 0 0 0 0 0 0 0 0 0 0 0 0 0 0 0 0 0 0 0 0 0 0 0 0 0 0 0
ctxt 3729402601
btime 1783935075
processes 5333432
procs_running 1
procs_blocked 0
softirq 2823634225 204 316103024 1628989 892936879 32768 0 7323974 906261862 256532 699089993

/proc/meminfo
MemTotal:       32273192 kB
MemFree:         4477876 kB
MemAvailable:   27997288 kB
Buffers:               0 kB
Cached:         21151128 kB
SwapCached:        21664 kB
Active:         22691128 kB
Inactive:         393152 kB
Active(anon):    2133596 kB
Inactive(anon):   134240 kB
Active(file):   20557532 kB
Inactive(file):   258912 kB
Unevictable:           0 kB
Mlocked:               0 kB
SwapTotal:      67108860 kB
SwapFree:       63595004 kB
Zswap:                 0 kB
Zswapped:              0 kB
Dirty:               312 kB
Writeback:             0 kB
AnonPages:       1886184 kB
Mapped:           395488 kB
Shmem:            335956 kB
KReclaimable:    3180380 kB
Slab:            3807424 kB
SReclaimable:    3180380 kB
SUnreclaim:       627044 kB
KernelStack:       34144 kB
PageTables:        34092 kB
SecPageTables:      4112 kB
NFS_Unstable:          0 kB
Bounce:                0 kB
WritebackTmp:          0 kB
CommitLimit:    83245456 kB
Committed_AS:   12247424 kB
VmallocTotal:   34359738367 kB
VmallocUsed:      229852 kB
VmallocChunk:          0 kB
Percpu:            21216 kB
HardwareCorrupted:     0 kB
AnonHugePages:   1095680 kB
ShmemHugePages:        0 kB
ShmemPmdMapped:        0 kB
FileHugePages:         0 kB
FilePmdMapped:         0 kB
CmaTotal:              0 kB
CmaFree:               0 kB
Unaccepted:            0 kB
HugePages_Total:       0
HugePages_Free:        0
HugePages_Rsvd:        0
HugePages_Surp:        0
Hugepagesize:       2048 kB
Hugetlb:               0 kB
DirectMap4k:      389980 kB
DirectMap2M:     5574656 kB
DirectMap1G:    27262976 kB

/sys/devices/system/cpu/cpu2/cpufreq/scaling_cur_freq 1200000

/sys/devices/system/cpu/cpu3/cpufreq/scaling_cur_freq 1200000

/sys/devices/system/cpu/cpu4/cpufreq/scaling_cur_freq 1200000

/sys/devices/system/cpu/cpu5/cpufreq/scaling_cur_freq 1200000

/sys/devices/system/cpu/cpu6/cpufreq/scaling_cur_freq 1200000

/sys/devices/system/cpu/cpu7/cpufreq/scaling_cur_freq 1200073

/sys/devices/system/cpu/cpu8/cpufreq/scaling_cur_freq 1200044

/sys/devices/system/cpu/cpu9/cpufreq/scaling_cur_freq 1436153

