unix_ns 1788872927724351361
/proc/loadavg
2.22 1.50 1.29 2/2109 19

/proc/stat
cpu  115943961 83897 3611873 11542426415 184937975 870123 1376722 0 0 0
cpu0 41117955 44 83336 448333776 3973634 71854 139205 0 0 0
cpu1 6997105 37155 719150 460859562 24655878 113577 154673 0 0 0
cpu2 5013814 303 157436 475279219 13210757 38550 27112 0 0 0
cpu3 4618095 97 85996 480296206 8702096 25251 14943 0 0 0
cpu4 5020307 1299 228272 471916755 16402609 49670 42949 0 0 0
cpu5 4963456 55 84589 480398784 8247691 27596 14742 0 0 0
cpu6 4818119 70 61128 484264186 4565109 22325 22776 0 0 0
cpu7 10192546 22039 630999 460837556 21779903 101866 70684 0 0 0
cpu8 4962786 125 110733 478700592 9881743 37318 36185 0 0 0
cpu9 4862911 55 66301 483870687 4909612 23401 16966 0 0 0
cpu10 4854701 38 62957 485437990 3306319 23766 70665 0 0 0
cpu11 4600452 519 193492 477057803 11672143 54763 95190 0 0 0
cpu12 1604655 15 45479 487730078 4340931 13622 19381 0 0 0
cpu13 2027388 10613 343202 484173958 7078606 32330 21950 0 0 0
cpu14 692946 221 51845 487952732 5012672 13205 12677 0 0 0
cpu15 926000 56 43121 488807324 3971970 9316 7121 0 0 0
cpu16 945608 283 51142 489484884 3264685 9573 5923 0 0 0
cpu17 569212 93 52573 489692004 3238042 42190 147016 0 0 0
cpu18 692390 30 57262 489443148 3440571 22292 99509 0 0 0
cpu19 3315890 10053 247641 482463697 7560033 46360 38378 0 0 0
cpu20 600042 202 52774 488238515 4708931 32863 55651 0 0 0
cpu21 646350 131 73935 488716982 4003779 39349 249330 0 0 0
cpu22 636836 69 56763 489746179 3305013 8943 7930 0 0 0
cpu23 1264385 320 51734 488723788 3705235 10131 5756 0 0 0
intr 3708677987 22 0 0 0 0 0 0 0 0 0 0 0 0 0 0 0 8 0 0 0 0 0 0 0 0 0 0 0 1 0 1 1 1 1 0 0 0 0 37 0 0 0 0 0 0 0 0 0 0 0 0 0 0 0 0 0 0 0 0 0 0 0 0 0 2865 1 165555049 157975699 162433607 382012998 61824 649587 103571 70271 165999 144670 50322 462453 79643 48243 33143 115753 39277 214698 54535 42616 52656 36792 39573 508260 130773 64760 38073 37839 29654 0 0 0 0 0 0 2 0 2 2 2 2 2 2 35 2 207 2 0 0 0 0 0 0 0 0 0 0 0 0 0 0 0 0 0 0 0 0 0 0 0 0 0 0 0 0 0 0 0 0 0 0 0 0 0 0 0 0 0 0 0 0 0 0 0 0 0 0 0 0 0 0 0 0 0 0 0 0 0 0 0 0 0 0 0 0 0 0 0 0 0 0 0 0 0 0 0 0 0 0 0 0 0 0 0 0 0 0 0 0 0 0 0 0 0 0 0 0 0 0 0 0 0 0 0 0 0 0 0 0 0 0 0 0 0 0 0 0 0 0 0 0 0 0 0 0 0 0 0 0 0 0 0 0 0 0 0 0 0 0 0 0 0 0 0 0 0 0 0 0 0 0 0 0 0 0 0 0 0 0 0 0 0 0 0 0 0 0 0 0 0 0 0 0 0 0 0 0 0 0 0 0 0 0 0 0 0 0 0 0 0 0 0 0 0 0 0 0 0 0 0 0 0 0 0 0 0 0 0 0 0 0 0 0 0 0 0 0 0 0 0 0 0 0 0 0 0 0 0 0 0 0 0 0 0 0 0 0 0 0 0 0 0 0 0 0 0 0 0 0 0 0 0 0 0 0 0 0 0 0 0 0 0 0 0 0 0 0 0 0 0 0 0 0 0 0 0 0 0 0 0 0 0 0 0 0 0 0 0 0 0 0 0 0 0 0 0 0 0 0 0 0 0 0 0 0 0 0 0 0 0 0 0 0 0 0 0 0 0 0 0 0 0 0 0 0 0 0 0 0 0 0 0 0 0 0 0 0 0 0 0 0 0 0 0 0 0 0 0 0 0 0 0 0 0 0 0 0 0 0 0 0 0 0 0 0 0 0 0 0 0 0 0 0 0 0 0 0 0 0 0 0 0 0 0 0 0 0 0 0 0 0 0 0 0 0 0 0 0 0 0 0 0 0 0 0 0 0 0 0 0 0 0 0 0 0 0 0 0 0 0 0 0 0 0 0 0 0 0 0 0 0 0 0 0 0 0 0 0 0 0 0 0 0 0 0 0 0 0 0 0 0 0 0 0 0 0 0 0 0 0 0 0 0 0 0 0 0 0 0 0 0 0 0 0 0 0 0 0 0 0 0 0 0 0 0 0 0 0 0 0 0 0 0 0 0 0 0 0 0 0 0 0 0 0 0 0 0 0 0 0 0 0 0 0 0 0 0 0 0 0 0 0 0 0 0 0 0 0 0 0 0 0 0 0 0 0 0 0 0 0 0 0 0 0 0 0 0 0 0 0 0 0 0 0 0 0 0 0 0 0 0 0 0 0 0 0 0 0 0 0 0 0 0 0 0 0 0 0 0 0 0 0 0 0 0 0 0 0 0 0 0 0 0 0 0 0 0 0 0 0 0 0 0 0 0 0 0 0 0 0 0 0 0 0 0 0 0 0 0 0 0 0 0 0 0 0 0 0 0 0 0 0 0 0 0 0 0 0 0 0 0 0 0 0 0 0 0 0 0 0 0 0 0 0 0 0 0 0 0 0 0 0 0 0 0 0 0 0 0 0 0 0 0 0 0 0 0 0 0 0 0 0 0 0 0 0 0 0 0 0 0 0 0 0 0 0 0 0 0 0 0 0 0 0 0 0 0 0 0 0 0 0 0 0 0 0 0 0 0 0 0 0 0 0 0 0 0 0 0 0 0 0 0 0 0 0 0 0 0 0 0 0 0 0 0 0 0 0 0 0 0 0 0 0 0 0 0 0 0 0 0 0 0 0 0 0 0 0 0 0 0 0 0 0 0 0 0 0 0 0 0 0 0 0 0 0 0 0 0 0 0 0 0 0 0 0 0 0 0 0 0 0 0 0 0 0 0 0 0 0 0 0 0 0 0 0 0 0 0 0 0 0 0 0 0 0 0 0 0 0 0 0 0 0 0 0 0 0 0 0 0 0 0 0 0 0 0 0 0 0 0 0 0 0 0 0 0 0 0 0 0 0 0 0 0 0 0 0 0 0 0 0 0 0 0 0 0 0 0 0 0 0 0 0 0 0 0 0 0 0 0 0 0 0 0 0 0 0 0 0 0 0 0 0 0 0 0 0 0 0 0 0 0 0 0 0 0 0 0 0 0 0 0 0 0 0 0 0 0 0 0 0 0 0 0 0 0 0 0 0 0 0 0 0 0 0 0 0 0 0 0 0 0 0 0 0 0 0 0 0 0 0 0 0 0 0 0 0 0 0 0 0 0 0 0 0 0 0 0 0 0 0 0 0 0 0 0 0 0 0 0 0 0 0 0 0 0 0 0 0 0 0 0 0 0 0 0 0 0 0 0 0 0 0 0 0 0 0 0 0 0 0 0 0 0 0 0 0 0 0 0 0 0 0 0 0 0 0 0 0 0 0 0 0
ctxt 3729409195
btime 1783935075
processes 5333434
procs_running 1
procs_blocked 0
softirq 2823640313 204 316103413 1628989 892937722 32768 0 7323979 906265613 256532 699091093

/proc/meminfo
MemTotal:       32273192 kB
MemFree:         4473112 kB
MemAvailable:   27992660 kB
Buffers:               0 kB
Cached:         21151264 kB
SwapCached:        21664 kB
Active:         22698560 kB
Inactive:         393152 kB
Active(anon):    2140892 kB
Inactive(anon):   134240 kB
Active(file):   20557668 kB
Inactive(file):   258912 kB
Unevictable:           0 kB
Mlocked:               0 kB
SwapTotal:      67108860 kB
SwapFree:       63595004 kB
Zswap:                 0 kB
Zswapped:              0 kB
Dirty:               524 kB
Writeback:             0 kB
AnonPages:       1893452 kB
Mapped:           395488 kB
Shmem:            335956 kB
KReclaimable:    3180380 kB
Slab:            3807408 kB
SReclaimable:    3180380 kB
SUnreclaim:       627028 kB
KernelStack:       34128 kB
PageTables:        34036 kB
SecPageTables:      4112 kB
NFS_Unstable:          0 kB
Bounce:                0 kB
WritebackTmp:          0 kB
CommitLimit:    83245456 kB
Committed_AS:   12254884 kB
VmallocTotal:   34359738367 kB
VmallocUsed:      229836 kB
VmallocChunk:          0 kB
Percpu:            21216 kB
HardwareCorrupted:     0 kB
AnonHugePages:   1101824 kB
ShmemHugePages:        0 kB
ShmemPmdMapped:        0 kB
FileHugePages:         0 kB
FilePmdMapped:         0 kB
CmaTotal:              0 kB
CmaFree:               0 kB
Unaccepted:            0 kB
HugePages_Total:       0
HugePages_Free:        0
HugePages_Rsvd:        0
HugePages_Surp:        0
Hugepagesize:       2048 kB
Hugetlb:               0 kB
DirectMap4k:      389980 kB
DirectMap2M:     5574656 kB
DirectMap1G:    27262976 kB

/sys/devices/system/cpu/cpu2/cpufreq/scaling_cur_freq 1200639

/sys/devices/system/cpu/cpu3/cpufreq/scaling_cur_freq 4397733

/sys/devices/system/cpu/cpu4/cpufreq/scaling_cur_freq 3690095

/sys/devices/system/cpu/cpu5/cpufreq/scaling_cur_freq 1200000

/sys/devices/system/cpu/cpu6/cpufreq/scaling_cur_freq 1200000

/sys/devices/system/cpu/cpu7/cpufreq/scaling_cur_freq 1200000

/sys/devices/system/cpu/cpu8/cpufreq/scaling_cur_freq 1200000

/sys/devices/system/cpu/cpu9/cpufreq/scaling_cur_freq 1200101

