unix_ns 1788873086577324960
/proc/loadavg
2.73 2.07 1.55 1/2113 117

/proc/stat
cpu  115973180 83897 3612553 11542777105 184938381 870200 1376827 0 0 0
cpu0 41120708 44 83845 448346029 3973932 71861 139256 0 0 0
cpu1 6997157 37155 719162 460875346 24655891 113579 154686 0 0 0
cpu2 5025268 303 157442 475283620 13210759 38572 27112 0 0 0
cpu3 4623705 97 86000 480306463 8702099 25262 14943 0 0 0
cpu4 5022917 1299 228282 471929993 16402626 49676 42952 0 0 0
cpu5 4966034 55 84596 480412073 8247695 27602 14742 0 0 0
cpu6 4819105 70 61131 484279075 4565111 22328 22776 0 0 0
cpu7 10193550 22039 631018 460852381 21779932 101869 70685 0 0 0
cpu8 4963771 125 110736 478715485 9881744 37320 36186 0 0 0
cpu9 4863893 55 66303 483885585 4909612 23403 16966 0 0 0
cpu10 4854709 38 62962 485453844 3306333 23767 70665 0 0 0
cpu11 4600464 519 193516 477073643 11672144 54765 95194 0 0 0
cpu12 1604663 15 45486 487745945 4340932 13622 19382 0 0 0
cpu13 2027410 10613 343211 484189804 7078606 32331 21950 0 0 0
cpu14 692952 221 51848 487968605 5012672 13206 12677 0 0 0
cpu15 926002 56 43124 488823194 3971980 9316 7121 0 0 0
cpu16 945616 283 51145 489500757 3264685 9574 5923 0 0 0
cpu17 569216 93 52575 489707876 3238046 42191 147017 0 0 0
cpu18 692394 30 57265 489459023 3440574 22292 99509 0 0 0
cpu19 3315954 10053 247653 482479502 7560033 46361 38378 0 0 0
cpu20 600043 202 52778 488254392 4708931 32863 55651 0 0 0
cpu21 646365 131 73946 488732804 4003784 39352 249356 0 0 0
cpu22 636860 69 56776 489762023 3305013 8945 7931 0 0 0
cpu23 1264413 320 51742 488739633 3705235 10131 5756 0 0 0
intr 3709124720 22 0 0 0 0 0 0 0 0 0 0 0 0 0 0 0 8 0 0 0 0 0 0 0 0 0 0 0 1 0 1 1 1 1 0 0 0 0 37 0 0 0 0 0 0 0 0 0 0 0 0 0 0 0 0 0 0 0 0 0 0 0 0 0 2865 1 165564697 157982279 162435993 382036304 61824 649615 103571 70271 166000 144689 50322 462453 79643 48243 33143 115753 39279 214698 54535 42616 52656 36793 39573 508276 130774 64771 38076 37844 29654 0 0 0 0 0 0 2 0 2 2 2 2 2 2 35 2 207 2 0 0 0 0 0 0 0 0 0 0 0 0 0 0 0 0 0 0 0 0 0 0 0 0 0 0 0 0 0 0 0 0 0 0 0 0 0 0 0 0 0 0 0 0 0 0 0 0 0 0 0 0 0 0 0 0 0 0 0 0 0 0 0 0 0 0 0 0 0 0 0 0 0 0 0 0 0 0 0 0 0 0 0 0 0 0 0 0 0 0 0 0 0 0 0 0 0 0 0 0 0 0 0 0 0 0 0 0 0 0 0 0 0 0 0 0 0 0 0 0 0 0 0 0 0 0 0 0 0 0 0 0 0 0 0 0 0 0 0 0 0 0 0 0 0 0 0 0 0 0 0 0 0 0 0 0 0 0 0 0 0 0 0 0 0 0 0 0 0 0 0 0 0 0 0 0 0 0 0 0 0 0 0 0 0 0 0 0 0 0 0 0 0 0 0 0 0 0 0 0 0 0 0 0 0 0 0 0 0 0 0 0 0 0 0 0 0 0 0 0 0 0 0 0 0 0 0 0 0 0 0 0 0 0 0 0 0 0 0 0 0 0 0 0 0 0 0 0 0 0 0 0 0 0 0 0 0 0 0 0 0 0 0 0 0 0 0 0 0 0 0 0 0 0 0 0 0 0 0 0 0 0 0 0 0 0 0 0 0 0 0 0 0 0 0 0 0 0 0 0 0 0 0 0 0 0 0 0 0 0 0 0 0 0 0 0 0 0 0 0 0 0 0 0 0 0 0 0 0 0 0 0 0 0 0 0 0 0 0 0 0 0 0 0 0 0 0 0 0 0 0 0 0 0 0 0 0 0 0 0 0 0 0 0 0 0 0 0 0 0 0 0 0 0 0 0 0 0 0 0 0 0 0 0 0 0 0 0 0 0 0 0 0 0 0 0 0 0 0 0 0 0 0 0 0 0 0 0 0 0 0 0 0 0 0 0 0 0 0 0 0 0 0 0 0 0 0 0 0 0 0 0 0 0 0 0 0 0 0 0 0 0 0 0 0 0 0 0 0 0 0 0 0 0 0 0 0 0 0 0 0 0 0 0 0 0 0 0 0 0 0 0 0 0 0 0 0 0 0 0 0 0 0 0 0 0 0 0 0 0 0 0 0 0 0 0 0 0 0 0 0 0 0 0 0 0 0 0 0 0 0 0 0 0 0 0 0 0 0 0 0 0 0 0 0 0 0 0 0 0 0 0 0 0 0 0 0 0 0 0 0 0 0 0 0 0 0 0 0 0 0 0 0 0 0 0 0 0 0 0 0 0 0 0 0 0 0 0 0 0 0 0 0 0 0 0 0 0 0 0 0 0 0 0 0 0 0 0 0 0 0 0 0 0 0 0 0 0 0 0 0 0 0 0 0 0 0 0 0 0 0 0 0 0 0 0 0 0 0 0 0 0 0 0 0 0 0 0 0 0 0 0 0 0 0 0 0 0 0 0 0 0 0 0 0 0 0 0 0 0 0 0 0 0 0 0 0 0 0 0 0 0 0 0 0 0 0 0 0 0 0 0 0 0 0 0 0 0 0 0 0 0 0 0 0 0 0 0 0 0 0 0 0 0 0 0 0 0 0 0 0 0 0 0 0 0 0 0 0 0 0 0 0 0 0 0 0 0 0 0 0 0 0 0 0 0 0 0 0 0 0 0 0 0 0 0 0 0 0 0 0 0 0 0 0 0 0 0 0 0 0 0 0 0 0 0 0 0 0 0 0 0 0 0 0 0 0 0 0 0 0 0 0 0 0 0 0 0 0 0 0 0 0 0 0 0 0 0 0 0 0 0 0 0 0 0 0 0 0 0 0 0 0 0 0 0 0 0 0 0 0 0 0 0 0 0 0 0 0 0 0 0 0 0 0 0 0 0 0 0 0 0 0 0 0 0 0 0 0 0 0 0 0 0 0 0 0 0 0 0 0 0 0 0 0 0 0 0 0 0 0 0 0 0 0 0 0 0 0 0 0 0 0 0 0 0 0 0 0 0 0 0 0 0 0 0 0 0 0 0 0 0 0 0 0 0 0 0 0 0 0 0 0 0 0 0 0 0 0 0 0 0 0 0 0 0 0 0 0 0 0 0 0 0 0 0 0 0 0 0 0 0 0 0 0 0 0 0 0 0 0 0 0 0 0 0 0 0 0 0 0 0 0 0 0 0 0 0 0 0 0 0 0 0 0 0 0 0 0 0 0 0 0 0 0 0 0 0 0 0 0 0 0 0 0 0 0 0 0 0 0 0 0 0 0 0 0 0 0 0 0 0 0 0 0 0 0 0 0 0 0 0 0 0 0 0 0 0 0 0 0 0 0 0 0 0 0 0 0 0 0 0 0 0 0 0 0 0 0 0 0 0 0 0 0 0 0
ctxt 3729658239
btime 1783935075
processes 5333732
procs_running 1
procs_blocked 0
softirq 2823873655 204 316117419 1629945 892982252 32768 0 7325451 906397130 256532 699131954

/proc/meminfo
MemTotal:       32273192 kB
MemFree:         4254108 kB
MemAvailable:   27940684 kB
Buffers:               0 kB
Cached:         21317640 kB
SwapCached:        21664 kB
Active:         22930288 kB
Inactive:         393188 kB
Active(anon):    2206316 kB
Inactive(anon):   134240 kB
Active(file):   20723972 kB
Inactive(file):   258948 kB
Unevictable:           0 kB
Mlocked:               0 kB
SwapTotal:      67108860 kB
SwapFree:       63595004 kB
Zswap:                 0 kB
Zswapped:              0 kB
Dirty:               152 kB
Writeback:             0 kB
AnonPages:       1958284 kB
Mapped:           395564 kB
Shmem:            335960 kB
KReclaimable:    3181068 kB
Slab:            3807960 kB
SReclaimable:    3181068 kB
SUnreclaim:       626892 kB
KernelStack:       34176 kB
PageTables:        34176 kB
SecPageTables:      4112 kB
NFS_Unstable:          0 kB
Bounce:                0 kB
WritebackTmp:          0 kB
CommitLimit:    83245456 kB
Committed_AS:   12320356 kB
VmallocTotal:   34359738367 kB
VmallocUsed:      229820 kB
VmallocChunk:          0 kB
Percpu:            21216 kB
HardwareCorrupted:     0 kB
AnonHugePages:   1114112 kB
ShmemHugePages:        0 kB
ShmemPmdMapped:        0 kB
FileHugePages:         0 kB
FilePmdMapped:         0 kB
CmaTotal:              0 kB
CmaFree:               0 kB
Unaccepted:            0 kB
HugePages_Total:       0
HugePages_Free:        0
HugePages_Rsvd:        0
HugePages_Surp:        0
Hugepagesize:       2048 kB
Hugetlb:               0 kB
DirectMap4k:      389980 kB
DirectMap2M:     5574656 kB
DirectMap1G:    27262976 kB

/sys/devices/system/cpu/cpu2/cpufreq/scaling_cur_freq 1200000

/sys/devices/system/cpu/cpu3/cpufreq/scaling_cur_freq 1200000

/sys/devices/system/cpu/cpu4/cpufreq/scaling_cur_freq 1200000

/sys/devices/system/cpu/cpu5/cpufreq/scaling_cur_freq 1200000

/sys/devices/system/cpu/cpu6/cpufreq/scaling_cur_freq 1200000

/sys/devices/system/cpu/cpu7/cpufreq/scaling_cur_freq 1199985

/sys/devices/system/cpu/cpu8/cpufreq/scaling_cur_freq 1200166

/sys/devices/system/cpu/cpu9/cpufreq/scaling_cur_freq 1200000

