unix_ns 1788873132518041081
/proc/loadavg
2.56 2.10 1.59 1/2107 143

/proc/stat
cpu  115981278 83897 3612721 11542878930 184938477 870221 1376859 0 0 0
cpu0 41121346 44 83965 448349775 3973999 71863 139272 0 0 0
cpu1 6997195 37155 719166 460879888 24655893 113580 154689 0 0 0
cpu2 5028792 303 157444 475284681 13210759 38579 27113 0 0 0
cpu3 4625278 97 86001 480309481 8702099 25265 14943 0 0 0
cpu4 5023490 1299 228286 471934004 16402628 49678 42952 0 0 0
cpu5 4966589 55 84596 480416109 8247697 27603 14742 0 0 0
cpu6 4819387 70 61132 484283385 4565113 22329 22776 0 0 0
cpu7 10193832 22039 631020 460856683 21779939 101870 70686 0 0 0
cpu8 4964053 125 110737 478719790 9881750 37321 36186 0 0 0
cpu9 4864172 55 66303 483889898 4909612 23404 16966 0 0 0
cpu10 4854710 38 62962 485458430 3306337 23767 70666 0 0 0
cpu11 4600480 519 193529 477078206 11672144 54765 95194 0 0 0
cpu12 1604665 15 45487 487750536 4340932 13622 19382 0 0 0
cpu13 2027421 10613 343215 484194381 7078606 32332 21951 0 0 0
cpu14 692953 221 51848 487973195 5012672 13206 12678 0 0 0
cpu15 926003 56 43124 488827785 3971982 9316 7121 0 0 0
cpu16 945619 283 51146 489505345 3264685 9574 5923 0 0 0
cpu17 569219 93 52578 489712462 3238046 42191 147019 0 0 0
cpu18 692394 30 57266 489463616 3440574 22292 99509 0 0 0
cpu19 3315987 10053 247660 482484055 7560033 46361 38378 0 0 0
cpu20 600043 202 52778 488258984 4708933 32863 55651 0 0 0
cpu21 646365 131 73947 488737387 4003784 39352 249364 0 0 0
cpu22 636860 69 56776 489766616 3305013 8945 7931 0 0 0
cpu23 1264413 320 51742 488744226 3705235 10132 5756 0 0 0
intr 3709247930 22 0 0 0 0 0 0 0 0 0 0 0 0 0 0 0 8 0 0 0 0 0 0 0 0 0 0 0 1 0 1 1 1 1 0 0 0 0 37 0 0 0 0 0 0 0 0 0 0 0 0 0 0 0 0 0 0 0 0 0 0 0 0 0 2865 1 165565705 157982732 162436571 382046394 61824 649619 103571 70272 166001 144697 50322 462453 79643 48243 33143 115753 39279 214698 54536 42616 52656 36793 39573 508280 130774 64784 38076 37844 29654 0 0 0 0 0 0 2 0 2 2 2 2 2 2 35 2 207 2 0 0 0 0 0 0 0 0 0 0 0 0 0 0 0 0 0 0 0 0 0 0 0 0 0 0 0 0 0 0 0 0 0 0 0 0 0 0 0 0 0 0 0 0 0 0 0 0 0 0 0 0 0 0 0 0 0 0 0 0 0 0 0 0 0 0 0 0 0 0 0 0 0 0 0 0 0 0 0 0 0 0 0 0 0 0 0 0 0 0 0 0 0 0 0 0 0 0 0 0 0 0 0 0 0 0 0 0 0 0 0 0 0 0 0 0 0 0 0 0 0 0 0 0 0 0 0 0 0 0 0 0 0 0 0 0 0 0 0 0 0 0 0 0 0 0 0 0 0 0 0 0 0 0 0 0 0 0 0 0 0 0 0 0 0 0 0 0 0 0 0 0 0 0 0 0 0 0 0 0 0 0 0 0 0 0 0 0 0 0 0 0 0 0 0 0 0 0 0 0 0 0 0 0 0 0 0 0 0 0 0 0 0 0 0 0 0 0 0 0 0 0 0 0 0 0 0 0 0 0 0 0 0 0 0 0 0 0 0 0 0 0 0 0 0 0 0 0 0 0 0 0 0 0 0 0 0 0 0 0 0 0 0 0 0 0 0 0 0 0 0 0 0 0 0 0 0 0 0 0 0 0 0 0 0 0 0 0 0 0 0 0 0 0 0 0 0 0 0 0 0 0 0 0 0 0 0 0 0 0 0 0 0 0 0 0 0 0 0 0 0 0 0 0 0 0 0 0 0 0 0 0 0 0 0 0 0 0 0 0 0 0 0 0 0 0 0 0 0 0 0 0 0 0 0 0 0 0 0 0 0 0 0 0 0 0 0 0 0 0 0 0 0 0 0 0 0 0 0 0 0 0 0 0 0 0 0 0 0 0 0 0 0 0 0 0 0 0 0 0 0 0 0 0 0 0 0 0 0 0 0 0 0 0 0 0 0 0 0 0 0 0 0 0 0 0 0 0 0 0 0 0 0 0 0 0 0 0 0 0 0 0 0 0 0 0 0 0 0 0 0 0 0 0 0 0 0 0 0 0 0 0 0 0 0 0 0 0 0 0 0 0 0 0 0 0 0 0 0 0 0 0 0 0 0 0 0 0 0 0 0 0 0 0 0 0 0 0 0 0 0 0 0 0 0 0 0 0 0 0 0 0 0 0 0 0 0 0 0 0 0 0 0 0 0 0 0 0 0 0 0 0 0 0 0 0 0 0 0 0 0 0 0 0 0 0 0 0 0 0 0 0 0 0 0 0 0 0 0 0 0 0 0 0 0 0 0 0 0 0 0 0 0 0 0 0 0 0 0 0 0 0 0 0 0 0 0 0 0 0 0 0 0 0 0 0 0 0 0 0 0 0 0 0 0 0 0 0 0 0 0 0 0 0 0 0 0 0 0 0 0 0 0 0 0 0 0 0 0 0 0 0 0 0 0 0 0 0 0 0 0 0 0 0 0 0 0 0 0 0 0 0 0 0 0 0 0 0 0 0 0 0 0 0 0 0 0 0 0 0 0 0 0 0 0 0 0 0 0 0 0 0 0 0 0 0 0 0 0 0 0 0 0 0 0 0 0 0 0 0 0 0 0 0 0 0 0 0 0 0 0 0 0 0 0 0 0 0 0 0 0 0 0 0 0 0 0 0 0 0 0 0 0 0 0 0 0 0 0 0 0 0 0 0 0 0 0 0 0 0 0 0 0 0 0 0 0 0 0 0 0 0 0 0 0 0 0 0 0 0 0 0 0 0 0 0 0 0 0 0 0 0 0 0 0 0 0 0 0 0 0 0 0 0 0 0 0 0 0 0 0 0 0 0 0 0 0 0 0 0 0 0 0 0 0 0 0 0 0 0 0 0 0 0 0 0 0 0 0 0 0 0 0 0 0 0 0 0 0 0 0 0 0 0 0 0 0 0 0 0 0 0 0 0 0 0 0 0 0 0 0 0 0 0 0 0 0 0 0 0 0 0 0 0 0 0 0 0 0 0 0 0 0 0 0 0 0 0 0 0 0 0 0 0 0 0 0 0 0 0 0 0 0 0 0 0 0 0 0 0 0 0 0 0 0 0 0 0 0 0 0 0 0 0 0 0 0 0 0 0 0 0 0 0 0 0 0 0 0 0 0 0 0 0 0 0 0 0 0 0 0 0 0 0 0 0 0 0 0 0 0 0 0 0 0 0 0 0 0 0 0 0 0 0 0 0 0 0 0 0 0 0 0 0 0 0 0 0 0 0 0 0 0 0 0 0 0 0 0 0 0 0 0 0 0 0 0 0 0 0 0 0 0 0 0 0 0 0 0 0 0 0 0 0 0 0 0 0 0 0 0 0 0 0 0 0 0 0 0 0 0 0 0 0 0 0 0
ctxt 3729735589
btime 1783935075
processes 5333799
procs_running 1
procs_blocked 0
softirq 2823936777 204 316121444 1629986 892995179 32768 0 7325935 906432773 256532 699141956

/proc/meminfo
MemTotal:       32273192 kB
MemFree:         4206800 kB
MemAvailable:   27931852 kB
Buffers:               0 kB
Cached:         21356012 kB
SwapCached:        21664 kB
Active:         22977300 kB
Inactive:         393196 kB
Active(anon):    2214972 kB
Inactive(anon):   134240 kB
Active(file):   20762328 kB
Inactive(file):   258956 kB
Unevictable:           0 kB
Mlocked:               0 kB
SwapTotal:      67108860 kB
SwapFree:       63595004 kB
Zswap:                 0 kB
Zswapped:              0 kB
Dirty:                76 kB
Writeback:             0 kB
AnonPages:       1966940 kB
Mapped:           395576 kB
Shmem:            335968 kB
KReclaimable:    3181180 kB
Slab:            3808200 kB
SReclaimable:    3181180 kB
SUnreclaim:       627020 kB
KernelStack:       34096 kB
PageTables:        34288 kB
SecPageTables:      4112 kB
NFS_Unstable:          0 kB
Bounce:                0 kB
WritebackTmp:          0 kB
CommitLimit:    83245456 kB
Committed_AS:   12345348 kB
VmallocTotal:   34359738367 kB
VmallocUsed:      229804 kB
VmallocChunk:          0 kB
Percpu:            21216 kB
HardwareCorrupted:     0 kB
AnonHugePages:   1120256 kB
ShmemHugePages:        0 kB
ShmemPmdMapped:        0 kB
FileHugePages:         0 kB
FilePmdMapped:         0 kB
CmaTotal:              0 kB
CmaFree:               0 kB
Unaccepted:            0 kB
HugePages_Total:       0
HugePages_Free:        0
HugePages_Rsvd:        0
HugePages_Surp:        0
Hugepagesize:       2048 kB
Hugetlb:               0 kB
DirectMap4k:      389980 kB
DirectMap2M:     5574656 kB
DirectMap1G:    27262976 kB

/sys/devices/system/cpu/cpu2/cpufreq/scaling_cur_freq 1199926

/sys/devices/system/cpu/cpu3/cpufreq/scaling_cur_freq 4400177

/sys/devices/system/cpu/cpu4/cpufreq/scaling_cur_freq 3818388

/sys/devices/system/cpu/cpu5/cpufreq/scaling_cur_freq 3998357

/sys/devices/system/cpu/cpu6/cpufreq/scaling_cur_freq 1200000

/sys/devices/system/cpu/cpu7/cpufreq/scaling_cur_freq 1200000

/sys/devices/system/cpu/cpu8/cpufreq/scaling_cur_freq 1200000

/sys/devices/system/cpu/cpu9/cpufreq/scaling_cur_freq 1200000

