unix_ns 1788872543766450085
/proc/loadavg
1.63 1.32 1.23 1/2112 10

/proc/stat
cpu  115935005 83897 3611167 11541515628 184937500 870013 1376512 0 0 0
cpu0 41116975 44 83165 448296698 3973546 71850 139149 0 0 0
cpu1 6996709 37155 719020 460821855 24655790 113560 154654 0 0 0
cpu2 5010201 303 157398 475244578 13210677 38539 27108 0 0 0
cpu3 4616455 97 85982 480259511 8702065 25246 14940 0 0 0
cpu4 5019617 1299 228228 471879177 16402591 49657 42930 0 0 0
cpu5 4962831 55 84571 480361059 8247681 27592 14739 0 0 0
cpu6 4818022 70 61113 484225921 4565101 22322 22774 0 0 0
cpu7 10192103 22039 630895 460799838 21779825 101851 70675 0 0 0
cpu8 4962667 125 110709 478662361 9881734 37314 36183 0 0 0
cpu9 4862816 55 66289 483832406 4909609 23399 16965 0 0 0
cpu10 4854691 38 62950 485399616 3306318 23765 70664 0 0 0
cpu11 4600403 519 193466 477019525 11672133 54758 95181 0 0 0
cpu12 1604636 15 45468 487691727 4340929 13619 19380 0 0 0
cpu13 2027309 10613 343176 484135711 7078590 32326 21948 0 0 0
cpu14 692930 221 51835 487914379 5012662 13204 12676 0 0 0
cpu15 925993 56 43117 488768955 3971960 9315 7120 0 0 0
cpu16 945602 283 51138 489446506 3264683 9572 5922 0 0 0
cpu17 569204 93 52564 489653652 3238041 42187 146993 0 0 0
cpu18 692389 30 57259 489404761 3440568 22292 99508 0 0 0
cpu19 3315861 10053 247633 482425354 7560033 46358 38375 0 0 0
cpu20 600036 202 52769 488200149 4708929 32860 55647 0 0 0
cpu21 646337 131 73923 488678673 4003777 39343 249284 0 0 0
cpu22 636826 69 56758 489707803 3305013 8943 7930 0 0 0
cpu23 1264380 320 51731 488685401 3705235 10130 5755 0 0 0
intr 3708345147 22 0 0 0 0 0 0 0 0 0 0 0 0 0 0 0 8 0 0 0 0 0 0 0 0 0 0 0 1 0 1 1 1 1 0 0 0 0 37 0 0 0 0 0 0 0 0 0 0 0 0 0 0 0 0 0 0 0 0 0 0 0 0 0 2865 1 165536075 157971574 162417402 381986051 61824 649506 103569 70269 165986 144640 50321 462452 79641 48240 33143 115748 39275 214694 54533 42616 52656 36791 39573 508232 130764 64684 38073 37839 29654 0 0 0 0 0 0 2 0 2 2 2 2 2 2 35 2 207 2 0 0 0 0 0 0 0 0 0 0 0 0 0 0 0 0 0 0 0 0 0 0 0 0 0 0 0 0 0 0 0 0 0 0 0 0 0 0 0 0 0 0 0 0 0 0 0 0 0 0 0 0 0 0 0 0 0 0 0 0 0 0 0 0 0 0 0 0 0 0 0 0 0 0 0 0 0 0 0 0 0 0 0 0 0 0 0 0 0 0 0 0 0 0 0 0 0 0 0 0 0 0 0 0 0 0 0 0 0 0 0 0 0 0 0 0 0 0 0 0 0 0 0 0 0 0 0 0 0 0 0 0 0 0 0 0 0 0 0 0 0 0 0 0 0 0 0 0 0 0 0 0 0 0 0 0 0 0 0 0 0 0 0 0 0 0 0 0 0 0 0 0 0 0 0 0 0 0 0 0 0 0 0 0 0 0 0 0 0 0 0 0 0 0 0 0 0 0 0 0 0 0 0 0 0 0 0 0 0 0 0 0 0 0 0 0 0 0 0 0 0 0 0 0 0 0 0 0 0 0 0 0 0 0 0 0 0 0 0 0 0 0 0 0 0 0 0 0 0 0 0 0 0 0 0 0 0 0 0 0 0 0 0 0 0 0 0 0 0 0 0 0 0 0 0 0 0 0 0 0 0 0 0 0 0 0 0 0 0 0 0 0 0 0 0 0 0 0 0 0 0 0 0 0 0 0 0 0 0 0 0 0 0 0 0 0 0 0 0 0 0 0 0 0 0 0 0 0 0 0 0 0 0 0 0 0 0 0 0 0 0 0 0 0 0 0 0 0 0 0 0 0 0 0 0 0 0 0 0 0 0 0 0 0 0 0 0 0 0 0 0 0 0 0 0 0 0 0 0 0 0 0 0 0 0 0 0 0 0 0 0 0 0 0 0 0 0 0 0 0 0 0 0 0 0 0 0 0 0 0 0 0 0 0 0 0 0 0 0 0 0 0 0 0 0 0 0 0 0 0 0 0 0 0 0 0 0 0 0 0 0 0 0 0 0 0 0 0 0 0 0 0 0 0 0 0 0 0 0 0 0 0 0 0 0 0 0 0 0 0 0 0 0 0 0 0 0 0 0 0 0 0 0 0 0 0 0 0 0 0 0 0 0 0 0 0 0 0 0 0 0 0 0 0 0 0 0 0 0 0 0 0 0 0 0 0 0 0 0 0 0 0 0 0 0 0 0 0 0 0 0 0 0 0 0 0 0 0 0 0 0 0 0 0 0 0 0 0 0 0 0 0 0 0 0 0 0 0 0 0 0 0 0 0 0 0 0 0 0 0 0 0 0 0 0 0 0 0 0 0 0 0 0 0 0 0 0 0 0 0 0 0 0 0 0 0 0 0 0 0 0 0 0 0 0 0 0 0 0 0 0 0 0 0 0 0 0 0 0 0 0 0 0 0 0 0 0 0 0 0 0 0 0 0 0 0 0 0 0 0 0 0 0 0 0 0 0 0 0 0 0 0 0 0 0 0 0 0 0 0 0 0 0 0 0 0 0 0 0 0 0 0 0 0 0 0 0 0 0 0 0 0 0 0 0 0 0 0 0 0 0 0 0 0 0 0 0 0 0 0 0 0 0 0 0 0 0 0 0 0 0 0 0 0 0 0 0 0 0 0 0 0 0 0 0 0 0 0 0 0 0 0 0 0 0 0 0 0 0 0 0 0 0 0 0 0 0 0 0 0 0 0 0 0 0 0 0 0 0 0 0 0 0 0 0 0 0 0 0 0 0 0 0 0 0 0 0 0 0 0 0 0 0 0 0 0 0 0 0 0 0 0 0 0 0 0 0 0 0 0 0 0 0 0 0 0 0 0 0 0 0 0 0 0 0 0 0 0 0 0 0 0 0 0 0 0 0 0 0 0 0 0 0 0 0 0 0 0 0 0 0 0 0 0 0 0 0 0 0 0 0 0 0 0 0 0 0 0 0 0 0 0 0 0 0 0 0 0 0 0 0 0 0 0 0 0 0 0 0 0 0 0 0 0 0 0 0 0 0 0 0 0 0 0 0 0 0 0 0 0 0 0 0 0 0 0 0 0 0 0 0 0 0 0 0 0 0 0 0 0 0 0 0 0 0 0 0 0 0 0 0 0 0 0 0 0 0 0 0 0 0 0 0 0 0 0 0 0 0 0 0 0 0 0 0 0 0 0 0 0 0 0 0 0 0 0 0 0 0 0 0 0 0 0 0 0 0 0 0 0 0 0 0 0 0 0 0 0 0 0 0 0 0 0 0 0 0 0 0 0 0 0 0 0 0 0 0 0 0 0 0 0 0 0 0 0 0 0 0 0 0 0 0 0 0 0 0 0 0 0 0 0 0 0 0 0 0 0 0 0 0 0 0 0 0 0 0
ctxt 3728819200
btime 1783935075
processes 5333011
procs_running 1
procs_blocked 0
softirq 2823380875 204 316077492 1628722 892859931 32768 0 7322661 906163763 256531 699038803

/proc/meminfo
MemTotal:       32273192 kB
MemFree:         4503716 kB
MemAvailable:   27979500 kB
Buffers:               0 kB
Cached:         21107728 kB
SwapCached:        21660 kB
Active:         22583988 kB
Inactive:         393084 kB
Active(anon):    2069808 kB
Inactive(anon):   134240 kB
Active(file):   20514180 kB
Inactive(file):   258844 kB
Unevictable:           0 kB
Mlocked:               0 kB
SwapTotal:      67108860 kB
SwapFree:       63594748 kB
Zswap:                 0 kB
Zswapped:              0 kB
Dirty:                20 kB
Writeback:             0 kB
AnonPages:       1822632 kB
Mapped:           382396 kB
Shmem:            335944 kB
KReclaimable:    3180172 kB
Slab:            3807256 kB
SReclaimable:    3180172 kB
SUnreclaim:       627084 kB
KernelStack:       34176 kB
PageTables:        33780 kB
SecPageTables:      4112 kB
NFS_Unstable:          0 kB
Bounce:                0 kB
WritebackTmp:          0 kB
CommitLimit:    83245456 kB
Committed_AS:   12048460 kB
VmallocTotal:   34359738367 kB
VmallocUsed:      229660 kB
VmallocChunk:          0 kB
Percpu:            21216 kB
HardwareCorrupted:     0 kB
AnonHugePages:   1052672 kB
ShmemHugePages:        0 kB
ShmemPmdMapped:        0 kB
FileHugePages:         0 kB
FilePmdMapped:         0 kB
CmaTotal:              0 kB
CmaFree:               0 kB
Unaccepted:            0 kB
HugePages_Total:       0
HugePages_Free:        0
HugePages_Rsvd:        0
HugePages_Surp:        0
Hugepagesize:       2048 kB
Hugetlb:               0 kB
DirectMap4k:      389980 kB
DirectMap2M:     5574656 kB
DirectMap1G:    27262976 kB

/sys/devices/system/cpu/cpu2/cpufreq/scaling_cur_freq 1200389

/sys/devices/system/cpu/cpu3/cpufreq/scaling_cur_freq 1199990

/sys/devices/system/cpu/cpu4/cpufreq/scaling_cur_freq 1199616

/sys/devices/system/cpu/cpu5/cpufreq/scaling_cur_freq 1200414

/sys/devices/system/cpu/cpu6/cpufreq/scaling_cur_freq 1200000

/sys/devices/system/cpu/cpu7/cpufreq/scaling_cur_freq 1200000

/sys/devices/system/cpu/cpu8/cpufreq/scaling_cur_freq 1200000

/sys/devices/system/cpu/cpu9/cpufreq/scaling_cur_freq 1200000

