unix_ns 1788872545278532760
/proc/loadavg
1.63 1.32 1.23 1/2112 10

/proc/stat
cpu  115935107 83897 3611185 11541519129 184937505 870014 1376513 0 0 0
cpu0 41117075 44 83183 448296726 3973552 71850 139149 0 0 0
cpu1 6996709 37155 719020 460822005 24655790 113560 154654 0 0 0
cpu2 5010201 303 157398 475244729 13210677 38539 27108 0 0 0
cpu3 4616455 97 85982 480259662 8702065 25246 14940 0 0 0
cpu4 5019617 1299 228228 471879328 16402591 49657 42930 0 0 0
cpu5 4962831 55 84571 480361210 8247681 27592 14739 0 0 0
cpu6 4818022 70 61113 484226071 4565101 22322 22774 0 0 0
cpu7 10192104 22039 630896 460799989 21779825 101851 70675 0 0 0
cpu8 4962667 125 110709 478662512 9881734 37314 36183 0 0 0
cpu9 4862816 55 66289 483832557 4909609 23399 16965 0 0 0
cpu10 4854691 38 62950 485399768 3306318 23765 70664 0 0 0
cpu11 4600403 519 193466 477019676 11672133 54758 95181 0 0 0
cpu12 1604636 15 45468 487691879 4340929 13619 19380 0 0 0
cpu13 2027309 10613 343176 484135862 7078590 32326 21948 0 0 0
cpu14 692930 221 51835 487914530 5012662 13204 12676 0 0 0
cpu15 925993 56 43117 488769106 3971960 9315 7120 0 0 0
cpu16 945602 283 51138 489446657 3264683 9572 5922 0 0 0
cpu17 569204 93 52564 489653803 3238041 42187 146993 0 0 0
cpu18 692389 30 57259 489404912 3440568 22292 99508 0 0 0
cpu19 3315861 10053 247633 482425505 7560033 46358 38375 0 0 0
cpu20 600036 202 52769 488200300 4708929 32860 55647 0 0 0
cpu21 646337 131 73923 488678824 4003777 39343 249284 0 0 0
cpu22 636826 69 56758 489707955 3305013 8943 7930 0 0 0
cpu23 1264380 320 51731 488685553 3705235 10130 5755 0 0 0
intr 3708347361 22 0 0 0 0 0 0 0 0 0 0 0 0 0 0 0 8 0 0 0 0 0 0 0 0 0 0 0 1 0 1 1 1 1 0 0 0 0 37 0 0 0 0 0 0 0 0 0 0 0 0 0 0 0 0 0 0 0 0 0 0 0 0 0 2865 1 165536199 157971574 162417531 381986219 61824 649506 103569 70269 165986 144640 50321 462452 79641 48240 33143 115748 39275 214694 54533 42616 52656 36791 39573 508232 130764 64684 38073 37839 29654 0 0 0 0 0 0 2 0 2 2 2 2 2 2 35 2 207 2 0 0 0 0 0 0 0 0 0 0 0 0 0 0 0 0 0 0 0 0 0 0 0 0 0 0 0 0 0 0 0 0 0 0 0 0 0 0 0 0 0 0 0 0 0 0 0 0 0 0 0 0 0 0 0 0 0 0 0 0 0 0 0 0 0 0 0 0 0 0 0 0 0 0 0 0 0 0 0 0 0 0 0 0 0 0 0 0 0 0 0 0 0 0 0 0 0 0 0 0 0 0 0 0 0 0 0 0 0 0 0 0 0 0 0 0 0 0 0 0 0 0 0 0 0 0 0 0 0 0 0 0 0 0 0 0 0 0 0 0 0 0 0 0 0 0 0 0 0 0 0 0 0 0 0 0 0 0 0 0 0 0 0 0 0 0 0 0 0 0 0 0 0 0 0 0 0 0 0 0 0 0 0 0 0 0 0 0 0 0 0 0 0 0 0 0 0 0 0 0 0 0 0 0 0 0 0 0 0 0 0 0 0 0 0 0 0 0 0 0 0 0 0 0 0 0 0 0 0 0 0 0 0 0 0 0 0 0 0 0 0 0 0 0 0 0 0 0 0 0 0 0 0 0 0 0 0 0 0 0 0 0 0 0 0 0 0 0 0 0 0 0 0 0 0 0 0 0 0 0 0 0 0 0 0 0 0 0 0 0 0 0 0 0 0 0 0 0 0 0 0 0 0 0 0 0 0 0 0 0 0 0 0 0 0 0 0 0 0 0 0 0 0 0 0 0 0 0 0 0 0 0 0 0 0 0 0 0 0 0 0 0 0 0 0 0 0 0 0 0 0 0 0 0 0 0 0 0 0 0 0 0 0 0 0 0 0 0 0 0 0 0 0 0 0 0 0 0 0 0 0 0 0 0 0 0 0 0 0 0 0 0 0 0 0 0 0 0 0 0 0 0 0 0 0 0 0 0 0 0 0 0 0 0 0 0 0 0 0 0 0 0 0 0 0 0 0 0 0 0 0 0 0 0 0 0 0 0 0 0 0 0 0 0 0 0 0 0 0 0 0 0 0 0 0 0 0 0 0 0 0 0 0 0 0 0 0 0 0 0 0 0 0 0 0 0 0 0 0 0 0 0 0 0 0 0 0 0 0 0 0 0 0 0 0 0 0 0 0 0 0 0 0 0 0 0 0 0 0 0 0 0 0 0 0 0 0 0 0 0 0 0 0 0 0 0 0 0 0 0 0 0 0 0 0 0 0 0 0 0 0 0 0 0 0 0 0 0 0 0 0 0 0 0 0 0 0 0 0 0 0 0 0 0 0 0 0 0 0 0 0 0 0 0 0 0 0 0 0 0 0 0 0 0 0 0 0 0 0 0 0 0 0 0 0 0 0 0 0 0 0 0 0 0 0 0 0 0 0 0 0 0 0 0 0 0 0 0 0 0 0 0 0 0 0 0 0 0 0 0 0 0 0 0 0 0 0 0 0 0 0 0 0 0 0 0 0 0 0 0 0 0 0 0 0 0 0 0 0 0 0 0 0 0 0 0 0 0 0 0 0 0 0 0 0 0 0 0 0 0 0 0 0 0 0 0 0 0 0 0 0 0 0 0 0 0 0 0 0 0 0 0 0 0 0 0 0 0 0 0 0 0 0 0 0 0 0 0 0 0 0 0 0 0 0 0 0 0 0 0 0 0 0 0 0 0 0 0 0 0 0 0 0 0 0 0 0 0 0 0 0 0 0 0 0 0 0 0 0 0 0 0 0 0 0 0 0 0 0 0 0 0 0 0 0 0 0 0 0 0 0 0 0 0 0 0 0 0 0 0 0 0 0 0 0 0 0 0 0 0 0 0 0 0 0 0 0 0 0 0 0 0 0 0 0 0 0 0 0 0 0 0 0 0 0 0 0 0 0 0 0 0 0 0 0 0 0 0 0 0 0 0 0 0 0 0 0 0 0 0 0 0 0 0 0 0 0 0 0 0 0 0 0 0 0 0 0 0 0 0 0 0 0 0 0 0 0 0 0 0 0 0 0 0 0 0 0 0 0 0 0 0 0 0 0 0 0 0 0 0 0 0 0 0 0 0 0 0 0 0 0 0 0 0 0 0 0 0 0 0 0 0 0 0 0 0 0 0 0 0 0 0 0 0 0 0 0 0 0 0 0 0 0 0 0 0 0 0 0 0 0 0 0 0 0 0 0 0 0 0 0 0 0 0 0 0 0 0 0 0 0 0 0 0 0 0 0 0 0 0 0 0 0 0 0 0 0 0 0 0 0 0 0 0 0 0 0 0 0 0 0 0 0 0 0 0 0 0 0 0 0 0 0 0 0 0 0 0 0 0 0 0 0 0 0 0 0 0 0 0 0 0 0 0 0 0 0 0 0 0 0 0 0 0 0 0 0
ctxt 3728820876
btime 1783935075
processes 5333011
procs_running 1
procs_blocked 0
softirq 2823382398 204 316077623 1628729 892860352 32768 0 7322688 906164414 256531 699039089

/proc/meminfo
MemTotal:       32273192 kB
MemFree:         4499648 kB
MemAvailable:   27977260 kB
Buffers:               0 kB
Cached:         21109556 kB
SwapCached:        21660 kB
Active:         22586472 kB
Inactive:         393084 kB
Active(anon):    2070464 kB
Inactive(anon):   134240 kB
Active(file):   20516008 kB
Inactive(file):   258844 kB
Unevictable:           0 kB
Mlocked:               0 kB
SwapTotal:      67108860 kB
SwapFree:       63594748 kB
Zswap:                 0 kB
Zswapped:              0 kB
Dirty:                20 kB
Writeback:             0 kB
AnonPages:       1823272 kB
Mapped:           382396 kB
Shmem:            335944 kB
KReclaimable:    3180172 kB
Slab:            3807248 kB
SReclaimable:    3180172 kB
SUnreclaim:       627076 kB
KernelStack:       34160 kB
PageTables:        33784 kB
SecPageTables:      4112 kB
NFS_Unstable:          0 kB
Bounce:                0 kB
WritebackTmp:          0 kB
CommitLimit:    83245456 kB
Committed_AS:   12049100 kB
VmallocTotal:   34359738367 kB
VmallocUsed:      229660 kB
VmallocChunk:          0 kB
Percpu:            21216 kB
HardwareCorrupted:     0 kB
AnonHugePages:   1052672 kB
ShmemHugePages:        0 kB
ShmemPmdMapped:        0 kB
FileHugePages:         0 kB
FilePmdMapped:         0 kB
CmaTotal:              0 kB
CmaFree:               0 kB
Unaccepted:            0 kB
HugePages_Total:       0
HugePages_Free:        0
HugePages_Rsvd:        0
HugePages_Surp:        0
Hugepagesize:       2048 kB
Hugetlb:               0 kB
DirectMap4k:      389980 kB
DirectMap2M:     5574656 kB
DirectMap1G:    27262976 kB

/sys/devices/system/cpu/cpu2/cpufreq/scaling_cur_freq 1200000

/sys/devices/system/cpu/cpu3/cpufreq/scaling_cur_freq 1200000

/sys/devices/system/cpu/cpu4/cpufreq/scaling_cur_freq 1200000

/sys/devices/system/cpu/cpu5/cpufreq/scaling_cur_freq 1197283

/sys/devices/system/cpu/cpu6/cpufreq/scaling_cur_freq 1200000

/sys/devices/system/cpu/cpu7/cpufreq/scaling_cur_freq 1200000

/sys/devices/system/cpu/cpu8/cpufreq/scaling_cur_freq 1200000

/sys/devices/system/cpu/cpu9/cpufreq/scaling_cur_freq 1200000

