unix_ns 1788872538744953876
/proc/loadavg
1.33 1.26 1.21 1/2104 3

/proc/stat
cpu  115934262 83897 3611131 11541504402 184937461 870011 1376509 0 0 0
cpu0 41116774 44 83134 448296461 3973516 71850 139147 0 0 0
cpu1 6996708 37155 719020 460821358 24655788 113560 154653 0 0 0
cpu2 5009973 303 157398 475244304 13210677 38539 27108 0 0 0
cpu3 4616302 97 85982 480259162 8702065 25245 14940 0 0 0
cpu4 5019537 1299 228227 471878756 16402590 49657 42930 0 0 0
cpu5 4962755 55 84571 480360634 8247681 27592 14739 0 0 0
cpu6 4818019 70 61113 484225422 4565101 22322 22774 0 0 0
cpu7 10192102 22039 630895 460799339 21779825 101851 70675 0 0 0
cpu8 4962667 125 110708 478661860 9881734 37314 36183 0 0 0
cpu9 4862816 55 66289 483831904 4909609 23399 16965 0 0 0
cpu10 4854691 38 62950 485399114 3306318 23765 70664 0 0 0
cpu11 4600403 519 193466 477019023 11672133 54758 95181 0 0 0
cpu12 1604636 15 45468 487691225 4340929 13619 19380 0 0 0
cpu13 2027308 10613 343175 484135216 7078584 32326 21948 0 0 0
cpu14 692930 221 51835 487913877 5012662 13204 12676 0 0 0
cpu15 925993 56 43117 488768452 3971960 9315 7120 0 0 0
cpu16 945602 283 51137 489446004 3264683 9572 5922 0 0 0
cpu17 569204 93 52564 489653150 3238041 42187 146993 0 0 0
cpu18 692389 30 57259 489404259 3440568 22292 99508 0 0 0
cpu19 3315861 10053 247632 482424852 7560033 46358 38375 0 0 0
cpu20 600036 202 52769 488199647 4708929 32860 55647 0 0 0
cpu21 646337 131 73923 488678172 4003777 39343 249283 0 0 0
cpu22 636826 69 56758 489707301 3305013 8943 7930 0 0 0
cpu23 1264380 320 51731 488684899 3705235 10130 5755 0 0 0
intr 3708332422 22 0 0 0 0 0 0 0 0 0 0 0 0 0 0 0 8 0 0 0 0 0 0 0 0 0 0 0 1 0 1 1 1 1 0 0 0 0 37 0 0 0 0 0 0 0 0 0 0 0 0 0 0 0 0 0 0 0 0 0 0 0 0 0 2865 1 165535685 157971453 162416992 381985244 61824 649506 103568 70269 165985 144640 50321 462451 79641 48240 33143 115748 39275 214693 54533 42616 52656 36791 39573 508230 130764 64684 38072 37839 29654 0 0 0 0 0 0 2 0 2 2 2 2 2 2 35 2 207 2 0 0 0 0 0 0 0 0 0 0 0 0 0 0 0 0 0 0 0 0 0 0 0 0 0 0 0 0 0 0 0 0 0 0 0 0 0 0 0 0 0 0 0 0 0 0 0 0 0 0 0 0 0 0 0 0 0 0 0 0 0 0 0 0 0 0 0 0 0 0 0 0 0 0 0 0 0 0 0 0 0 0 0 0 0 0 0 0 0 0 0 0 0 0 0 0 0 0 0 0 0 0 0 0 0 0 0 0 0 0 0 0 0 0 0 0 0 0 0 0 0 0 0 0 0 0 0 0 0 0 0 0 0 0 0 0 0 0 0 0 0 0 0 0 0 0 0 0 0 0 0 0 0 0 0 0 0 0 0 0 0 0 0 0 0 0 0 0 0 0 0 0 0 0 0 0 0 0 0 0 0 0 0 0 0 0 0 0 0 0 0 0 0 0 0 0 0 0 0 0 0 0 0 0 0 0 0 0 0 0 0 0 0 0 0 0 0 0 0 0 0 0 0 0 0 0 0 0 0 0 0 0 0 0 0 0 0 0 0 0 0 0 0 0 0 0 0 0 0 0 0 0 0 0 0 0 0 0 0 0 0 0 0 0 0 0 0 0 0 0 0 0 0 0 0 0 0 0 0 0 0 0 0 0 0 0 0 0 0 0 0 0 0 0 0 0 0 0 0 0 0 0 0 0 0 0 0 0 0 0 0 0 0 0 0 0 0 0 0 0 0 0 0 0 0 0 0 0 0 0 0 0 0 0 0 0 0 0 0 0 0 0 0 0 0 0 0 0 0 0 0 0 0 0 0 0 0 0 0 0 0 0 0 0 0 0 0 0 0 0 0 0 0 0 0 0 0 0 0 0 0 0 0 0 0 0 0 0 0 0 0 0 0 0 0 0 0 0 0 0 0 0 0 0 0 0 0 0 0 0 0 0 0 0 0 0 0 0 0 0 0 0 0 0 0 0 0 0 0 0 0 0 0 0 0 0 0 0 0 0 0 0 0 0 0 0 0 0 0 0 0 0 0 0 0 0 0 0 0 0 0 0 0 0 0 0 0 0 0 0 0 0 0 0 0 0 0 0 0 0 0 0 0 0 0 0 0 0 0 0 0 0 0 0 0 0 0 0 0 0 0 0 0 0 0 0 0 0 0 0 0 0 0 0 0 0 0 0 0 0 0 0 0 0 0 0 0 0 0 0 0 0 0 0 0 0 0 0 0 0 0 0 0 0 0 0 0 0 0 0 0 0 0 0 0 0 0 0 0 0 0 0 0 0 0 0 0 0 0 0 0 0 0 0 0 0 0 0 0 0 0 0 0 0 0 0 0 0 0 0 0 0 0 0 0 0 0 0 0 0 0 0 0 0 0 0 0 0 0 0 0 0 0 0 0 0 0 0 0 0 0 0 0 0 0 0 0 0 0 0 0 0 0 0 0 0 0 0 0 0 0 0 0 0 0 0 0 0 0 0 0 0 0 0 0 0 0 0 0 0 0 0 0 0 0 0 0 0 0 0 0 0 0 0 0 0 0 0 0 0 0 0 0 0 0 0 0 0 0 0 0 0 0 0 0 0 0 0 0 0 0 0 0 0 0 0 0 0 0 0 0 0 0 0 0 0 0 0 0 0 0 0 0 0 0 0 0 0 0 0 0 0 0 0 0 0 0 0 0 0 0 0 0 0 0 0 0 0 0 0 0 0 0 0 0 0 0 0 0 0 0 0 0 0 0 0 0 0 0 0 0 0 0 0 0 0 0 0 0 0 0 0 0 0 0 0 0 0 0 0 0 0 0 0 0 0 0 0 0 0 0 0 0 0 0 0 0 0 0 0 0 0 0 0 0 0 0 0 0 0 0 0 0 0 0 0 0 0 0 0 0 0 0 0 0 0 0 0 0 0 0 0 0 0 0 0 0 0 0 0 0 0 0 0 0 0 0 0 0 0 0 0 0 0 0 0 0 0 0 0 0 0 0 0 0 0 0 0 0 0 0 0 0 0 0 0 0 0 0 0 0 0 0 0 0 0 0 0 0 0 0 0 0 0 0 0 0 0 0 0 0 0 0 0 0 0 0 0 0 0 0 0 0 0 0 0 0 0 0 0 0 0 0 0 0 0 0 0 0 0 0 0 0 0 0 0 0 0 0 0 0 0 0 0 0 0 0 0 0 0 0 0 0 0 0 0 0 0 0 0 0 0 0 0 0 0 0 0 0 0 0 0 0 0 0 0 0 0 0 0 0 0 0 0 0 0 0 0 0 0 0 0 0 0 0 0 0 0 0 0 0 0 0 0 0 0 0 0 0 0 0 0 0 0 0 0 0 0 0 0 0 0 0 0 0 0 0 0 0 0 0 0 0 0 0 0 0
ctxt 3728811327
btime 1783935075
processes 5332995
procs_running 1
procs_blocked 0
softirq 2823373324 204 316076964 1628705 892858171 32768 0 7322556 906159943 256531 699037482

/proc/meminfo
MemTotal:       32273192 kB
MemFree:         4510672 kB
MemAvailable:   27984780 kB
Buffers:               0 kB
Cached:         21106052 kB
SwapCached:        21660 kB
Active:         22567864 kB
Inactive:         393084 kB
Active(anon):    2055360 kB
Inactive(anon):   134240 kB
Active(file):   20512504 kB
Inactive(file):   258844 kB
Unevictable:           0 kB
Mlocked:               0 kB
SwapTotal:      67108860 kB
SwapFree:       63594748 kB
Zswap:                 0 kB
Zswapped:              0 kB
Dirty:                52 kB
Writeback:             0 kB
AnonPages:       1808176 kB
Mapped:           382088 kB
Shmem:            335944 kB
KReclaimable:    3180172 kB
Slab:            3807044 kB
SReclaimable:    3180172 kB
SUnreclaim:       626872 kB
KernelStack:       34032 kB
PageTables:        33784 kB
SecPageTables:      4112 kB
NFS_Unstable:          0 kB
Bounce:                0 kB
WritebackTmp:          0 kB
CommitLimit:    83245456 kB
Committed_AS:   12003860 kB
VmallocTotal:   34359738367 kB
VmallocUsed:      229644 kB
VmallocChunk:          0 kB
Percpu:            21216 kB
HardwareCorrupted:     0 kB
AnonHugePages:   1052672 kB
ShmemHugePages:        0 kB
ShmemPmdMapped:        0 kB
FileHugePages:         0 kB
FilePmdMapped:         0 kB
CmaTotal:              0 kB
CmaFree:               0 kB
Unaccepted:            0 kB
HugePages_Total:       0
HugePages_Free:        0
HugePages_Rsvd:        0
HugePages_Surp:        0
Hugepagesize:       2048 kB
Hugetlb:               0 kB
DirectMap4k:      389980 kB
DirectMap2M:     5574656 kB
DirectMap1G:    27262976 kB

/sys/devices/system/cpu/cpu2/cpufreq/scaling_cur_freq 1200000

/sys/devices/system/cpu/cpu3/cpufreq/scaling_cur_freq 1200000

/sys/devices/system/cpu/cpu4/cpufreq/scaling_cur_freq 1200239

/sys/devices/system/cpu/cpu5/cpufreq/scaling_cur_freq 1199923

/sys/devices/system/cpu/cpu6/cpufreq/scaling_cur_freq 1200000

/sys/devices/system/cpu/cpu7/cpufreq/scaling_cur_freq 1748989

/sys/devices/system/cpu/cpu8/cpufreq/scaling_cur_freq 1200000

/sys/devices/system/cpu/cpu9/cpufreq/scaling_cur_freq 1200000

