unix_ns 1788872546062888317
/proc/loadavg
1.63 1.32 1.23 1/2112 18

/proc/stat
cpu  115935716 83897 3611187 11541520397 184937506 870015 1376514 0 0 0
cpu0 41117075 44 83183 448296803 3973553 71850 139149 0 0 0
cpu1 6996709 37155 719020 460822084 24655790 113560 154654 0 0 0
cpu2 5010277 303 157399 475244731 13210677 38540 27108 0 0 0
cpu3 4616531 97 85982 480259664 8702065 25246 14940 0 0 0
cpu4 5019693 1299 228228 471879330 16402591 49657 42930 0 0 0
cpu5 4962907 55 84571 480361212 8247681 27592 14739 0 0 0
cpu6 4818098 70 61114 484226073 4565101 22322 22774 0 0 0
cpu7 10192180 22039 630896 460799991 21779825 101851 70675 0 0 0
cpu8 4962743 125 110709 478662514 9881734 37314 36183 0 0 0
cpu9 4862893 55 66289 483832559 4909609 23399 16965 0 0 0
cpu10 4854691 38 62950 485399846 3306318 23765 70664 0 0 0
cpu11 4600404 519 193466 477019754 11672133 54758 95181 0 0 0
cpu12 1604636 15 45468 487691957 4340929 13619 19380 0 0 0
cpu13 2027309 10613 343176 484135941 7078590 32326 21948 0 0 0
cpu14 692930 221 51835 487914608 5012662 13204 12676 0 0 0
cpu15 925993 56 43117 488769184 3971960 9315 7120 0 0 0
cpu16 945602 283 51138 489446735 3264683 9572 5922 0 0 0
cpu17 569204 93 52564 489653882 3238041 42187 146993 0 0 0
cpu18 692389 30 57259 489404991 3440568 22292 99508 0 0 0
cpu19 3315861 10053 247633 482425583 7560033 46358 38375 0 0 0
cpu20 600036 202 52769 488200379 4708929 32860 55647 0 0 0
cpu21 646337 131 73923 488678903 4003777 39343 249284 0 0 0
cpu22 636826 69 56758 489708032 3305013 8943 7930 0 0 0
cpu23 1264380 320 51731 488685631 3705235 10130 5755 0 0 0
intr 3708353970 22 0 0 0 0 0 0 0 0 0 0 0 0 0 0 0 8 0 0 0 0 0 0 0 0 0 0 0 1 0 1 1 1 1 0 0 0 0 37 0 0 0 0 0 0 0 0 0 0 0 0 0 0 0 0 0 0 0 0 0 0 0 0 0 2865 1 165536259 157971574 162417541 381986237 61824 649520 103569 70269 165986 144642 50321 462452 79641 48240 33143 115748 39277 214694 54533 42616 52656 36791 39573 508232 130764 64701 38073 37839 29654 0 0 0 0 0 0 2 0 2 2 2 2 2 2 35 2 207 2 0 0 0 0 0 0 0 0 0 0 0 0 0 0 0 0 0 0 0 0 0 0 0 0 0 0 0 0 0 0 0 0 0 0 0 0 0 0 0 0 0 0 0 0 0 0 0 0 0 0 0 0 0 0 0 0 0 0 0 0 0 0 0 0 0 0 0 0 0 0 0 0 0 0 0 0 0 0 0 0 0 0 0 0 0 0 0 0 0 0 0 0 0 0 0 0 0 0 0 0 0 0 0 0 0 0 0 0 0 0 0 0 0 0 0 0 0 0 0 0 0 0 0 0 0 0 0 0 0 0 0 0 0 0 0 0 0 0 0 0 0 0 0 0 0 0 0 0 0 0 0 0 0 0 0 0 0 0 0 0 0 0 0 0 0 0 0 0 0 0 0 0 0 0 0 0 0 0 0 0 0 0 0 0 0 0 0 0 0 0 0 0 0 0 0 0 0 0 0 0 0 0 0 0 0 0 0 0 0 0 0 0 0 0 0 0 0 0 0 0 0 0 0 0 0 0 0 0 0 0 0 0 0 0 0 0 0 0 0 0 0 0 0 0 0 0 0 0 0 0 0 0 0 0 0 0 0 0 0 0 0 0 0 0 0 0 0 0 0 0 0 0 0 0 0 0 0 0 0 0 0 0 0 0 0 0 0 0 0 0 0 0 0 0 0 0 0 0 0 0 0 0 0 0 0 0 0 0 0 0 0 0 0 0 0 0 0 0 0 0 0 0 0 0 0 0 0 0 0 0 0 0 0 0 0 0 0 0 0 0 0 0 0 0 0 0 0 0 0 0 0 0 0 0 0 0 0 0 0 0 0 0 0 0 0 0 0 0 0 0 0 0 0 0 0 0 0 0 0 0 0 0 0 0 0 0 0 0 0 0 0 0 0 0 0 0 0 0 0 0 0 0 0 0 0 0 0 0 0 0 0 0 0 0 0 0 0 0 0 0 0 0 0 0 0 0 0 0 0 0 0 0 0 0 0 0 0 0 0 0 0 0 0 0 0 0 0 0 0 0 0 0 0 0 0 0 0 0 0 0 0 0 0 0 0 0 0 0 0 0 0 0 0 0 0 0 0 0 0 0 0 0 0 0 0 0 0 0 0 0 0 0 0 0 0 0 0 0 0 0 0 0 0 0 0 0 0 0 0 0 0 0 0 0 0 0 0 0 0 0 0 0 0 0 0 0 0 0 0 0 0 0 0 0 0 0 0 0 0 0 0 0 0 0 0 0 0 0 0 0 0 0 0 0 0 0 0 0 0 0 0 0 0 0 0 0 0 0 0 0 0 0 0 0 0 0 0 0 0 0 0 0 0 0 0 0 0 0 0 0 0 0 0 0 0 0 0 0 0 0 0 0 0 0 0 0 0 0 0 0 0 0 0 0 0 0 0 0 0 0 0 0 0 0 0 0 0 0 0 0 0 0 0 0 0 0 0 0 0 0 0 0 0 0 0 0 0 0 0 0 0 0 0 0 0 0 0 0 0 0 0 0 0 0 0 0 0 0 0 0 0 0 0 0 0 0 0 0 0 0 0 0 0 0 0 0 0 0 0 0 0 0 0 0 0 0 0 0 0 0 0 0 0 0 0 0 0 0 0 0 0 0 0 0 0 0 0 0 0 0 0 0 0 0 0 0 0 0 0 0 0 0 0 0 0 0 0 0 0 0 0 0 0 0 0 0 0 0 0 0 0 0 0 0 0 0 0 0 0 0 0 0 0 0 0 0 0 0 0 0 0 0 0 0 0 0 0 0 0 0 0 0 0 0 0 0 0 0 0 0 0 0 0 0 0 0 0 0 0 0 0 0 0 0 0 0 0 0 0 0 0 0 0 0 0 0 0 0 0 0 0 0 0 0 0 0 0 0 0 0 0 0 0 0 0 0 0 0 0 0 0 0 0 0 0 0 0 0 0 0 0 0 0 0 0 0 0 0 0 0 0 0 0 0 0 0 0 0 0 0 0 0 0 0 0 0 0 0 0 0 0 0 0 0 0 0 0 0 0 0 0 0 0 0 0 0 0 0 0 0 0 0 0 0 0 0 0 0 0 0 0 0 0 0 0 0 0 0 0 0 0 0 0 0 0 0 0 0 0 0 0 0 0 0 0 0 0 0 0 0 0 0 0 0 0 0 0 0 0 0 0 0 0 0 0 0 0 0 0 0 0 0 0 0 0 0 0 0 0 0 0 0 0 0 0 0 0 0 0 0 0 0 0 0 0 0 0 0 0 0 0 0 0 0 0 0 0 0 0 0 0 0 0 0 0 0 0 0 0 0 0 0 0 0 0 0 0 0 0 0 0 0 0 0 0 0 0 0 0 0 0 0 0 0 0 0 0 0 0 0 0 0 0 0 0 0 0
ctxt 3728821867
btime 1783935075
processes 5333019
procs_running 1
procs_blocked 0
softirq 2823383540 204 316077698 1628729 892860440 32768 0 7322690 906164964 256531 699039516

/proc/meminfo
MemTotal:       32273192 kB
MemFree:         4489352 kB
MemAvailable:   27967004 kB
Buffers:               0 kB
Cached:         21109564 kB
SwapCached:        21660 kB
Active:         22600448 kB
Inactive:         393084 kB
Active(anon):    2084400 kB
Inactive(anon):   134240 kB
Active(file):   20516048 kB
Inactive(file):   258844 kB
Unevictable:           0 kB
Mlocked:               0 kB
SwapTotal:      67108860 kB
SwapFree:       63594748 kB
Zswap:                 0 kB
Zswapped:              0 kB
Dirty:                20 kB
Writeback:             0 kB
AnonPages:       1837224 kB
Mapped:           382396 kB
Shmem:            335944 kB
KReclaimable:    3180172 kB
Slab:            3807248 kB
SReclaimable:    3180172 kB
SUnreclaim:       627076 kB
KernelStack:       34288 kB
PageTables:        33832 kB
SecPageTables:      4112 kB
NFS_Unstable:          0 kB
Bounce:                0 kB
WritebackTmp:          0 kB
CommitLimit:    83245456 kB
Committed_AS:   12063020 kB
VmallocTotal:   34359738367 kB
VmallocUsed:      229788 kB
VmallocChunk:          0 kB
Percpu:            21216 kB
HardwareCorrupted:     0 kB
AnonHugePages:   1052672 kB
ShmemHugePages:        0 kB
ShmemPmdMapped:        0 kB
FileHugePages:         0 kB
FilePmdMapped:         0 kB
CmaTotal:              0 kB
CmaFree:               0 kB
Unaccepted:            0 kB
HugePages_Total:       0
HugePages_Free:        0
HugePages_Rsvd:        0
HugePages_Surp:        0
Hugepagesize:       2048 kB
Hugetlb:               0 kB
DirectMap4k:      389980 kB
DirectMap2M:     5574656 kB
DirectMap1G:    27262976 kB

/sys/devices/system/cpu/cpu2/cpufreq/scaling_cur_freq 1197557

/sys/devices/system/cpu/cpu3/cpufreq/scaling_cur_freq 1203601

/sys/devices/system/cpu/cpu4/cpufreq/scaling_cur_freq 1198586

/sys/devices/system/cpu/cpu5/cpufreq/scaling_cur_freq 1200175

/sys/devices/system/cpu/cpu6/cpufreq/scaling_cur_freq 1199925

/sys/devices/system/cpu/cpu7/cpufreq/scaling_cur_freq 1199924

/sys/devices/system/cpu/cpu8/cpufreq/scaling_cur_freq 1201000

/sys/devices/system/cpu/cpu9/cpufreq/scaling_cur_freq 1198064

