unix_ns 1788872541560566610
/proc/loadavg
1.33 1.26 1.21 1/2112 6

/proc/stat
cpu  115934598 83897 3611150 11541510786 184937475 870012 1376511 0 0 0
cpu0 41116875 44 83149 448296618 3973523 71850 139148 0 0 0
cpu1 6996709 37155 719020 460821635 24655790 113560 154653 0 0 0
cpu2 5010125 303 157398 475244433 13210677 38539 27108 0 0 0
cpu3 4616379 97 85982 480259366 8702065 25246 14940 0 0 0
cpu4 5019539 1299 228228 471879035 16402591 49657 42930 0 0 0
cpu5 4962755 55 84571 480360914 8247681 27592 14739 0 0 0
cpu6 4818021 70 61113 484225701 4565101 22322 22774 0 0 0
cpu7 10192102 22039 630895 460799619 21779825 101851 70675 0 0 0
cpu8 4962667 125 110709 478662141 9881734 37314 36183 0 0 0
cpu9 4862816 55 66289 483832185 4909609 23399 16965 0 0 0
cpu10 4854691 38 62950 485399396 3306318 23765 70664 0 0 0
cpu11 4600403 519 193466 477019304 11672133 54758 95181 0 0 0
cpu12 1604636 15 45468 487691507 4340929 13619 19380 0 0 0
cpu13 2027309 10613 343176 484135491 7078590 32326 21948 0 0 0
cpu14 692930 221 51835 487914158 5012662 13204 12676 0 0 0
cpu15 925993 56 43117 488768734 3971960 9315 7120 0 0 0
cpu16 945602 283 51138 489446285 3264683 9572 5922 0 0 0
cpu17 569204 93 52564 489653432 3238041 42187 146993 0 0 0
cpu18 692389 30 57259 489404541 3440568 22292 99508 0 0 0
cpu19 3315861 10053 247632 482425133 7560033 46358 38375 0 0 0
cpu20 600036 202 52769 488199928 4708929 32860 55647 0 0 0
cpu21 646337 131 73923 488678453 4003777 39343 249284 0 0 0
cpu22 636826 69 56758 489707583 3305013 8943 7930 0 0 0
cpu23 1264380 320 51731 488685181 3705235 10130 5755 0 0 0
intr 3708339483 22 0 0 0 0 0 0 0 0 0 0 0 0 0 0 0 8 0 0 0 0 0 0 0 0 0 0 0 1 0 1 1 1 1 0 0 0 0 37 0 0 0 0 0 0 0 0 0 0 0 0 0 0 0 0 0 0 0 0 0 0 0 0 0 2865 1 165535905 157971569 162417310 381985915 61824 649506 103568 70269 165985 144640 50321 462451 79641 48240 33143 115748 39275 214693 54533 42616 52656 36791 39573 508230 130764 64684 38072 37839 29654 0 0 0 0 0 0 2 0 2 2 2 2 2 2 35 2 207 2 0 0 0 0 0 0 0 0 0 0 0 0 0 0 0 0 0 0 0 0 0 0 0 0 0 0 0 0 0 0 0 0 0 0 0 0 0 0 0 0 0 0 0 0 0 0 0 0 0 0 0 0 0 0 0 0 0 0 0 0 0 0 0 0 0 0 0 0 0 0 0 0 0 0 0 0 0 0 0 0 0 0 0 0 0 0 0 0 0 0 0 0 0 0 0 0 0 0 0 0 0 0 0 0 0 0 0 0 0 0 0 0 0 0 0 0 0 0 0 0 0 0 0 0 0 0 0 0 0 0 0 0 0 0 0 0 0 0 0 0 0 0 0 0 0 0 0 0 0 0 0 0 0 0 0 0 0 0 0 0 0 0 0 0 0 0 0 0 0 0 0 0 0 0 0 0 0 0 0 0 0 0 0 0 0 0 0 0 0 0 0 0 0 0 0 0 0 0 0 0 0 0 0 0 0 0 0 0 0 0 0 0 0 0 0 0 0 0 0 0 0 0 0 0 0 0 0 0 0 0 0 0 0 0 0 0 0 0 0 0 0 0 0 0 0 0 0 0 0 0 0 0 0 0 0 0 0 0 0 0 0 0 0 0 0 0 0 0 0 0 0 0 0 0 0 0 0 0 0 0 0 0 0 0 0 0 0 0 0 0 0 0 0 0 0 0 0 0 0 0 0 0 0 0 0 0 0 0 0 0 0 0 0 0 0 0 0 0 0 0 0 0 0 0 0 0 0 0 0 0 0 0 0 0 0 0 0 0 0 0 0 0 0 0 0 0 0 0 0 0 0 0 0 0 0 0 0 0 0 0 0 0 0 0 0 0 0 0 0 0 0 0 0 0 0 0 0 0 0 0 0 0 0 0 0 0 0 0 0 0 0 0 0 0 0 0 0 0 0 0 0 0 0 0 0 0 0 0 0 0 0 0 0 0 0 0 0 0 0 0 0 0 0 0 0 0 0 0 0 0 0 0 0 0 0 0 0 0 0 0 0 0 0 0 0 0 0 0 0 0 0 0 0 0 0 0 0 0 0 0 0 0 0 0 0 0 0 0 0 0 0 0 0 0 0 0 0 0 0 0 0 0 0 0 0 0 0 0 0 0 0 0 0 0 0 0 0 0 0 0 0 0 0 0 0 0 0 0 0 0 0 0 0 0 0 0 0 0 0 0 0 0 0 0 0 0 0 0 0 0 0 0 0 0 0 0 0 0 0 0 0 0 0 0 0 0 0 0 0 0 0 0 0 0 0 0 0 0 0 0 0 0 0 0 0 0 0 0 0 0 0 0 0 0 0 0 0 0 0 0 0 0 0 0 0 0 0 0 0 0 0 0 0 0 0 0 0 0 0 0 0 0 0 0 0 0 0 0 0 0 0 0 0 0 0 0 0 0 0 0 0 0 0 0 0 0 0 0 0 0 0 0 0 0 0 0 0 0 0 0 0 0 0 0 0 0 0 0 0 0 0 0 0 0 0 0 0 0 0 0 0 0 0 0 0 0 0 0 0 0 0 0 0 0 0 0 0 0 0 0 0 0 0 0 0 0 0 0 0 0 0 0 0 0 0 0 0 0 0 0 0 0 0 0 0 0 0 0 0 0 0 0 0 0 0 0 0 0 0 0 0 0 0 0 0 0 0 0 0 0 0 0 0 0 0 0 0 0 0 0 0 0 0 0 0 0 0 0 0 0 0 0 0 0 0 0 0 0 0 0 0 0 0 0 0 0 0 0 0 0 0 0 0 0 0 0 0 0 0 0 0 0 0 0 0 0 0 0 0 0 0 0 0 0 0 0 0 0 0 0 0 0 0 0 0 0 0 0 0 0 0 0 0 0 0 0 0 0 0 0 0 0 0 0 0 0 0 0 0 0 0 0 0 0 0 0 0 0 0 0 0 0 0 0 0 0 0 0 0 0 0 0 0 0 0 0 0 0 0 0 0 0 0 0 0 0 0 0 0 0 0 0 0 0 0 0 0 0 0 0 0 0 0 0 0 0 0 0 0 0 0 0 0 0 0 0 0 0 0 0 0 0 0 0 0 0 0 0 0 0 0 0 0 0 0 0 0 0 0 0 0 0 0 0 0 0 0 0 0 0 0 0 0 0 0 0 0 0 0 0 0 0 0 0 0 0 0 0 0 0 0 0 0 0 0 0 0 0 0 0 0 0 0 0 0 0 0 0 0 0 0 0 0 0 0 0 0 0 0 0 0 0 0 0 0 0 0 0 0 0 0 0 0 0 0 0 0 0 0 0 0 0 0 0 0 0 0 0 0 0 0 0 0 0 0 0 0 0 0 0 0 0 0 0 0 0 0 0 0 0 0 0 0 0 0 0 0 0 0 0 0 0 0 0 0 0 0
ctxt 3728816803
btime 1783935075
processes 5333007
procs_running 1
procs_blocked 0
softirq 2823378301 204 316077273 1628717 892859523 32768 0 7322639 906162293 256531 699038353

/proc/meminfo
MemTotal:       32273192 kB
MemFree:         4506300 kB
MemAvailable:   27980892 kB
Buffers:               0 kB
Cached:         21106540 kB
SwapCached:        21660 kB
Active:         22575304 kB
Inactive:         393084 kB
Active(anon):    2062316 kB
Inactive(anon):   134240 kB
Active(file):   20512988 kB
Inactive(file):   258844 kB
Unevictable:           0 kB
Mlocked:               0 kB
SwapTotal:      67108860 kB
SwapFree:       63594748 kB
Zswap:                 0 kB
Zswapped:              0 kB
Dirty:               420 kB
Writeback:           252 kB
AnonPages:       1815132 kB
Mapped:           382396 kB
Shmem:            335944 kB
KReclaimable:    3180172 kB
Slab:            3807096 kB
SReclaimable:    3180172 kB
SUnreclaim:       626924 kB
KernelStack:       34096 kB
PageTables:        33748 kB
SecPageTables:      4112 kB
NFS_Unstable:          0 kB
Bounce:                0 kB
WritebackTmp:          0 kB
CommitLimit:    83245456 kB
Committed_AS:   12024796 kB
VmallocTotal:   34359738367 kB
VmallocUsed:      229644 kB
VmallocChunk:          0 kB
Percpu:            21216 kB
HardwareCorrupted:     0 kB
AnonHugePages:   1052672 kB
ShmemHugePages:        0 kB
ShmemPmdMapped:        0 kB
FileHugePages:         0 kB
FilePmdMapped:         0 kB
CmaTotal:              0 kB
CmaFree:               0 kB
Unaccepted:            0 kB
HugePages_Total:       0
HugePages_Free:        0
HugePages_Rsvd:        0
HugePages_Surp:        0
Hugepagesize:       2048 kB
Hugetlb:               0 kB
DirectMap4k:      389980 kB
DirectMap2M:     5574656 kB
DirectMap1G:    27262976 kB

/sys/devices/system/cpu/cpu2/cpufreq/scaling_cur_freq 1202821

/sys/devices/system/cpu/cpu3/cpufreq/scaling_cur_freq 1199788

/sys/devices/system/cpu/cpu4/cpufreq/scaling_cur_freq 2671446

/sys/devices/system/cpu/cpu5/cpufreq/scaling_cur_freq 1200000

/sys/devices/system/cpu/cpu6/cpufreq/scaling_cur_freq 2809832

/sys/devices/system/cpu/cpu7/cpufreq/scaling_cur_freq 1970208

/sys/devices/system/cpu/cpu8/cpufreq/scaling_cur_freq 1200000

/sys/devices/system/cpu/cpu9/cpufreq/scaling_cur_freq 1200000

